730723,20000826,    64,  0,  29,    27,  0,   3
730723,20000826,    95,  0,  27,    88,  0,   7
730723,20000826,   103,  1,  63,   127, -1,  10
730723,20000826,   199,  1,  24,   137, -1,   3
730724,20000827,   212,  0,  29,   156,  0,   5
730728,20000831,     8, -1,  20,   226,  1,  16
730728,20000831,    10, -1,  10,   173,  1,   7
730728,20000831,    15,  1,  35,   235, -1,  21
730728,20000831,    18, -1,  20,   142,  1,   7
730728,20000831,    54, -1,  42,    86,  1,  24
730728,20000831,   108,  1,  63,   175, -1,   7
730728,20000831,   110,  1,  36,   231, -1,  16
730728,20000831,   113,  1,  61,   111, -1,  14
730728,20000831,   129,  1,  42,   168, -1,  20
730728,20000831,   146,  1,  35,   130, -1,  17
730728,20000831,    34,  1,  23,   171, -1,   6
730728,20000831,   232,  1,  19,   224, -1,   7
730730,20000902,     1,  1,  55,    44, -1,   6
730730,20000902,     9, -1,  17,   213,  1,   3
730730,20000902,    11, -1,  40,   127,  1,   7
730730,20000902,    12,  0,  38,   121,  0,   0
730730,20000902,    20, -1,  31,   137,  1,  14
730730,20000902,    27, -1,  38,   219,  1,  35
730730,20000902,    45, -1,  24,   186,  1,  21
730730,20000902,    37,  1,  38,    36, -1,   0
730730,20000902,    40,  0,  28,    39,  0,  24
730730,20000902,    49, -1,  29,   162,  1,   7
730730,20000902,    53, -1,  57,   221,  1,  31
730730,20000902,    58, -1,  38,    52,  1,   0
730730,20000902,    60, -1,  37,   101,  1,  20
730730,20000902,    56,  1,  32,    42, -1,  25
730730,20000902,    62,  1,  40,    17, -1,  19
730730,20000902,    63, -1,  49,    50,  1,  21
730730,20000902,    67,  1,  16,    59, -1,   3
730730,20000902,    71,  1,  29,    68, -1,   7
730730,20000902,    72,  1,  21,   208, -1,  17
730730,20000902,    73,  1,  29,     7, -1,   6
730730,20000902,    77, -1,  10,   123,  1,   9
730730,20000902,    83,  1,  35,   128, -1,   6
730730,20000902,    89,  1,  25,   149, -1,  15
730730,20000902,    90,  0,  34,    80,  0,  16
730730,20000902,    95,  1,  54,   103, -1,  10
730730,20000902,    98, -1,  14,   184,  1,   0
730730,20000902,   105,  1,  58,   222, -1,   0
730730,20000902,   104,  1,  40,    97, -1,  34
730730,20000902,   114, -1,  33,   217,  1,  30
730730,20000902,   115,  1,  42,    22, -1,   7
730730,20000902,   117,  1,  47,   210, -1,  10
730730,20000902,   118,  1,  49,   204, -1,  20
730730,20000902,   119, -1,  17,   112,  1,   3
730730,20000902,   120,  1,  50,   223, -1,  20
730730,20000902,   134,  1,  49,   174, -1,  13
730730,20000902,   136, -1,  31,    74,  1,  17
730730,20000902,   141,  0,  30,   205,  0,   9
730730,20000902,   133,  1,  38,    13, -1,  31
730730,20000902,   147,  1,  31,   182, -1,  14
730730,20000902,   148,  1,  24,   197, -1,  10
730730,20000902,   150,  1,  43,    66, -1,  10
730730,20000902,   151,  1,  55,   215, -1,  14
730730,20000902,   153,  1,  36,   135, -1,   7
730730,20000902,   154,  1,  21,    57, -1,  19
730730,20000902,   157,  1,  30,    96, -1,   7
730730,20000902,   161,  1,  48,    28, -1,   0
730730,20000902,   163,  1,  30,    79, -1,  27
730730,20000902,   164,  1,  10,    24, -1,   7
730730,20000902,   166,  1,  34,   218, -1,  21
730730,20000902,   170, -1,  21,   102,  1,  14
730730,20000902,   179,  1,  31,   138, -1,   0
730730,20000902,   180,  1,  40,    92, -1,   0
730730,20000902,   178,  1,  31,    94, -1,  17
730730,20000902,   188, -1,  24,   228,  1,  10
730730,20000902,   190,  1,  63,    25, -1,   7
730730,20000902,   192, -1,  17,   131,  1,   6
730730,20000902,   193,  1,  19,   181, -1,  16
730730,20000902,   194,  1,  39,     5, -1,  13
730730,20000902,   206,  1,  42,   159, -1,   0
730730,20000902,   199,  1,  38,   214, -1,  16
730730,20000902,   201, -1,  24,   156,  1,   6
730730,20000902,   202, -1,  36,    65,  1,  13
730730,20000902,   203, -1,  28,     4,  1,  13
730730,20000902,   209,  1,  35,     3, -1,  24
730730,20000902,   220,  1,  52,     2, -1,  23
730730,20000902,   227,  1,  44,    81, -1,  20
730730,20000902,   230,  1,  34,    21, -1,  14
730732,20000904,    35,  1,  23,    14, -1,  17
730735,20000907,   207,  1,  20,    34, -1,  15
730735,20000907,   107, -1,  14,   187,  1,   0
730735,20000907,   171,  1,  19,   129, -1,  17
730735,20000907,   220, -1,  45,    58,  1,  28
730737,20000909,     1,  1,  31,    27, -1,  23
730737,20000909,     3,  0,  28,   217,  0,  10
730737,20000909,     5, -1,  35,     7,  1,  28
730737,20000909,    11,  0,  30,   182,  0,  19
730737,20000909,    15, -1,  35,   118,  1,  27
730737,20000909,    19,  0,  24,   140,  0,   6
730737,20000909,    20,  1,  42,   145, -1,  17
730737,20000909,    21, -1,  55,    14,  1,  17
730737,20000909,    44, -1,  19,   198,  1,  13
730737,20000909,    45,  1,  37,    29, -1,  18
730737,20000909,    30,  1,  24,   213, -1,  21
730737,20000909,   208,  1,  19,   147, -1,   7
730737,20000909,    28,  1,  17,     2, -1,   7
730737,20000909,    35,  1,  12,   190, -1,  10
730737,20000909,    37,  1,  62,   120, -1,   9
730737,20000909,    40,  1,  41,    60, -1,   7
730737,20000909,    42,  1,  37,    38, -1,   7
730737,20000909,    47,  1,  36,    91, -1,   7
730737,20000909,    49,  1,  38,    36, -1,   0
730737,20000909,    53, -1,  30,    98,  1,   7
730737,20000909,    55, -1,  34,    86,  1,  10
730737,20000909,    59,  1,  45,    50, -1,   6
730737,20000909,    62,  1,  55,   128, -1,   0
730737,20000909,    63,  1,  56,   126, -1,  25
730737,20000909,    64, -1,  26,    72,  1,  21
730737,20000909,    65,  1,  34,    61, -1,   7
730737,20000909,    74,  0,  26,    80,  0,  24
730737,20000909,    77, -1,  51,   106,  1,  30
730737,20000909,    78, -1,  38,    70,  1,  22
730737,20000909,    83, -1,  49,   173,  1,  13
730737,20000909,    87,  1,  55,    31, -1,   2
730737,20000909,    89,  1,  37,   211, -1,  22
730737,20000909,    92, -1,  10,   139,  1,   3
730737,20000909,    93,  1,  38,   101, -1,   7
730737,20000909,    97,  1,  27,   180, -1,   9
730737,20000909,   100, -1,  34,   234,  1,  14
730737,20000909,   105,  1,  28,    79, -1,  13
730737,20000909,   104,  1,  52,    73, -1,   0
730737,20000909,   109,  1,  17,   192, -1,  10
730737,20000909,   111, -1,  41,   159,  1,   0
730737,20000909,   112,  1,  28,   210, -1,   0
730737,20000909,   114, -1,  34,    56,  1,  17
730737,20000909,   115,  1,  38,   163, -1,   7
730737,20000909,   116,  1,  34,   108, -1,  24
730737,20000909,   123,  0,  45,    81,  0,  38
730737,20000909,   125,  1,  46,    26, -1,  43
730737,20000909,   134, -1,  27,   148,  1,  24
730737,20000909,   136,  1,  13,   162, -1,  12
730737,20000909,   141, -1,  35,   226,  1,  14
730737,20000909,   132,  0,  16,   194,  0,  14
730737,20000909,   133, -1,  41,    85,  1,  38
730737,20000909,   143,  1,  63,     6, -1,  14
730737,20000909,   130,  1,  52,    84, -1,   0
730737,20000909,   146,  1,  38,    52, -1,   5
730737,20000909,   149, -1,  23,   117,  1,  17
730737,20000909,   150, -1,  27,     9,  1,  17
730737,20000909,   151,  1,  45,    13, -1,   7
730737,20000909,   152, -1,  36,   205,  1,  26
730737,20000909,   154, -1,  28,   137,  1,  20
730737,20000909,   156,  1,  67,   103, -1,   7
730737,20000909,   157, -1,  34,    22,  1,  16
730737,20000909,   158, -1,  45,    76,  1,  20
730737,20000909,   161,  1,  45,    96, -1,  10
730737,20000909,   166,  1,  59,    25, -1,   0
730737,20000909,   174, -1,  40,   188,  1,  27
730737,20000909,   179,  1,  21,    71, -1,  10
730737,20000909,   175, -1,  34,   168,  1,  33
730737,20000909,   212,  1,  17,    39, -1,  14
730737,20000909,   185, -1,  23,   184,  1,   0
730737,20000909,   196,  1,  52,   102, -1,  10
730737,20000909,   197,  1,  51,   235, -1,   3
730737,20000909,   191, -1,  41,   135,  1,  10
730737,20000909,   206, -1,  19,    90,  1,  15
730737,20000909,   199,  1,  13,   142, -1,   7
730737,20000909,   215,  1,  37,   178, -1,  20
730737,20000909,   201,  1,  51,   229, -1,   0
730737,20000909,   202, -1,  42,    99,  1,  20
730737,20000909,   203, -1,  34,     8,  1,  28
730737,20000909,   209,  1,  24,    66, -1,  21
730737,20000909,   214,  1,  30,   183, -1,  14
730737,20000909,   219,  1,  34,   164, -1,   6
730737,20000909,   225,  1,  14,   122, -1,   7
730737,20000909,   227,  1,  34,   113, -1,  29
730737,20000909,   223, -1,  24,    17,  1,  14
730737,20000909,   233,  1,  71,   200, -1,   0
730737,20000909,   224, -1,  27,    88,  1,  21
730737,20000909,   231,  1,  55,   221, -1,  15
730737,20000909,   232,  1,  27,   153, -1,  23
730742,20000914,   119, -1,  44,    27,  1,  28
730742,20000914,   171,  1,  49,   200, -1,  17
730744,20000916,     2,  1,  35,   208, -1,  24
730744,20000916,     9,  1,  17,   173, -1,   3
730744,20000916,    10,  1,  13,    40, -1,  10
730744,20000916,    12,  0,  38,    20,  0,  31
730744,20000916,    15,  1,  34,   105, -1,  17
730744,20000916,    23,  1,  36,   172, -1,  20
730744,20000916,    24,  1,  38,    43, -1,  15
730744,20000916,    26,  1,  41,   184, -1,   7
730744,20000916,    36,  1,  17,   222, -1,  10
730744,20000916,    37,  1,  55,   226, -1,   7
730744,20000916,    38, -1,  42,    46,  1,  24
730744,20000916,    41,  1,  43,    65, -1,  26
730744,20000916,    42, -1,  24,    25,  1,  21
730744,20000916,    49, -1,  44,    77,  1,  14
730744,20000916,    53,  1,  21,    61, -1,  20
730744,20000916,    58,  1,  37,   204, -1,  17
730744,20000916,    60,  1,  38,   221, -1,   3
730744,20000916,    57,  1,  38,    82, -1,   7
730744,20000916,    62, -1,  27,   193,  1,  23
730744,20000916,    63,  0,  64,   167,  0,   9
730744,20000916,    64,  1,  63,   141, -1,  14
730744,20000916,    67,  1,  34,   231, -1,  10
730744,20000916,    70, -1,  28,   225,  1,  21
730744,20000916,    68,  1,  24,   234, -1,  17
730744,20000916,    72,  1,  40,   131, -1,  13
730744,20000916,    73, -1,  17,     4,  1,  14
730744,20000916,    78, -1,  27,    75,  1,  25
730744,20000916,    79,  1,  31,    14, -1,  30
730744,20000916,    83,  1,  17,    30, -1,  15
730744,20000916,    89, -1,  24,    88,  1,  14
730744,20000916,    90,  0,  42,   194,  0,  39
730744,20000916,    94,  1,  23,   207, -1,  20
730744,20000916,    95,  1,  76,    17, -1,   0
730744,20000916,    97,  1,  41,    85, -1,  34
730744,20000916,    98, -1,  29,    87,  1,  22
730744,20000916,    99,  1,  24,   160, -1,  17
730744,20000916,   100,  1,  17,   155, -1,  10
730744,20000916,   101,  1,  19,    69, -1,   8
730744,20000916,   106,  1,  38,    80, -1,  21
730744,20000916,   111,  1,  26,   121, -1,  19
730744,20000916,   112, -1,  19,    13,  1,  17
730744,20000916,   116, -1,  13,   120,  1,  10
730744,20000916,   128,  1,  44,   129, -1,  28
730744,20000916,   117, -1,  34,    18,  1,   9
730744,20000916,   118, -1,  12,   217,  1,   7
730744,20000916,   123,  1,  53,    29, -1,   3
730744,20000916,   211,  1,  38,   142, -1,   0
730744,20000916,   136,  1,  24,   143, -1,   7
730744,20000916,   137, -1,  16,   138,  1,  13
730744,20000916,   133,  1,  41,   178, -1,   0
730744,20000916,   210,  1,  27,   139, -1,  21
730744,20000916,   144, -1,  49,    44,  1,  26
730744,20000916,   148,  1,  23,   161, -1,  21
730744,20000916,   149,  1,  52,   195, -1,  14
730744,20000916,   150,  1,  27,   114, -1,  16
730744,20000916,   152,  1,  23,   198, -1,   0
730744,20000916,   153,  1,  42,    81, -1,  13
730744,20000916,   157,  1,  12,   156, -1,   0
730744,20000916,   158, -1,  35,    45,  1,  23
730744,20000916,   164,  1,  31,   110, -1,  24
730744,20000916,   165,  1,  23,   122, -1,   7
730744,20000916,   169,  1,  34,    32, -1,   6
730744,20000916,   174,  1,  47,   183, -1,   7
730744,20000916,   179,  1,  41,    56, -1,   6
730744,20000916,   180,  1,  26,    93, -1,   7
730744,20000916,   175,  1,  28,    84, -1,  25
730744,20000916,   168,  1,  34,   145, -1,  14
730744,20000916,   181,  0,  21,     3,  0,   0
730744,20000916,   182, -1,  56,   159,  1,   6
730744,20000916,   185, -1,  28,   189,  1,   6
730744,20000916,   187, -1,  13,    31,  1,   0
730744,20000916,   188,  1,  27,   196, -1,  24
730744,20000916,   176, -1,  34,   103,  1,  31
730744,20000916,   192,  1,  31,    22, -1,  14
730744,20000916,    34,  1,  72,   127, -1,  17
730744,20000916,   197,  1,  45,   215, -1,  17
730744,20000916,   191,  1,  41,   146, -1,  14
730744,20000916,   199,  1,  26,   102, -1,   0
730744,20000916,   201,  1,  31,    54, -1,  26
730744,20000916,   202,  1,  31,   126, -1,   7
730744,20000916,   203,  1,  62,     5, -1,  19
730744,20000916,   205, -1,  23,   163,  1,  16
730744,20000916,   209,  1,  23,   115, -1,  20
730744,20000916,   218,  1,  42,   140, -1,   0
730744,20000916,   219, -1,  26,    52,  1,  10
730744,20000916,   220,  1,  49,   166, -1,   0
730744,20000916,   227, -1,  17,    39,  1,  14
730744,20000916,   228, -1,  38,   213,  1,  21
730744,20000916,   229, -1,  28,   124,  1,   7
730744,20000916,   230,  1,  30,   109, -1,  17
730744,20000916,   223,  1,  31,   170, -1,   0
730744,20000916,   233, -1,  23,    59,  1,   0
730744,20000916,   224,  1,  56,    86, -1,   0
730744,20000916,   232,  1,  28,    35, -1,  25
730744,20000916,   235,  1,  31,    28, -1,  10
730744,20000916,   236,  1,  42,    48, -1,   6
730744,20000916,   237, -1,  26,    96,  1,  20
730749,20000921,    92,  1,  36,   171, -1,  16
730749,20000921,   133,  1,  30,    72, -1,  23
730750,20000922,   169, -1,  27,   185,  1,   6
730751,20000923,     1, -1,  23,   213,  1,  14
730751,20000923,     2, -1,  23,   149,  1,  20
730751,20000923,     4, -1,  49,   159,  1,  10
730751,20000923,   207, -1,  13,   105,  1,  10
730751,20000923,     5,  1,  37,    11, -1,  34
730751,20000923,     8,  1,  61,    36, -1,  14
730751,20000923,    10,  1,  44,   214, -1,  20
730751,20000923,    12,  1,  28,     3, -1,  21
730751,20000923,    15,  1,  31,   130, -1,  14
730751,20000923,    18,  1,  28,   180, -1,  13
730751,20000923,    20, -1,  47,    28,  1,  10
730751,20000923,    21,  1,  48,   131, -1,   7
730751,20000923,    27,  1,  10,   211, -1,   7
730751,20000923,    24,  1,  12,    41, -1,  10
730751,20000923,    25,  1,  20,    22, -1,  17
730751,20000923,    29, -1,  35,   124,  1,  14
730751,20000923,   208,  1,  52,   231, -1,   7
730751,20000923,    37, -1,  31,   219,  1,  10
730751,20000923,    38,  1,  21,    65, -1,   6
730751,20000923,    43,  1,  24,   236, -1,  23
730751,20000923,    48,  1,  55,   125, -1,  14
730751,20000923,    50,  1,  42,   101, -1,  25
730751,20000923,    53,  1,  49,   107, -1,   7
730751,20000923,    58,  1,  34,   190, -1,  17
730751,20000923,    54, -1,  42,   200,  1,   7
730751,20000923,    57, -1,  27,   229,  1,  24
730751,20000923,    59, -1,  13,   132,  1,   0
730751,20000923,    62,  1,  59,    97, -1,  31
730751,20000923,    63,  0,  31,   194,  0,   6
730751,20000923,    64,  1,  31,   104, -1,   0
730751,20000923,    66,  1,  17,    30, -1,   3
730751,20000923,    67, -1,  35,   221,  1,  21
730751,20000923,    70,  1,  57,    26, -1,  56
730751,20000923,    71,  1,  37,   138, -1,   0
730751,20000923,    68, -1,  31,    34,  1,  10
730751,20000923,    73, -1,  49,   127,  1,  13
730751,20000923,    74,  1,  42,   183, -1,  34
730751,20000923,    75, -1,  42,    23,  1,  37
730751,20000923,    77,  1,  30,   162, -1,  12
730751,20000923,    78,  1,  17,   202, -1,  14
730751,20000923,    80,  1,  35,   126, -1,  23
730751,20000923,    81, -1,  38,   228,  1,  34
730751,20000923,    82,  1,  41,    45, -1,  39
730751,20000923,    85,  1,  42,    35, -1,   6
730751,20000923,    90, -1,  13,   182,  1,  10
730751,20000923,    94,  1,  42,   168, -1,   0
730751,20000923,    95,  1,  55,   142, -1,  10
730751,20000923,    98,  1,  28,   177, -1,  15
730751,20000923,   100, -1,  20,   160,  1,  18
730751,20000923,   109,  1,  45,   128, -1,  27
730751,20000923,   111, -1,  41,     7,  1,  12
730751,20000923,   112, -1,  26,    14,  1,  16
730751,20000923,   113, -1,  47,   230,  1,  10
730751,20000923,   114,  1,  45,    96, -1,  14
730751,20000923,   115, -1,  35,    83,  1,  31
730751,20000923,   116,  1,  27,   148, -1,  21
730751,20000923,   122,  1,  28,    32, -1,   0
730751,20000923,   129,  1,  41,    86, -1,  24
730751,20000923,   134,  1,  42,    88, -1,  13
730751,20000923,   135, -1,  35,   235,  1,  28
730751,20000923,   136,  1,  42,    46, -1,  21
730751,20000923,   137,  1,  35,   144, -1,  28
730751,20000923,   141,  1,  20,   108, -1,  15
730751,20000923,   143, -1,  35,    42,  1,  27
730751,20000923,   145,  1,  37,   176, -1,  30
730751,20000923,   146, -1,  47,   232,  1,  44
730751,20000923,   147, -1,  23,   102,  1,  21
730751,20000923,   150,  1,  45,   156, -1,   6
730751,20000923,   151,  1,  42,   163, -1,  14
730751,20000923,   153,  1,  29,   209, -1,  10
730751,20000923,   154,  1,  35,   173, -1,   3
730751,20000923,   155,  1,  45,    99, -1,  28
730751,20000923,   157,  1,  29,   166, -1,  17
730751,20000923,   161,  1,  38,   117, -1,  24
730751,20000923,   179,  1,  23,   119, -1,  19
730751,20000923,   212,  1,  34,   174, -1,  24
730751,20000923,   181, -1,  28,   152,  1,   6
730751,20000923,   189, -1,  60,   184,  1,   7
730751,20000923,   192,  1,  49,    56, -1,  40
730751,20000923,   193,  1,  70,   210, -1,   3
730751,20000923,   195, -1,   9,    55,  1,   3
730751,20000923,   196,  1,  48,    79, -1,   0
730751,20000923,   191,  1,  52,    13, -1,   3
730751,20000923,   215,  1,  39,    76, -1,   7
730751,20000923,   204, -1,  29,   178,  1,  17
730751,20000923,   205,  1,  22,   103, -1,  10
730751,20000923,   216,  1,  35,    16, -1,  28
730751,20000923,   217,  1,  26,    52, -1,   7
730751,20000923,   218,  1,  47,   106, -1,  21
730751,20000923,   225, -1,  38,     6,  1,  30
730751,20000923,   222,  1,  39,    60, -1,  27
730751,20000923,   223,  1,  44,   139, -1,   3
730751,20000923,   233, -1,  38,   175,  1,  14
730751,20000923,   224,  1,  21,   201, -1,  14
730751,20000923,   234, -1,  24,    33,  1,  10
730756,20000928,    64, -1,  59,   109,  1,   7
730756,20000928,   230, -1,  29,   192,  1,  24
730758,20000930,     2,  1,  37,   114, -1,  20
730758,20000930,     3,  1,  27,   179, -1,  17
730758,20000930,     4,  1,  26,   127, -1,  12
730758,20000930,   207,  1,  47,   102, -1,   2
730758,20000930,     5, -1,  37,   182,  1,  33
730758,20000930,     6, -1,  47,   189,  1,  14
730758,20000930,     8, -1,  30,    60,  1,  13
730758,20000930,     9, -1,  27,   188,  1,   3
730758,20000930,    11,  0,  32,     7,  0,  10
730758,20000930,    15,  1,  33,   217, -1,   0
730758,20000930,    19,  0,  42,   126,  0,   6
730758,20000930,    22, -1,  18,    96,  1,  11
730758,20000930,    23, -1,  29,   162,  1,  19
730758,20000930,    24,  1,  35,    53, -1,  14
730758,20000930,    45,  1,  35,   229, -1,   7
730758,20000930,    32,  1,  15,   185, -1,  13
730758,20000930,   208, -1,  31,    56,  1,  10
730758,20000930,    36,  1,  45,   167, -1,  16
730758,20000930,    37, -1,  52,    52,  1,  22
730758,20000930,    38, -1,  30,   202,  1,  27
730758,20000930,    40, -1,  45,   135,  1,  14
730758,20000930,    48, -1,  43,    26,  1,  26
730758,20000930,    49,  1,  42,   143, -1,   0
730758,20000930,    51,  1,  52,   172, -1,  12
730758,20000930,    55,  1,  48,   175, -1,  24
730758,20000930,    61,  1,  55,    87, -1,   7
730758,20000930,    63,  1,  43,    80, -1,   0
730758,20000930,    65, -1,  17,    70,  1,  10
730758,20000930,    67,  1,  38,   222, -1,  14
730758,20000930,    71, -1,  38,    12,  1,   7
730758,20000930,    68,  1,  56,   221, -1,   3
730758,20000930,    72, -1,  42,   141,  1,  28
730758,20000930,    73,  0,  47,   159,  0,   7
730758,20000930,    74, -1,  54,    50,  1,  28
730758,20000930,    75, -1,  42,    99,  1,  19
730758,20000930,    77, -1,  51,   110,  1,  36
730758,20000930,    79,  1,  17,   178, -1,  15
730758,20000930,    81,  0,  56,   124,  0,   7
730758,20000930,    82, -1,  31,    44,  1,  30
730758,20000930,    85,  1,  45,    88, -1,  33
730758,20000930,    89, -1,  31,    18,  1,  17
730758,20000930,    91,  1,  28,    16, -1,  24
730758,20000930,    93,  1,  24,   136, -1,  13
730758,20000930,    95, -1,  44,    39,  1,  21
730758,20000930,   100,  1,  35,    43, -1,  16
730758,20000930,   105,  1,  38,   193, -1,  31
730758,20000930,   104,  1,  41,    42, -1,  22
730758,20000930,   107, -1,  34,   225,  1,  31
730758,20000930,   108,  1,  47,    25, -1,  14
730758,20000930,   113, -1,  64,   166,  1,   6
730758,20000930,   115,  1,  13,   232, -1,  10
730758,20000930,   117,  1,  44,    83, -1,  10
730758,20000930,   118,  1,  35,    97, -1,  17
730758,20000930,   119,  1,  47,    62, -1,  35
730758,20000930,   123,  0,  41,    57,  0,  31
730758,20000930,   125, -1,  28,   216,  1,  24
730758,20000930,   134,  1,  42,   120, -1,  24
730758,20000930,   211,  1,  34,     1, -1,  13
730758,20000930,   137,  1,  45,   235, -1,  10
730758,20000930,   132,  1,  16,   140, -1,   0
730758,20000930,   130, -1,  43,    17,  1,  14
730758,20000930,   145,  1,  34,    84, -1,  28
730758,20000930,   146, -1,  37,   116,  1,  17
730758,20000930,   147,  1,  57,    69, -1,  17
730758,20000930,   151,  1,  34,    94, -1,  16
730758,20000930,   153,  1,  23,   227, -1,  16
730758,20000930,   154,  1,  31,   212, -1,  21
730758,20000930,   155,  1,  48,    46, -1,  14
730758,20000930,   156,  1,  22,   161, -1,  20
730758,20000930,   158, -1,  42,   144,  1,  10
730758,20000930,   160, -1,  27,    41,  1,  24
730758,20000930,   164, -1,  30,    13,  1,  27
730758,20000930,   165, -1,  63,   184,  1,   0
730758,20000930,   169, -1,  13,   122,  1,   7
730758,20000930,   171,  1,  28,   139, -1,  10
730758,20000930,   174,  1,  29,   163, -1,  16
730758,20000930,   180,  1,  20,   203, -1,  10
730758,20000930,   181,  1,  24,   112, -1,   3
730758,20000930,   183,  1,  42,    29, -1,  13
730758,20000930,   198, -1,  27,   210,  1,   7
730758,20000930,   187,  1,  23,   177, -1,  13
730758,20000930,   190,  1,  42,    27, -1,  14
730758,20000930,   195,  1,  46,   200, -1,   6
730758,20000930,   196,  1,  42,   152, -1,   7
730758,20000930,   197,  1,  33,   199, -1,  15
730758,20000930,   191, -1,  24,   131,  1,   0
730758,20000930,   215,  1,  41,   138, -1,  31
730758,20000930,   201,  1,  41,    28, -1,   0
730758,20000930,   204,  1,  24,    35, -1,  19
730758,20000930,   205, -1,  24,    76,  1,  14
730758,20000930,   209,  1,  38,    10, -1,  31
730758,20000930,   213, -1,  35,   214,  1,  14
730758,20000930,   219, -1,  27,   226,  1,  10
730758,20000930,   220, -1,  48,    21,  1,  34
730758,20000930,   228, -1,  21,    30,  1,  17
730758,20000930,   223,  1,  49,    86, -1,   7
730758,20000930,   233, -1,  48,   129,  1,  38
730758,20000930,   224,  1,  23,   149, -1,  10
730758,20000930,   231, -1,  31,   106,  1,  28
730758,20000930,   234,  1,  41,    34, -1,  33
730758,20000930,   236,  1,  33,    78, -1,  27
730758,20000930,   237, -1,  19,   121,  1,  13
730763,20001005,    66, -1,  27,   163,  1,  24
730763,20001005,   142,  1,  41,   171, -1,   6
730763,20001005,   229,  1,  31,    44, -1,  14
730763,20001005,   224, -1,  30,   108,  1,  10
730764,20001006,    27,  1,  38,   214, -1,  14
730765,20001007,     1,  1,  27,   131, -1,  13
730765,20001007,     2, -1,  27,    22,  1,  21
730765,20001007,     5,  1,  35,    90, -1,  24
730765,20001007,     6,  1,  52,   184, -1,   7
730765,20001007,     8,  1,  18,    67, -1,  17
730765,20001007,     9, -1,  31,   212,  1,  15
730765,20001007,    10,  1,  30,    30, -1,  10
730765,20001007,    12,  1,  52,   210, -1,   6
730765,20001007,    17, -1,  15,   114,  1,  10
730765,20001007,    19,  1,  41,    50, -1,  20
730765,20001007,    21,  1,  55,    42, -1,   3
730765,20001007,    23, -1,  44,    65,  1,  17
730765,20001007,    24, -1,  24,    70,  1,  10
730765,20001007,    29,  1,  41,   186, -1,  20
730765,20001007,    33,  1,  28,    91, -1,  22
730765,20001007,    35,  1,  48,    79, -1,  31
730765,20001007,    37,  1,  34,   133, -1,  27
730765,20001007,    38,  1,  34,   160, -1,   6
730765,20001007,    39, -1,  26,   197,  1,  19
730765,20001007,    40,  1,  17,   137, -1,  14
730765,20001007,    41,  1,  47,    99, -1,  22
730765,20001007,    43, -1,  29,    75,  1,  28
730765,20001007,    47,  1,  38,   125, -1,  31
730765,20001007,    48, -1,  42,    16,  1,   7
730765,20001007,    49, -1,  24,   164,  1,  17
730765,20001007,    51,  1,  54,   216, -1,   7
730765,20001007,    60, -1,  20,    36,  1,   7
730765,20001007,    54,  1,  33,   194, -1,  19
730765,20001007,    57, -1,  20,   124,  1,  14
730765,20001007,    59,  1,  41,    69, -1,  17
730765,20001007,    61, -1,  56,   177,  1,  28
730765,20001007,    62,  1,  41,   105, -1,   9
730765,20001007,    71,  1,  21,   193, -1,  10
730765,20001007,    68, -1,  42,   222,  1,  24
730765,20001007,    73, -1,  12,    63,  1,  10
730765,20001007,    78,  1,  34,   155, -1,  17
730765,20001007,    82,  1,  28,   144, -1,  21
730765,20001007,    87,  1,  39,   187, -1,   7
730765,20001007,    88,  1,  21,   116, -1,  16
730765,20001007,    93,  1,  57,   218, -1,  23
730765,20001007,    95, -1,  52,    94,  1,  13
730765,20001007,    96, -1,  24,    28,  1,  21
730765,20001007,    98, -1,  23,    31,  1,  10
730765,20001007,   100, -1,  42,   202,  1,  21
730765,20001007,   104, -1,  38,   207,  1,  17
730765,20001007,   110, -1,  21,   143,  1,  16
730765,20001007,   111,  1,  37,   176, -1,   6
730765,20001007,   112,  1,  17,    58, -1,  10
730765,20001007,   113,  1,  27,    64, -1,  24
730765,20001007,   128,  1,  49,   103, -1,  21
730765,20001007,   117,  1,  25,   156, -1,  16
730765,20001007,   118,  1,  35,    13, -1,  10
730765,20001007,   119,  1,  17,    15, -1,  10
730765,20001007,   120,  1,  24,   152, -1,  10
730765,20001007,   123,  1,  24,    45, -1,  20
730765,20001007,   129, -1,  48,   200,  1,   3
730765,20001007,   134, -1,  49,    89,  1,  27
730765,20001007,   211,  1,  38,   135, -1,   7
730765,20001007,   138,  1,  42,    14, -1,  23
730765,20001007,   140,  1,  24,   167, -1,  21
730765,20001007,   132,  1,  33,   126, -1,   6
730765,20001007,   130,  1,  40,   208, -1,  20
730765,20001007,   146,  1,  52,    85, -1,  33
730765,20001007,   147,  1,  24,   203, -1,  17
730765,20001007,   148,  1,  20,   188, -1,  14
730765,20001007,   149,  1,  42,    25, -1,  20
730765,20001007,   150, -1,  23,   232,  1,   7
730765,20001007,   151,  0,  63,   196,  0,  14
730765,20001007,   158,  1,  40,    77, -1,  35
730765,20001007,   159,  1,  25,     7, -1,  22
730765,20001007,   161,  1,  32,   115, -1,  31
730765,20001007,   165,  1,  43,   185, -1,   6
730765,20001007,   170, -1,  26,    92,  1,  23
730765,20001007,   172,  1,  38,    32, -1,  20
730765,20001007,   173, -1,  34,   235,  1,   0
730765,20001007,   174, -1,  35,   178,  1,  10
730765,20001007,   179, -1,  20,    97,  1,  17
730765,20001007,   181,  1,  41,   180, -1,   7
730765,20001007,   182, -1,  31,     4,  1,  20
730765,20001007,   121, -1,  24,    86,  1,   7
730765,20001007,   198,  1,  25,   139, -1,   0
730765,20001007,   190,  1,  24,   157, -1,  17
730765,20001007,   195,  1,  31,   175, -1,   6
730765,20001007,   191,  1,  41,    76, -1,  21
730765,20001007,   206,  1,  21,    11, -1,  18
730765,20001007,   199,  1,  28,    18, -1,   0
730765,20001007,   215, -1,  40,   205,  1,   7
730765,20001007,   201, -1,  42,    56,  1,  14
730765,20001007,   204, -1,  38,   102,  1,  37
730765,20001007,   217, -1,  17,   226,  1,  10
730765,20001007,   219,  1,  31,   109, -1,  23
730765,20001007,   220,  1,  35,   192, -1,  13
730765,20001007,   225,  1,  35,   189, -1,   9
730765,20001007,   227,  1,  33,   154, -1,  30
730765,20001007,   228,  1,  42,    20, -1,  35
730765,20001007,   230,  1,  28,    81, -1,  16
730765,20001007,   223, -1,  42,   168,  1,  17
730765,20001007,   233,  1,   6,    55, -1,   3
730765,20001007,   231,  1,  26,   162, -1,  16
730765,20001007,   234, -1,  45,   221,  1,  28
730765,20001007,   236, -1,  24,    46,  1,  14
730765,20001007,   237, -1,  14,    84,  1,  12
730770,20001012,   203,  1,  31,   198, -1,   7
730770,20001012,   220,  1,  48,   230, -1,  20
730771,20001013,     6, -1,  27,   185,  1,   3
730771,20001013,    77,  1,  42,   101, -1,  14
730772,20001014,     1, -1,  51,   235,  1,  34
730772,20001014,     3,  1,  45,   118, -1,   7
730772,20001014,   207,  1,  13,   112, -1,   9
730772,20001014,     5, -1,  51,   159,  1,  21
730772,20001014,     9,  1,  53,   228, -1,  47
730772,20001014,    17,  1,  33,    56, -1,  14
730772,20001014,    19,  1,  42,   167, -1,  14
730772,20001014,    20,  1,  41,    57, -1,  23
730772,20001014,    21,  1,  20,   190, -1,  13
730772,20001014,    24,  1,  42,    99, -1,  30
730772,20001014,    45,  1,  24,   124, -1,  13
730772,20001014,    30,  1,  46,   209, -1,  38
730772,20001014,   208,  1,  34,    55, -1,   3
730772,20001014,    33, -1,  42,    16,  1,  20
730772,20001014,    37,  1,  35,   109, -1,  14
730772,20001014,    38, -1,  23,    43,  1,  16
730772,20001014,    40,  1,  20,   211, -1,  19
730772,20001014,    46,  1,  31,    78, -1,  14
730772,20001014,    47, -1,  27,   172,  1,  13
730772,20001014,    49, -1,  28,   231,  1,  17
730772,20001014,    53,  1,  44,    70, -1,  20
730772,20001014,    58,  1,  42,    14, -1,  21
730772,20001014,    54,  1,  48,   129, -1,   7
730772,20001014,    59,  1,  43,   171, -1,  21
730772,20001014,    61,  1,  24,   187, -1,  10
730772,20001014,    62,  1,  38,    15, -1,   7
730772,20001014,    64,  1,  63,    52, -1,  14
730772,20001014,    66,  1,  58,   135, -1,  21
730772,20001014,    67,  1,  33,    36, -1,   7
730772,20001014,    71,  1,  29,   217, -1,  19
730772,20001014,    68,  1,  34,     8, -1,  28
730772,20001014,    72,  1,  52,   226, -1,  20
730772,20001014,    73,  0,  24,    11,  0,  17
730772,20001014,    74,  1,  47,   140, -1,  19
730772,20001014,    76,  1,  30,   178, -1,  15
730772,20001014,    81,  0,  42,    13,  0,  25
730772,20001014,    83,  1,  31,    88, -1,   0
730772,20001014,    84, -1,  21,    86,  1,   0
730772,20001014,    89, -1,  33,   152,  1,  26
730772,20001014,    90,  1,  64,   127, -1,  20
730772,20001014,    94, -1,  38,   120,  1,  17
730772,20001014,   100, -1,  45,    75,  1,  13
730772,20001014,   105,  1,  34,    97, -1,   0
730772,20001014,   103,  1,  48,   102, -1,  14
730772,20001014,   104,  1,  38,    35, -1,  24
730772,20001014,   107,  1,  27,    87, -1,   7
730772,20001014,   110,  1,  33,   106, -1,  10
730772,20001014,   111,  1,  28,    92, -1,   0
730772,20001014,   114,  1,  24,    22, -1,  10
730772,20001014,   115,  1,  58,    85, -1,   0
730772,20001014,   128,  1,  28,   210, -1,   0
730772,20001014,   117, -1,  29,   150,  1,  17
730772,20001014,   122,  1,  41,   184, -1,   6
730772,20001014,   123, -1,  34,    44,  1,  30
730772,20001014,   134, -1,  56,   199,  1,   3
730772,20001014,   138,  1,  42,   205, -1,  28
730772,20001014,   132, -1,  30,    63,  1,  10
730772,20001014,   133, -1,  38,   141,  1,  20
730772,20001014,   130, -1,  52,     2,  1,  35
730772,20001014,   147, -1,  27,   139,  1,  21
730772,20001014,   148,  0,  45,   131,  0,  14
730772,20001014,   149, -1,  44,    96,  1,   7
730772,20001014,   151, -1,  41,    95,  1,  31
730772,20001014,   153, -1,  28,   212,  1,  17
730772,20001014,   154,  1,  38,   188, -1,   6
730772,20001014,   155,  1,  43,    41, -1,  25
730772,20001014,   158,  1,  59,    82, -1,  21
730772,20001014,   160,  1,  55,    23, -1,  28
730772,20001014,   161, -1,  41,   146,  1,  28
730772,20001014,   162,  1,   7,    93, -1,   6
730772,20001014,   164, -1,  31,   136,  1,  10
730772,20001014,   165, -1,  17,    48,  1,  13
730772,20001014,   169, -1,  23,   189,  1,   6
730772,20001014,   170, -1,  52,   176,  1,  41
730772,20001014,   179,  1,  27,    12, -1,   7
730772,20001014,   168,  1,  35,    51, -1,  23
730772,20001014,   181, -1,  56,   204,  1,  24
730772,20001014,   192, -1,  48,   166,  1,  14
730772,20001014,    34,  1,  27,   221, -1,  14
730772,20001014,   194,  1,  33,   200, -1,   6
730772,20001014,   196, -1,  28,    39,  1,  14
730772,20001014,   197, -1,  24,    18,  1,   0
730772,20001014,   206, -1,  16,     7,  1,  13
730772,20001014,   215, -1,  47,   174,  1,  30
730772,20001014,   201,  1,  42,   108, -1,   0
730772,20001014,   202,  1,  38,    80, -1,   6
730772,20001014,   213, -1,  21,   173,  1,   7
730772,20001014,   214, -1,  17,   142,  1,  12
730772,20001014,   216,  1,  33,    26, -1,   7
730772,20001014,   218, -1,  34,   143,  1,  20
730772,20001014,   225, -1,  24,    32,  1,   7
730772,20001014,   227, -1,  21,    10,  1,  15
730772,20001014,   229, -1,  12,   144,  1,  10
730772,20001014,   223, -1,  14,   121,  1,  10
730772,20001014,   233,  1,  17,   195, -1,  14
730772,20001014,   232, -1,  17,   116,  1,  10
730772,20001014,   234,  1,  40,   222, -1,  31
730772,20001014,   236, -1,  24,    65,  1,  17
730772,20001014,   237,  1,  28,   145, -1,  24
730777,20001019,    58, -1,  28,   104,  1,  25
730779,20001021,   207,  1,  14,   128, -1,   9
730779,20001021,     8,  1,  42,   234, -1,  16
730779,20001021,    10, -1,  23,   228,  1,  20
730779,20001021,    14,  1,  21,   204, -1,  17
730779,20001021,    15,  1,  38,   103, -1,  28
730779,20001021,    17, -1,  44,    25,  1,  35
730779,20001021,    20,  1,  59,   142, -1,   0
730779,20001021,    22,  1,  20,    56, -1,   6
730779,20001021,    23,  1,  56,    43, -1,  40
730779,20001021,    44, -1,  24,   124,  1,  12
730779,20001021,    45, -1,  25,    57,  1,  22
730779,20001021,   208,  1,  55,   210, -1,   0
730779,20001021,    37, -1,  38,   141,  1,  24
730779,20001021,    40, -1,  24,   213,  1,  17
730779,20001021,    41,  1,  49,    46, -1,  21
730779,20001021,    42, -1,  38,     2,  1,  35
730779,20001021,    48,  1,  41,    51, -1,  13
730779,20001021,    50,  1,  20,   126, -1,  12
730779,20001021,    53,  1,  56,    87, -1,  28
730779,20001021,    60,  1,  23,    67, -1,  21
730779,20001021,    54, -1,  27,   195,  1,  16
730779,20001021,    55, -1,  27,   200,  1,   0
730779,20001021,    63, -1,  42,   140,  1,  14
730779,20001021,    64,  1,  37,   219, -1,   3
730779,20001021,    69, -1,  36,   171,  1,  17
730779,20001021,    70,  1,  41,   107, -1,  17
730779,20001021,    71, -1,  34,    97,  1,  30
730779,20001021,    68, -1,  27,    36,  1,  10
730779,20001021,    72,  1,  45,    52, -1,  10
730779,20001021,    73,  1,  33,    90, -1,  30
730779,20001021,    74, -1,  40,   167,  1,  37
730779,20001021,    75, -1,  35,   160,  1,  21
730779,20001021,    77,  1,  38,    59, -1,  27
730779,20001021,    79, -1,  33,   112,  1,  30
730779,20001021,    80,  1,  17,   132, -1,  16
730779,20001021,    84,  1,  64,   159, -1,   0
730779,20001021,    85,  1,  51,   117, -1,  43
730779,20001021,    93,  1,  28,   231, -1,  14
730779,20001021,    94,  1,  23,    39, -1,  15
730779,20001021,    95,  1,  28,   199, -1,  23
730779,20001021,    99,  1,  28,    78, -1,  13
730779,20001021,   100,  1,  21,    24, -1,  14
730779,20001021,   105,  1,  45,   119, -1,  38
730779,20001021,   108,  1,  34,    96, -1,  12
730779,20001021,   109,  1,  37,   226, -1,   7
730779,20001021,   113, -1,  45,   192,  1,  17
730779,20001021,   115,  1,  14,   116, -1,   0
730779,20001021,   122,  1,  34,   189, -1,   7
730779,20001021,   123,  1,  17,   144, -1,   7
730779,20001021,   129, -1,  38,   175,  1,  28
730779,20001021,   134,  1,  59,    18, -1,   0
730779,20001021,   211,  1,  42,   235, -1,  23
730779,20001021,   137, -1,  29,     1,  1,  23
730779,20001021,   138, -1,  35,    13,  1,  29
730779,20001021,   145, -1,  49,    86,  1,  17
730779,20001021,   147,  1,  37,   111, -1,  34
730779,20001021,   148, -1,  42,   230,  1,  28
730779,20001021,   149,  1,  52,    28, -1,   3
730779,20001021,   150, -1,  38,    88,  1,  10
730779,20001021,   153,  1,  14,     9, -1,  10
730779,20001021,   154, -1,  44,   209,  1,  38
730779,20001021,   156,  1,  39,    83, -1,  25
730779,20001021,   157,  1,  42,    21, -1,  26
730779,20001021,   161, -1,  30,   232,  1,  24
730779,20001021,   162, -1,  38,   143,  1,  24
730779,20001021,   163,  1,  38,    76, -1,  13
730779,20001021,   164,  1,  17,   106, -1,   6
730779,20001021,   165,  1,  41,    32, -1,   3
730779,20001021,   166, -1,  28,   131,  1,  21
730779,20001021,   169,  1,  35,     6, -1,  28
730779,20001021,   172, -1,  38,    26,  1,  37
730779,20001021,   173, -1,  16,    27,  1,  15
730779,20001021,   174, -1,  49,   135,  1,  30
730779,20001021,   177, -1,  19,    31,  1,  14
730779,20001021,   179, -1,  30,   217,  1,  14
730779,20001021,   180,  1,  44,   101, -1,   6
730779,20001021,   182, -1,  30,     7,  1,  14
730779,20001021,   183, -1,  62,    82,  1,  24
730779,20001021,   121,  1,  27,   168, -1,   9
730779,20001021,   198,  1,  28,    92, -1,  24
730779,20001021,   185, -1,  15,   187,  1,  13
730779,20001021,   186, -1,  37,    38,  1,  20
730779,20001021,   188,  1,  32,   212, -1,  30
730779,20001021,   176, -1,  27,   139,  1,  20
730779,20001021,   193,  1,  20,     3, -1,  10
730779,20001021,   196,  1,  46,   120, -1,  12
730779,20001021,   197, -1,  30,    89,  1,   7
730779,20001021,   191, -1,  17,   205,  1,   3
730779,20001021,   206,  1,  30,   127, -1,  24
730779,20001021,   215,  1,  23,    66, -1,  13
730779,20001021,   203, -1,  23,   170,  1,  21
730779,20001021,   214,  1,  31,    81, -1,  14
730779,20001021,   218,  1,  49,   136, -1,  42
730779,20001021,   221,  1,  40,    33, -1,   7
730779,20001021,   220, -1,  22,   190,  1,  14
730779,20001021,   225, -1,  35,   184,  1,   6
730779,20001021,   227,  1,  36,    30, -1,  24
730779,20001021,   229,  1,  41,   158, -1,   9
730779,20001021,   222,  1,  41,    34, -1,  36
730779,20001021,   223,  1,  24,   237, -1,  10
730779,20001021,   233, -1,  52,   194,  1,  14
730779,20001021,   224,  1,  52,   130, -1,  22
730779,20001021,   236,  1,  27,   155, -1,  24
730784,20001026,    27,  1,  19,   235, -1,   7
730784,20001026,    55,  1,  28,   194, -1,   0
730784,20001026,   176, -1,  27,    92,  1,  21
730786,20001028,     4,  0,  34,     5,  0,  27
730786,20001028,   207, -1,  16,    58,  1,  13
730786,20001028,     6,  1,  42,    32, -1,  19
730786,20001028,    11,  1,  48,    90, -1,  41
730786,20001028,    15,  1,  21,    12, -1,  19
730786,20001028,    17, -1,  38,    28,  1,  34
730786,20001028,    20, -1,  34,   138,  1,  31
730786,20001028,    21,  1,  42,   166, -1,  13
730786,20001028,    24,  1,  27,    65, -1,  13
730786,20001028,    44,  1,  31,    57, -1,  26
730786,20001028,    30, -1,  28,   212,  1,  16
730786,20001028,   208, -1,  40,     3,  1,  38
730786,20001028,    35,  1,  45,   114, -1,  15
730786,20001028,    38,  1,  17,    99, -1,  14
730786,20001028,    39,  1,  37,   152, -1,  21
730786,20001028,    40, -1,  34,   173,  1,  22
730786,20001028,    43,  1,  25,   160, -1,  24
730786,20001028,    49,  1,  33,    93, -1,  14
730786,20001028,    50,  1,  57,   167, -1,  32
730786,20001028,    51,  1,  62,    26, -1,  41
730786,20001028,    53, -1,  34,   187,  1,   0
730786,20001028,    59, -1,  28,    33,  1,  12
730786,20001028,    61,  1,  38,    70, -1,  14
730786,20001028,    62,  0,  34,    71,  0,  23
730786,20001028,    63,  1,  53,    74, -1,  24
730786,20001028,    64, -1,  58,   133,  1,  14
730786,20001028,    66,  1,  34,   205, -1,  12
730786,20001028,    68,  1,  42,    60, -1,   7
730786,20001028,    72, -1,  31,    37,  1,  28
730786,20001028,    73, -1,  26,   206,  1,  17
730786,20001028,    75, -1,  49,    46,  1,   7
730786,20001028,    77, -1,  33,    29,  1,  30
730786,20001028,    80,  1,  14,   140, -1,   0
730786,20001028,    84,  1,  27,   168, -1,  17
730786,20001028,    89,  1,  39,   120, -1,  20
730786,20001028,    91,  1,  17,   189, -1,  14
730786,20001028,   100, -1,  21,    78,  1,   6
730786,20001028,   101,  1,  24,   171, -1,   0
730786,20001028,   104,  1,  35,   204, -1,  32
730786,20001028,   106,  1,  37,   162, -1,   7
730786,20001028,   107,  1,  49,    31, -1,  14
730786,20001028,   108, -1,  31,     2,  1,  28
730786,20001028,   109, -1,  20,    52,  1,   9
730786,20001028,   111, -1,  31,   170,  1,  17
730786,20001028,   113,  1,  42,   103, -1,  31
730786,20001028,   116,  1,  14,    83, -1,  10
730786,20001028,   118,  1,  43,   211, -1,  40
730786,20001028,   119,  1,  61,   128, -1,  35
730786,20001028,   127,  1,  33,   159, -1,   7
730786,20001028,   123, -1,  33,   158,  1,  21
730786,20001028,   125, -1,  73,    16,  1,  10
730786,20001028,   136,  1,  24,   110, -1,  16
730786,20001028,   137,  1,  10,   213, -1,   3
730786,20001028,   132,  1,  30,    19, -1,  19
730786,20001028,   142, -1,  13,   102,  1,   0
730786,20001028,   144,  1,  32,   124, -1,   9
730786,20001028,   130,  1,  73,    25, -1,  10
730786,20001028,   145,  1,  31,   121, -1,  13
730786,20001028,   146, -1,  41,   117,  1,  35
730786,20001028,   148,  1,  34,     1, -1,  31
730786,20001028,   151,  1,  31,   134, -1,  14
730786,20001028,   153, -1,  56,    10,  1,  55
730786,20001028,   154,  1,  38,   228, -1,   9
730786,20001028,   155,  1,  41,    23, -1,  38
730786,20001028,   156,  0,  27,    85,  0,  24
730786,20001028,   161,  1,  31,   150, -1,  27
730786,20001028,   164, -1,  28,   218,  1,  18
730786,20001028,   165, -1,  38,   225,  1,  31
730786,20001028,   169,  1,  46,    87, -1,   7
730786,20001028,   174, -1,  57,    76,  1,  48
730786,20001028,   180, -1,  21,    42,  1,  13
730786,20001028,   175,  1,  34,   200, -1,  14
730786,20001028,   178,  1,  21,   135, -1,   7
730786,20001028,   181, -1,   6,    79,  1,   3
730786,20001028,   183,  1,  43,   186, -1,  14
730786,20001028,   198,  1,  21,   147, -1,  10
730786,20001028,   185,  1,  28,    98, -1,   2
730786,20001028,   193, -1,  17,   179,  1,  14
730786,20001028,    34,  1,  30,     8, -1,  27
730786,20001028,   195, -1,  36,   129,  1,  21
730786,20001028,   196,  1,  48,    18, -1,  14
730786,20001028,   197,  1,  26,    95, -1,  10
730786,20001028,   191,  1,  37,   163, -1,   0
730786,20001028,   199, -1,  45,    94,  1,  39
730786,20001028,   201, -1,  35,   131,  1,  14
730786,20001028,   202, -1,  12,   122,  1,   0
730786,20001028,   203,  1,  41,   139, -1,  12
730786,20001028,   209, -1,  27,     9,  1,  24
730786,20001028,   214,  1,  44,    13, -1,  31
730786,20001028,   216, -1,  32,   172,  1,  10
730786,20001028,   219,  1,  17,   141, -1,   6
730786,20001028,   220,  1,  37,   157, -1,  34
730786,20001028,   227, -1,  31,   188,  1,  28
730786,20001028,   229, -1,  16,    82,  1,  13
730786,20001028,   222, -1,  41,   221,  1,  31
730786,20001028,   223,  1,  73,   126, -1,  17
730786,20001028,   233,  1,  34,    54, -1,  12
730786,20001028,   224, -1,  42,    96,  1,   0
730786,20001028,   231,  1,  26,   143, -1,  15
730786,20001028,   232, -1,  13,    88,  1,   7
730786,20001028,   234,  1,  31,    36, -1,  10
730786,20001028,   236,  1,  41,    41, -1,   0
730786,20001028,   237,  1,  42,    86, -1,   7
730791,20001102,    40,  1,  45,    27, -1,  21
730791,20001102,   195,  1,  56,   194, -1,  23
730793,20001104,     1, -1,  41,    14,  1,  27
730793,20001104,     6,  1,  37,   122, -1,  10
730793,20001104,     8,  1,  52,   221, -1,   0
730793,20001104,    11,  1,  32,   159, -1,  13
730793,20001104,    19, -1,  34,    74,  1,  31
730793,20001104,    20, -1,  42,    13,  1,  14
730793,20001104,    21,  1,  31,   192, -1,   3
730793,20001104,    23,  1,  28,   236, -1,  14
730793,20001104,    25,  1,  20,    96, -1,  17
730793,20001104,    45,  1,  64,    44, -1,  61
730793,20001104,    32,  1,  45,   184, -1,  24
730793,20001104,   208, -1,  20,   103,  1,  16
730793,20001104,    35,  1,  33,   207, -1,  21
730793,20001104,    39, -1,  28,   120,  1,  18
730793,20001104,    43,  1,  49,    46, -1,  31
730793,20001104,    50,  1,  46,   132, -1,  45
730793,20001104,    51,  1,  42,    91, -1,   0
730793,20001104,    53, -1,  40,   177,  1,  14
730793,20001104,    54,  1,  38,   175, -1,   9
730793,20001104,    56,  1,  31,    28, -1,  15
730793,20001104,    57,  1,  27,   144, -1,   9
730793,20001104,    59,  1,  24,   101, -1,  17
730793,20001104,    61, -1,  21,   107,  1,  17
730793,20001104,    62, -1,  43,   217,  1,  20
730793,20001104,    63, -1,  50,   182,  1,  49
730793,20001104,    64,  1,  54,    37, -1,   7
730793,20001104,    65,  1,  31,    99, -1,  28
730793,20001104,    66,  1,  45,    76, -1,  27
730793,20001104,    67,  1,  45,    68, -1,  10
730793,20001104,    70,  1,  43,    87, -1,  14
730793,20001104,    73,  1,  20,     5, -1,   2
730793,20001104,    75,  1,  34,    41, -1,   0
730793,20001104,    78,  1,  10,    24, -1,   9
730793,20001104,    81, -1,  16,   142,  1,  14
730793,20001104,    83,  1,  42,    85, -1,  35
730793,20001104,    84, -1,  25,   223,  1,  18
730793,20001104,    86, -1,  23,   168,  1,  22
730793,20001104,    88, -1,  26,   156,  1,  23
730793,20001104,    90,  1,  34,     4, -1,  28
730793,20001104,    92,  1,  28,   147, -1,  24
730793,20001104,    93,  1,  22,   106, -1,   7
730793,20001104,    95,  1,  56,    89, -1,  10
730793,20001104,    98, -1,  21,   187,  1,   7
730793,20001104,   100,  1,  20,    38, -1,  14
730793,20001104,   105,  1,  30,     3, -1,  28
730793,20001104,   104, -1,  49,   181,  1,  28
730793,20001104,   108, -1,  20,    22,  1,  13
730793,20001104,   109,  1,  35,   133, -1,  28
730793,20001104,   110,  1,  38,   218, -1,  17
730793,20001104,   111,  1,  18,   198, -1,   3
730793,20001104,   113,  1,  41,   220, -1,  21
730793,20001104,   114,  1,  27,   149, -1,  24
730793,20001104,   128, -1,  66,    42,  1,  10
730793,20001104,   118, -1,  38,    12,  1,  24
730793,20001104,   119, -1,  35,    97,  1,  17
730793,20001104,   127,  1,  12,     7, -1,   3
730793,20001104,   123,  1,  38,    82, -1,  21
730793,20001104,   129, -1,  24,    55,  1,  22
730793,20001104,   134,  1,  56,    94, -1,  17
730793,20001104,   136, -1,  45,    49,  1,  44
730793,20001104,   140,  1,  19,   126, -1,  14
730793,20001104,   141, -1,  20,   157,  1,  17
730793,20001104,   145, -1,  43,    29,  1,  41
730793,20001104,   146,  1,  54,   115, -1,  51
730793,20001104,   150,  1,  27,   116, -1,  13
730793,20001104,   151, -1,  56,    18,  1,   7
730793,20001104,   153, -1,  27,   228,  1,  24
730793,20001104,   154, -1,  38,    30,  1,  32
730793,20001104,   155, -1,  40,   160,  1,  24
730793,20001104,   158, -1,  31,   124,  1,  24
730793,20001104,   163,  1,  43,   178, -1,  14
730793,20001104,   164, -1,  13,   162,  1,  10
730793,20001104,   165, -1,  31,   169,  1,  20
730793,20001104,   170, -1,  27,   139,  1,  21
730793,20001104,   171,  1,  21,    33, -1,  14
730793,20001104,   173, -1,  17,   137,  1,  16
730793,20001104,   174,  1,  27,   191, -1,  24
730793,20001104,   167,  1,  38,    80, -1,  20
730793,20001104,   180,  1,  30,   233, -1,  24
730793,20001104,   212, -1,  44,    10,  1,  38
730793,20001104,   121,  1,  52,   200, -1,   6
730793,20001104,   102, -1,  21,   210,  1,  18
730793,20001104,   186,  1,  45,   202, -1,  33
730793,20001104,   190, -1,  31,   230,  1,  27
730793,20001104,   193, -1,  19,   112,  1,  17
730793,20001104,    34, -1,  20,    36,  1,  13
730793,20001104,   196, -1,  29,   199,  1,  17
730793,20001104,   197, -1,  21,   152,  1,  16
730793,20001104,   215, -1,  45,   135,  1,  22
730793,20001104,   201, -1,  38,   130,  1,  24
730793,20001104,   203, -1,   6,   176,  1,   0
730793,20001104,   204,  1,  41,    79, -1,  23
730793,20001104,   209,  1,  37,   188, -1,  35
730793,20001104,   213,  1,  38,   211, -1,  16
730793,20001104,   214, -1,  44,   138,  1,  37
730793,20001104,   216,  1,  16,    48, -1,  15
730793,20001104,   225,  1,  35,   185, -1,   3
730793,20001104,   226,  1,  28,    52, -1,  26
730793,20001104,   227,  1,  35,     9, -1,  32
730793,20001104,   224, -1,  42,    17,  1,   3
730793,20001104,   232,  1,  41,   117, -1,  20
730793,20001104,   234, -1,  35,    60,  1,  31
730793,20001104,   237,  1,  42,    77, -1,  35
730798,20001109,    72,  1,  35,   219, -1,   0
730798,20001109,   195,  1,  29,   171, -1,   0
730799,20001110,   122, -1,  27,   185,  1,  14
730800,20001111,     1,  1,  44,    40, -1,  40
730800,20001111,     2,  1,  49,    25, -1,  14
730800,20001111,     4,  1,  27,     7, -1,  20
730800,20001111,     5,  1,  44,   127, -1,  28
730800,20001111,     8, -1,  35,   222,  1,  28
730800,20001111,    13,  1,  53,   142, -1,  28
730800,20001111,    15,  1,  29,    71, -1,  26
730800,20001111,    19, -1,  35,    80,  1,   0
730800,20001111,    20,  1,  66,   214, -1,  38
730800,20001111,    23, -1,  34,    46,  1,  26
730800,20001111,    44,  1,  45,    29, -1,  27
730800,20001111,    45, -1,  28,   144,  1,  24
730800,20001111,    32,  1,  35,   189, -1,  34
730800,20001111,    28,  1,  21,   224, -1,  17
730800,20001111,    33, -1,  25,   101,  1,   0
730800,20001111,    35, -1,  13,   112,  1,  10
730800,20001111,    43, -1,  35,    41,  1,  31
730800,20001111,    47, -1,  22,    16,  1,   7
730800,20001111,    48, -1,  27,   172,  1,  14
730800,20001111,    49, -1,  31,   110,  1,  19
730800,20001111,    50, -1,  31,   140,  1,  28
730800,20001111,    53,  1,  23,    99, -1,  14
730800,20001111,    58,  1,  62,    79, -1,  20
730800,20001111,    60, -1,  24,    34,  1,  22
730800,20001111,    56,  1,  39,   130, -1,  32
730800,20001111,    57, -1,  27,   158,  1,  24
730800,20001111,    61,  1,  66,    31, -1,   0
730800,20001111,    62,  1,  41,   179, -1,  21
730800,20001111,    64, -1,  35,   226,  1,   6
730800,20001111,    67, -1,  27,   234,  1,  18
730800,20001111,    69, -1,  38,   136,  1,  35
730800,20001111,    70,  1,  20,   187, -1,  16
730800,20001111,    68,  1,  32,    59, -1,   9
730800,20001111,    76,  1,  37,   135, -1,  17
730800,20001111,    78, -1,  32,    38,  1,   3
730800,20001111,    81,  0,  44,   138,  0,  41
730800,20001111,    82,  1,  58,   124, -1,  14
730800,20001111,    84,  1,  44,    54, -1,  41
730800,20001111,    87,  1,  31,   177, -1,  21
730800,20001111,    88,  1,  27,   146, -1,  17
730800,20001111,    89, -1,  35,    39,  1,  27
730800,20001111,    91,  1,  31,   225, -1,  22
730800,20001111,    92, -1,  28,   102,  1,  14
730800,20001111,    95,  1,  29,   134, -1,  28
730800,20001111,   100,  1,  51,    65, -1,  17
730800,20001111,   105, -1,  20,   118,  1,   9
730800,20001111,   103, -1,  42,   210,  1,  19
730800,20001111,   104,  1,  38,    14, -1,  17
730800,20001111,   106,  1,  42,   143, -1,  17
730800,20001111,   107, -1,  13,    98,  1,  12
730800,20001111,   108,  1,  51,   114, -1,  31
730800,20001111,   113,  1,  35,   157, -1,   7
730800,20001111,   115,  1,  33,   156, -1,  11
730800,20001111,   116,  1,  30,   161, -1,  10
730800,20001111,   128,  1,  45,   180, -1,   9
730800,20001111,   119,  1,  29,     3, -1,   7
730800,20001111,   120, -1,  47,    18,  1,  22
730800,20001111,   123, -1,  30,   229,  1,  28
730800,20001111,   129,  1,  62,   194, -1,  40
730800,20001111,   211,  1,  18,   137, -1,  14
730800,20001111,   141,  1,  13,   109, -1,  10
730800,20001111,   132, -1,  31,    74,  1,  28
730800,20001111,   133,  1,  35,    52, -1,  31
730800,20001111,   145,  1,  60,   159, -1,  14
730800,20001111,   148,  1,  28,    21, -1,  16
730800,20001111,   149, -1,  23,    22,  1,  21
730800,20001111,   150, -1,  24,    83,  1,  21
730800,20001111,   151, -1,  35,   197,  1,  31
730800,20001111,   153,  1,  25,    30, -1,  17
730800,20001111,   154, -1,  33,     9,  1,   9
730800,20001111,   155,  1,  36,    75, -1,  35
730800,20001111,   160, -1,  19,   236,  1,  14
730800,20001111,   162, -1,  26,    42,  1,  21
730800,20001111,   164,  1,  21,    93, -1,   2
730800,20001111,   165,  1,  43,     6, -1,  34
730800,20001111,   169, -1,  20,   184,  1,   0
730800,20001111,   170, -1,  27,   147,  1,  13
730800,20001111,   167,  1,  57,   126, -1,  37
730800,20001111,   168, -1,  21,   237,  1,  20
730800,20001111,   178,  1,  24,   205, -1,  20
730800,20001111,   181, -1,  33,   207,  1,  30
730800,20001111,   182,  1,  49,   206, -1,  29
730800,20001111,   183,  1,  35,   125, -1,  21
730800,20001111,   121,  1,  24,   175, -1,   7
730800,20001111,   198,  1,  38,   176, -1,  21
730800,20001111,   186,  1,  45,    51, -1,  43
730800,20001111,   188,  1,  29,    10, -1,   7
730800,20001111,   190, -1,  31,   192,  1,  12
730800,20001111,   193,  1,  63,    12, -1,  20
730800,20001111,   196, -1,  51,    94,  1,  16
730800,20001111,   191,  1,  24,    66, -1,   7
730800,20001111,   199,  1,  58,   152, -1,   0
730800,20001111,   215,  1,  38,   163, -1,  21
730800,20001111,   201,  1,  31,    17, -1,   3
730800,20001111,   202,  1,  15,    24, -1,  13
730800,20001111,   203,  1,  20,   111, -1,  16
730800,20001111,   204,  1,  50,   131, -1,  38
730800,20001111,   213, -1,  34,   235,  1,   0
730800,20001111,   217, -1,  24,    97,  1,  20
730800,20001111,   221,  1,  41,    36, -1,  21
730800,20001111,   220, -1,  44,   208,  1,  21
730800,20001111,   227,  1,  35,   209, -1,  28
730800,20001111,   228, -1,  33,   212,  1,  27
730800,20001111,   230, -1,  31,   166,  1,  24
730800,20001111,   233,  1,  28,    86, -1,   3
730800,20001111,   231, -1,  48,   218,  1,  41
730800,20001111,   232, -1,  43,    85,  1,  22
730805,20001116,    40,  1,  37,   235, -1,  13
730807,20001118,     1,  1,  45,   173, -1,  24
730807,20001118,     2, -1,  34,    96,  1,   6
730807,20001118,     4, -1,  26,    11,  1,   0
730807,20001118,   207, -1,  27,    14,  1,   7
730807,20001118,     8,  1,  34,   101, -1,  13
730807,20001118,    12, -1,  17,   119,  1,  10
730807,20001118,    15, -1,   9,     3,  1,   0
730807,20001118,    17,  1,  29,    42, -1,   0
730807,20001118,    20,  1,  66,    81, -1,  24
730807,20001118,    27,  1,  37,   137, -1,  13
730807,20001118,    23,  1,  45,    41, -1,  27
730807,20001118,    35,  1,  27,   181, -1,  24
730807,20001118,    37,  1,  16,   179, -1,  14
730807,20001118,    38, -1,  24,    24,  1,  21
730807,20001118,    46, -1,  42,   160,  1,  37
730807,20001118,    47,  1,  41,    70, -1,  17
730807,20001118,    49,  1,  59,   218, -1,  42
730807,20001118,    50, -1,  64,    80,  1,  37
730807,20001118,    53, -1,  56,    31,  1,  13
730807,20001118,    60,  1,  55,    33, -1,   7
730807,20001118,    54,  1,  49,    55, -1,   6
730807,20001118,    61, -1,  62,    98,  1,   7
730807,20001118,    63,  0,  31,    19,  0,  28
730807,20001118,    64,  1,  30,    62, -1,   7
730807,20001118,    66,  1,  14,   178, -1,   7
730807,20001118,    67,  1,  45,    34, -1,  44
730807,20001118,    71,  1,  32,   118, -1,  14
730807,20001118,    72, -1,  35,   109,  1,  22
730807,20001118,    74,  0,  31,   126,  0,  14
730807,20001118,    76,  1,  27,   103, -1,  10
730807,20001118,    77,  1,  55,     6, -1,  28
730807,20001118,    78,  1,  27,    65, -1,  20
730807,20001118,    82, -1,  27,   214,  1,  24
730807,20001118,    84,  1,  40,   121, -1,   7
730807,20001118,    89,  1,  38,    94, -1,  17
730807,20001118,    90,  1,  30,     7, -1,  14
730807,20001118,    95, -1,  28,   120,  1,  24
730807,20001118,   100, -1,  31,    99,  1,  17
730807,20001118,   104, -1,  32,    79,  1,  13
730807,20001118,   106,  1,  55,   136, -1,  10
730807,20001118,   107, -1,  28,   177,  1,  18
730807,20001118,   110, -1,  29,   162,  1,  21
730807,20001118,   111,  1,  12,   139, -1,   7
730807,20001118,   113, -1,  26,   190,  1,   0
730807,20001118,   114, -1,  17,    25,  1,  16
730807,20001118,   115, -1,  38,   150,  1,  26
730807,20001118,   128,  1,  41,   102, -1,  38
730807,20001118,   117,  1,  27,    88, -1,  24
730807,20001118,   122, -1,  32,    91,  1,  28
730807,20001118,   123,  1,  28,   124, -1,   3
730807,20001118,   135,  1,  34,   163, -1,  28
730807,20001118,   141,  0,  59,    52,  0,  21
730807,20001118,   132,  0,  66,   167,  0,  14
730807,20001118,   142,  1,  30,   138, -1,  23
730807,20001118,   143,  1,  34,    93, -1,  30
730807,20001118,   130,  1,  40,    28, -1,   6
730807,20001118,   146,  1,  61,    83, -1,  23
730807,20001118,   148, -1,  45,   166,  1,  17
730807,20001118,   149,  1,  38,   108, -1,  28
730807,20001118,   151,  1,  27,   199, -1,  13
730807,20001118,   152,  1,  50,    18, -1,  22
730807,20001118,   154,  1,  23,   153, -1,  13
730807,20001118,   155, -1,  45,    43,  1,  15
730807,20001118,   156,  1,  42,   116, -1,  23
730807,20001118,   157, -1,   7,   192,  1,   0
730807,20001118,   158,  1,  49,    44, -1,  22
730807,20001118,   161,  1,  41,    85, -1,  13
730807,20001118,   164, -1,  21,   231,  1,  18
730807,20001118,   165, -1,  36,   189,  1,   6
730807,20001118,   169,  1,  22,   225, -1,  20
730807,20001118,   180,  1,  59,    16, -1,   0
730807,20001118,   212, -1,  38,   209,  1,  35
730807,20001118,   183, -1,  27,   144,  1,  23
730807,20001118,   198, -1,  24,   170,  1,  17
730807,20001118,   185, -1,  30,    87,  1,  21
730807,20001118,   187,  1,  42,   184, -1,  14
730807,20001118,   188, -1,  36,    30,  1,  30
730807,20001118,   176,  1,  17,   147, -1,   3
730807,20001118,   193,  1,  59,    97, -1,  20
730807,20001118,   194,  1,  51,   175, -1,  33
730807,20001118,   195, -1,  37,   222,  1,  35
730807,20001118,   191,  1,  47,   215, -1,  14
730807,20001118,   206,  0,  17,   140,  0,  12
730807,20001118,   202, -1,  30,    51,  1,  23
730807,20001118,   203, -1,  28,    92,  1,   0
730807,20001118,   204,  1,  37,   112, -1,  14
730807,20001118,   205,  1,  28,   174, -1,  17
730807,20001118,   219,  1,  24,   133, -1,  17
730807,20001118,   226, -1,  49,   131,  1,  26
730807,20001118,   227, -1,  51,   228,  1,   3
730807,20001118,   230,  1,  42,    58, -1,  24
730807,20001118,   223, -1,  44,   145,  1,  41
730807,20001118,   233,  1,  22,   168, -1,   0
730807,20001118,   224,  1,  28,    56, -1,   0
730807,20001118,   234, -1,  24,   210,  1,   6
730807,20001118,   236, -1,  34,    75,  1,  24
730807,20001118,   237, -1,  35,    29,  1,  13
730811,20001122,   201,  1,  51,    22, -1,  17
730812,20001123,   118,  1,  45,   119, -1,  30
730813,20001124,    10, -1,  30,     9,  1,  17
730813,20001124,    12,  1,  14,   105, -1,   3
730813,20001124,    27, -1,  34,   213,  1,  27
730813,20001124,    58, -1,  14,   181,  1,   9
730813,20001124,    61,  0,  38,    91,  0,  16
730813,20001124,   134,  1,  34,    39, -1,  32
730813,20001124,   157,  1,  38,   230, -1,  28
730813,20001124,   196,  1,  43,   197, -1,  17
730813,20001124,   191, -1,  62,   178,  1,   7
730814,20001125,     8, -1,  33,   203,  1,  30
730814,20001125,    49,  1,  49,   158, -1,  14
730814,20001125,    66, -1,  37,   174,  1,   6
730814,20001125,    68,  1,  42,   111, -1,  17
730814,20001125,    72, -1,  27,    71,  1,  15
730814,20001125,    77, -1,  31,    67,  1,  24
730814,20001125,   100, -1,  37,   223,  1,   7
730814,20001125,   113,  1,  52,    21, -1,   6
730814,20001125,   123,  1,  45,    54, -1,  13
730814,20001125,   211, -1,  31,   173,  1,  24
730814,20001125,   133,  1,  32,   226, -1,  14
730814,20001125,   148, -1,  38,   212,  1,  21
730814,20001125,   151, -1,  12,   152,  1,   7
730814,20001125,   164,  1,  10,   237, -1,   3
730814,20001125,   182,  0,  33,    73,  0,  29
730814,20001125,   190,  1,  49,   166, -1,  21
730814,20001125,   193, -1,  28,   217,  1,  26
730814,20001125,   205,  1,  38,   135, -1,   3
730814,20001125,   220,  1,  42,   219, -1,  21
730814,20001125,   233,  1,  27,    63, -1,   0
730814,20001125,   232, -1,  34,    76,  1,  18
730821,20001202,     8, -1,  17,   233,  1,  14
730821,20001202,    49,  1,  47,   100, -1,  22
730821,20001202,    62,  0,  28,    15,  0,   6
730821,20001202,    68,  1,  48,    77, -1,  20
730821,20001202,    73,  0,  14,     4,  0,   6
730821,20001202,   108,  1,  19,   224, -1,  14
730821,20001202,   123,  1,  34,   164, -1,  20
730821,20001202,   131,  0,  30,    14,  0,  28
730821,20001202,   211, -1,  34,    76,  1,  32
730821,20001202,   151,  0,  27,    95,  0,  24
730828,20001209,    68, -1,  27,    49,  1,  18
730828,20001209,   123,  1,  19,     8, -1,  16
730835,20001216,    68,  0,  27,   123,  0,  25
730839,20001220,   181,  0,  28,   191,  0,  21
730840,20001221,   211,  1,  31,    12, -1,  14
730843,20001224,    71,  0,  37,   219,  0,  14
730844,20001225,    21,  0,  31,    10,  0,  17
730846,20001227,    58,  0,  40,   199,  0,  27
730846,20001227,   108,  0,  25,    35,  0,  14
730847,20001228,    20,  0,  38,   215,  0,  23
730847,20001228,    89,  0,  37,   157,  0,  29
730847,20001228,   133,  0,  38,   117,  0,  30
730847,20001228,   230,  0,  49,   118,  0,  38
730848,20001229,    40,  0,  22,   104,  0,  17
730848,20001229,   105,  0,  28,    72,  0,  14
730848,20001229,   153,  0,  35,   196,  0,  30
730848,20001229,   232,  0,  21,   209,  0,  20
730849,20001230,   134,  0,  66,   146,  0,  17
730850,20001231,     1,  0,  37,    66,  0,  34
730850,20001231,   119,  0,  43,   197,  0,  41
730851,20010101,    95,  0,  35,   193,  0,  21
730851,20010101,   115,  0,  31,    15,  0,  28
730851,20010101,   154,  0,  41,   148,  0,   9
730851,20010101,   179,  0,  24,   150,  0,   7
730851,20010101,   220,  0,  41,    37,  0,  20
730851,20010101,   227,  0,  34,   161,  0,  24
730852,20010102,   113,  0,  37,    62,  0,  20
730853,20010103,   151,  0,  13,    64,  0,   2
