732186,20040828,   113,  1,  49,    85, -1,   0
732186,20040828,   130,  1,  52,   218, -1,   0
732186,20040828,   214,  0,  24,   222,  0,  13
732191,20040902,    10,  1,  41,   217, -1,   9
732191,20040902,    21, -1,  19,    17,  1,  11
732191,20040902,   137, -1,  24,    48,  1,  21
732191,20040902,    55,  1,  37,    25, -1,  34
732191,20040902,    76,  1,  45,     6, -1,   0
732191,20040902,   140,  1,  37,    56, -1,  14
732191,20040902,   170,  1,  42,   179, -1,   3
732191,20040902,   120,  1,  31,    50, -1,  26
732191,20040902,   192,  1,  48,   147, -1,  45
732191,20040902,   215,  1,  41,   198, -1,  21
732191,20040902,   220,  1,  20,    24, -1,  14
732191,20040902,   226,  1,  42,   201, -1,   0
732192,20040903,   230, -1,  21,   138,  1,  17
732193,20040904,    30, -1,  56,     1,  1,  14
732193,20040904,     3,  1,  48,   216, -1,  17
732193,20040904,   208,  1,  56,    18, -1,  14
732193,20040904,     9,  1,  21,   145, -1,   3
732193,20040904,    12,  1,  63,   139, -1,  13
732193,20040904,    15,  1,  31,   212, -1,   0
732193,20040904,    20,  1,  65,    80, -1,   7
732193,20040904,    27,  1,  20,   149, -1,  17
732193,20040904,    31,  1,  27,   171, -1,   6
732193,20040904,    36,  1,  37,   228, -1,  30
732193,20040904,    39,  1,  27,    40, -1,  24
732193,20040904,    42,  1,  52,   128, -1,  14
732193,20040904,   109, -1,  51,    49,  1,   0
732193,20040904,   203, -1,  34,    58,  1,  13
732193,20040904,   163, -1,  37,    64,  1,  36
732193,20040904,    69,  1,  36,   187, -1,   7
732193,20040904,    70,  1,  48,    67, -1,  28
732193,20040904,    71,  1,  28,   173, -1,   7
732193,20040904,    59, -1,  35,    75,  1,  28
732193,20040904,    52, -1,  31,    77,  1,   7
732193,20040904,     5,  0,  27,    79,  0,  12
732193,20040904,    82,  1,  52,    61, -1,  13
732193,20040904,    84,  1,  41,    28, -1,  10
732193,20040904,    87,  1,  39,    95, -1,   7
732193,20040904,    88,  1,  23,   146, -1,   0
732193,20040904,    73,  1,  38,    89, -1,  19
732193,20040904,    93,  1,  21,   206, -1,   3
732193,20040904,    94,  1,  27,   235, -1,  13
732193,20040904,   227, -1,  35,    97,  1,  28
732193,20040904,    98,  1,  48,   106, -1,   7
732193,20040904,    99,  1,  25,   190, -1,   2
732193,20040904,   104,  1,  22,   155, -1,  21
732193,20040904,   204, -1,  17,   107,  1,  15
732193,20040904,   108,  1,  23,   131, -1,  20
732193,20040904,   114,  1,  43,   113, -1,  10
732193,20040904,   116,  1,  63,   202, -1,  21
732193,20040904,   111, -1,  20,   117,  1,  13
732193,20040904,   118,  1,  28,   205, -1,   7
732193,20040904,    11, -1,  49,   126,  1,  14
732193,20040904,   119,  1,  52,    13, -1,  20
732193,20040904,   122,  1,  27,   105, -1,  20
732193,20040904,    37, -1,  28,   124,  1,   7
732193,20040904,   132,  1,  27,    51, -1,  12
732193,20040904,   135,  1,  56,   225, -1,  17
732193,20040904,   142,  1,  49,   233, -1,  38
732193,20040904,   134,  1,  42,   165, -1,   0
732193,20040904,   129,  1,  15,   130, -1,  13
732193,20040904,   151,  1,  27,    34, -1,   6
732193,20040904,   150,  1,  42,   223, -1,  14
732193,20040904,   152,  1,  40,    22, -1,  24
732193,20040904,   157,  1,  48,     2, -1,  10
732193,20040904,   167,  1,  19,   115, -1,  14
732193,20040904,   175,  1,  38,    81, -1,  21
732193,20040904,   200, -1,  27,   181,  1,  13
732193,20040904,   110, -1,  35,   185,  1,  17
732193,20040904,   121, -1,  44,   188,  1,   3
732193,20040904,   189,  1,  43,   176, -1,   3
732193,20040904,   221, -1,  44,   193,  1,  14
732193,20040904,   195,  1,  42,     4, -1,   7
732193,20040904,   196,  1,  32,    68, -1,  26
732193,20040904,   197,  1,  65,   143, -1,   0
732193,20040904,   160, -1,  25,   207,  1,   7
732193,20040904,   209,  1,  52,   169, -1,   0
732193,20040904,   153, -1,  31,   211,  1,  20
732193,20040904,   101,  1,  14,   148, -1,   7
732193,20040904,   182, -1,  31,   219,  1,   6
732193,20040904,   186, -1,  34,   231,  1,  31
732193,20040904,   232,  1,  56,    57, -1,  23
732193,20040904,   234,  1,  34,   210, -1,   6
732193,20040904,   237,  1,  53,     8, -1,   7
732193,20040904,     7, -1,  34,    72,  1,  23
732194,20040905,   103,  1,  28,    96, -1,   0
732194,20040905,   162,  1,  51,   191, -1,   0
732194,20040905,   194,  1,  42,   213, -1,  17
732194,20040905,    65, -1,  35,   229,  1,  16
732194,20040905,   164,  0,  10,    78,  0,   7
732195,20040906,   102,  1,  38,   136, -1,  21
732198,20040909,   195, -1,  27,   201,  1,  13
732198,20040909,   204,  1,  24,   119, -1,  14
732199,20040910,   112,  1,  16,    63, -1,  10
732199,20040910,    20,  1,  53,   155, -1,  34
732200,20040911,     1,  1,  42,    56, -1,  20
732200,20040911,   127, -1,  31,     2,  1,  24
732200,20040911,     3,  1,  28,   117, -1,   7
732200,20040911,     4,  1,  21,    72, -1,   9
732200,20040911,     5,  1,  55,   207, -1,  15
732200,20040911,    64, -1,  14,     6,  1,   0
732200,20040911,     7,  1,  16,   133, -1,  13
732200,20040911,     8,  1,  49,    54, -1,  21
732200,20040911,   215, -1,  23,     9,  1,   6
732200,20040911,   197, -1,  22,    12,  1,  20
732200,20040911,    19, -1,  27,    11,  1,  14
732200,20040911,   103, -1,  52,    14,  1,  21
732200,20040911,    18,  1,  24,   199, -1,  17
732200,20040911,    21,  1,  21,   157, -1,   7
732200,20040911,    22,  1,  49,   179, -1,  10
732200,20040911,   191, -1,  37,    25,  1,  17
732200,20040911,    30,  1,  41,   139, -1,  14
732200,20040911,   232, -1,  45,   210,  1,  20
732200,20040911,    34,  1,  45,   113, -1,  26
732200,20040911,    71, -1,  28,    36,  1,  24
732200,20040911,    37,  1,  31,    46, -1,  24
732200,20040911,    42,  1,  22,    51, -1,  20
732200,20040911,    47,  1,  28,   124, -1,   0
732200,20040911,    48,  1,  21,   203, -1,  17
732200,20040911,   228, -1,  31,    57,  1,  17
732200,20040911,    85, -1,  33,    53,  1,  30
732200,20040911,    60,  1,  49,    55, -1,  10
732200,20040911,    98, -1,  17,    69,  1,   6
732200,20040911,    73,  1,  47,    79, -1,  14
732200,20040911,   174, -1,  37,    77,  1,  31
732200,20040911,    29, -1,  35,    81,  1,  20
732200,20040911,   211, -1,  35,    82,  1,  17
732200,20040911,    87,  1,  17,    88, -1,  10
732200,20040911,   148, -1,  28,    89,  1,  20
732200,20040911,    93,  1,  63,   202, -1,  14
732200,20040911,    65, -1,  45,    94,  1,  21
732200,20040911,    95,  1,  38,   100, -1,  10
732200,20040911,   220, -1,  22,    99,  1,  16
732200,20040911,   102,  1,  24,   101, -1,  20
732200,20040911,   104,  1,  53,    13, -1,   3
732200,20040911,   105,  1,  38,   129, -1,   0
732200,20040911,   227, -1,  28,   106,  1,  13
732200,20040911,   108,  1,  45,   193, -1,  22
732200,20040911,   109,  1,  30,    38, -1,  20
732200,20040911,   178, -1,  51,   110,  1,  17
732200,20040911,   111,  1,  52,    33, -1,  21
732200,20040911,   115,  1,  24,    28, -1,   7
732200,20040911,   116,  1,  37,    83, -1,  21
732200,20040911,    15, -1,  43,   118,  1,  14
732200,20040911,   121,  1,  34,    97, -1,  15
732200,20040911,   122,  1,  41,    76, -1,  23
732200,20040911,    68, -1,  56,   125,  1,  49
732200,20040911,   132,  1,  28,   144, -1,  24
732200,20040911,   184, -1,  21,   135,  1,  17
732200,20040911,   138,  1,  27,   200, -1,  24
732200,20040911,   177, -1,  41,   141,  1,  34
732200,20040911,    59, -1,  20,   143,  1,  13
732200,20040911,   131,  1,  23,   170, -1,  22
732200,20040911,    10, -1,  30,   147,  1,  21
732200,20040911,   149,  1,  28,   114, -1,  20
732200,20040911,   151,  1,  24,   107, -1,  21
732200,20040911,   152,  1,  63,    78, -1,  13
732200,20040911,   153,  1,  38,   206, -1,  21
732200,20040911,    84, -1,  30,   154,  1,  24
732200,20040911,   158,  1,  24,   150, -1,   3
732200,20040911,   162,  1,  59,    17, -1,   7
732200,20040911,   163,  1,  39,    31, -1,   7
732200,20040911,   166,  1,  34,    52, -1,  14
732200,20040911,   137, -1,  35,   167,  1,  24
732200,20040911,    66, -1,  45,   173,  1,  10
732200,20040911,    70, -1,  20,   182,  1,  16
732200,20040911,   236, -1,  24,   168,  1,  22
732200,20040911,   183,  1,  21,   196, -1,   7
732200,20040911,   185,  1,  17,   126, -1,  14
732200,20040911,   187,  1,  35,   171, -1,  28
732200,20040911,   189,  1,  37,    27, -1,  10
732200,20040911,   180,  1,  24,   145, -1,  17
732200,20040911,   120,  1,  33,   172, -1,  31
732200,20040911,   192,  1,  44,   181, -1,   0
732200,20040911,   198,  1,  31,   237, -1,   0
732200,20040911,   205,  1,  39,    61, -1,  19
732200,20040911,   214,  1,  49,    40, -1,   0
732200,20040911,   216,  1,  14,    80, -1,   7
732200,20040911,   217,  1,  32,   231, -1,   0
732200,20040911,   218,  1,  24,    16, -1,  14
732200,20040911,   221,  1,  56,   142, -1,  24
732200,20040911,   222,  1,  63,   226, -1,   0
732200,20040911,   165, -1,  34,   223,  1,   7
732200,20040911,    39,  0,  20,   230,  0,  12
732200,20040911,   224,  1,  28,   140, -1,   7
732200,20040911,   234,  1,  18,   213, -1,   3
732200,20040911,    62, -1,  22,   239,  1,  16
732200,20040911,   136,  1,  59,    44, -1,   7
732205,20040916,    31, -1,  30,   188,  1,  15
732206,20040917,    21,  1,  27,    42, -1,   7
732207,20040918,     3,  1,  52,   224, -1,   0
732207,20040918,     4,  1,  30,   126, -1,  20
732207,20040918,     8,  1,  28,    35, -1,  14
732207,20040918,   234, -1,   9,     9,  1,   7
732207,20040918,    10,  1,  44,    87, -1,   7
732207,20040918,    12,  0,  49,   212,  0,  20
732207,20040918,   111, -1,  47,    13,  1,  35
732207,20040918,    15,  1,  10,   104, -1,   9
732207,20040918,   201, -1,  31,    16,  1,  14
732207,20040918,    72,  0,  24,    19,  0,  23
732207,20040918,   214, -1,  42,    27,  1,  10
732207,20040918,    23,  1,  35,     6, -1,   7
732207,20040918,    24,  1,  15,    43, -1,   9
732207,20040918,    28,  1,  44,   179, -1,  27
732207,20040918,    91, -1,  65,    33,  1,  20
732207,20040918,    38,  1,  17,    45, -1,  15
732207,20040918,    39,  1,  52,   143, -1,  21
732207,20040918,   116, -1,  34,    40,  1,  16
732207,20040918,    64, -1,  17,    41,  1,  14
732207,20040918,   238, -1,  24,    47,  1,  17
732207,20040918,    52,  1,  45,    69, -1,   7
732207,20040918,   235, -1,  21,    54,  1,   8
732207,20040918,   202, -1,  42,    55,  1,  32
732207,20040918,    58,  1,  49,    49, -1,  13
732207,20040918,    63,  1,  34,   208, -1,   7
732207,20040918,    65,  1,  27,   159, -1,  17
732207,20040918,    66, -1,  38,    68,  1,   6
732207,20040918,    70,  1,  13,   107, -1,   3
732207,20040918,    67,  1,  58,   236, -1,  14
732207,20040918,    73,  1,  40,   225, -1,  20
732207,20040918,    74,  1,  35,    77, -1,   0
732207,20040918,    78,  1,  35,    14, -1,  21
732207,20040918,    79,  0,  17,     7,  0,  10
732207,20040918,    82,  1,  30,   226, -1,  27
732207,20040918,    83,  1,  35,    53, -1,  31
732207,20040918,    85,  1,  28,   128, -1,  21
732207,20040918,    88,  1,  48,   131, -1,  41
732207,20040918,    32, -1,  38,    90,  1,   3
732207,20040918,    94,  1,  40,   101, -1,  20
732207,20040918,    96,  1,  51,    84, -1,  32
732207,20040918,    99, -1,  34,   100,  1,  16
732207,20040918,   165, -1,  24,   109,  1,  14
732207,20040918,   110,  1,  24,   239, -1,  20
732207,20040918,   112,  1,  48,   102, -1,   0
732207,20040918,   113,  1,  40,   150, -1,  20
732207,20040918,   114,  1,  24,   175, -1,  21
732207,20040918,   149, -1,  31,   115,  1,  24
732207,20040918,    59, -1,  27,   127,  1,  20
732207,20040918,   117,  1,  26,   219, -1,  23
732207,20040918,   105, -1,   9,   118,  1,   7
732207,20040918,   119,  1,  48,    17, -1,   0
732207,20040918,    29, -1,  27,   123,  1,  14
732207,20040918,   124,  1,  15,    26, -1,   7
732207,20040918,   136,  1,  38,    25, -1,  13
732207,20040918,   233, -1,   9,   137,  1,   7
732207,20040918,   139,  1,  22,   204, -1,  18
732207,20040918,   142,  1,  34,    71, -1,  13
732207,20040918,   151, -1,  22,   134,  1,  14
732207,20040918,    81, -1,  49,   129,  1,  42
732207,20040918,   180, -1,  24,   146,  1,  21
732207,20040918,   147,  1,  20,    93, -1,  17
732207,20040918,   148,  1,  52,   207, -1,   6
732207,20040918,   152,  1,  31,   154, -1,   7
732207,20040918,   153,  1,  59,   181, -1,   7
732207,20040918,   155,  1,  17,   138, -1,   7
732207,20040918,   157,  1,  37,   210, -1,  13
732207,20040918,   135, -1,  24,   158,  1,  17
732207,20040918,   185,  0,  42,   160,  0,  12
732207,20040918,   161,  1,  35,    98, -1,  18
732207,20040918,   164,  1,  41,    75, -1,  29
732207,20040918,   121, -1,  29,   166,  1,  27
732207,20040918,   167,  1,  29,    95, -1,  21
732207,20040918,    44,  1,  23,   186, -1,  17
732207,20040918,   172,  1,  41,   122, -1,  29
732207,20040918,   156, -1,  61,   174,  1,  18
732207,20040918,   176,  1,  47,   125, -1,  28
732207,20040918,   168, -1,  55,   177,  1,  20
732207,20040918,   182,  1,  34,   183, -1,   3
732207,20040918,   187,  1,  17,   218, -1,  13
732207,20040918,   191,  1,  19,    34, -1,   7
732207,20040918,   193,  1,  38,    61, -1,   7
732207,20040918,   194,  1,  30,    60, -1,  28
732207,20040918,   195,  0,  21,    89,  0,  20
732207,20040918,   198,  1,  27,    36, -1,   6
732207,20040918,   199,  1,  31,   178, -1,  28
732207,20040918,   200,  1,  70,   192, -1,  35
732207,20040918,   132, -1,  29,   206,  1,   0
732207,20040918,     1, -1,  27,   213,  1,  10
732207,20040918,   215, -1,  48,   216,  1,   6
732207,20040918,    20, -1,  47,   217,  1,  31
732207,20040918,    92, -1,  17,   220,  1,   0
732207,20040918,   221,  1,  51,     2, -1,   0
732207,20040918,   222,  1,  41,    51, -1,  17
732207,20040918,   196, -1,  16,   223,  1,  10
732207,20040918,   227,  1,  21,   190, -1,  13
732207,20040918,   228,  1,  42,   133, -1,   3
732207,20040918,   211, -1,  37,   229,  1,  31
732207,20040918,   230,  1,  49,    80, -1,   8
732207,20040918,   209, -1,  31,   231,  1,  29
732207,20040918,   232,  1,  19,   108, -1,  16
732208,20040919,   171,  1,  48,    86, -1,   7
732212,20040923,   112, -1,  38,    78,  1,  13
732212,20040923,     2, -1,  24,    95,  1,  19
732212,20040923,    97, -1,  30,   188,  1,  27
732213,20040924,   131,  1,  34,    22, -1,  17
732213,20040924,    20,  1,  28,    27, -1,  27
732214,20040925,   208,  1,  35,   111, -1,  28
732214,20040925,     5, -1,  41,     7,  1,   8
732214,20040925,   230, -1,  20,     9,  1,  19
732214,20040925,    10,  1,  27,   155, -1,  14
732214,20040925,    12,  1,  27,     3, -1,  10
732214,20040925,    11,  0,  24,     4,  0,  10
732214,20040925,    15,  1,  33,    35, -1,   3
732214,20040925,    47, -1,  40,    16,  1,   0
732214,20040925,    17,  1,  41,   226, -1,  14
732214,20040925,    18,  1,  37,   143, -1,  14
732214,20040925,    19,  1,  43,   141, -1,   3
732214,20040925,    74, -1,  35,    23,  1,  34
732214,20040925,    24,  1,  42,    41, -1,  13
732214,20040925,    31,  1,  28,   227, -1,  21
732214,20040925,    67, -1,  51,    33,  1,  17
732214,20040925,    38,  1,  33,    69, -1,   0
732214,20040925,    40,  1,  39,   123, -1,  14
732214,20040925,    42,  1,  40,    14, -1,   3
732214,20040925,    43,  1,  19,   238, -1,   7
732214,20040925,   137, -1,  45,    45,  1,  24
732214,20040925,    46,  1,  21,    26, -1,  14
732214,20040925,   170, -1,  49,    49,  1,   0
732214,20040925,    50,  1,  42,   124, -1,  12
732214,20040925,   108, -1,  55,    51,  1,  21
732214,20040925,    34, -1,  24,    57,  1,  19
732214,20040925,    91, -1,  30,    54,  1,  23
732214,20040925,    53, -1,  31,    55,  1,  28
732214,20040925,    56,  1,  47,    81, -1,  22
732214,20040925,    60,  1,  20,    96, -1,   3
732214,20040925,    63,  1,  41,    36, -1,  22
732214,20040925,    64,  1,  41,    52, -1,  34
732214,20040925,    68,  1,  26,   224, -1,  20
732214,20040925,    76,  1,  62,   163, -1,  43
732214,20040925,    79,  1,  53,   177, -1,   7
732214,20040925,   162, -1,  38,    82,  1,  30
732214,20040925,   115, -1,  30,    84,  1,  20
732214,20040925,    85,  1,  41,   201, -1,  24
732214,20040925,    89,  1,  31,   126, -1,  16
732214,20040925,   200, -1,  31,    93,  1,  30
732214,20040925,   104,  1,  51,   118, -1,   0
732214,20040925,   106,  1,  41,    86, -1,  14
732214,20040925,    48, -1,  21,   109,  1,   7
732214,20040925,   114,  1,  30,    87, -1,  17
732214,20040925,   116,  1,  43,   147, -1,  17
732214,20040925,   190, -1,  27,   121,  1,   0
732214,20040925,   122,  1,  27,   129, -1,  16
732214,20040925,    73,  0,  49,   125,  0,  37
732214,20040925,   128,  1,  34,   196, -1,  15
732214,20040925,   132,  1,  29,   219, -1,  26
732214,20040925,   138, -1,  38,   139,  1,   3
732214,20040925,   103, -1,  34,   142,  1,   0
732214,20040925,   133,  1,  19,    58, -1,  17
732214,20040925,   145,  1,  55,   231, -1,  27
732214,20040925,   148,  1,  40,     8, -1,  35
732214,20040925,   149,  1,  38,   229, -1,   3
732214,20040925,   150,  1,  34,    25, -1,   0
732214,20040925,   154,  1,  48,    80, -1,  10
732214,20040925,   220, -1,  16,   156,  1,  13
732214,20040925,   158,  1,  41,    66, -1,  38
732214,20040925,   159,  1,  35,   110, -1,  14
732214,20040925,    98, -1,  21,   165,  1,  16
732214,20040925,     6, -1,  23,   171,  1,   6
732214,20040925,   161, -1,  24,   174,  1,  17
732214,20040925,   175,  1,  27,   136, -1,  10
732214,20040925,   172, -1,  45,   178,  1,  17
732214,20040925,   179,  1,  51,   173, -1,  48
732214,20040925,   181,  1,  36,   176, -1,  13
732214,20040925,   182,  1,  17,   204, -1,   7
732214,20040925,   169, -1,  31,   185,  1,  24
732214,20040925,   166, -1,  28,   187,  1,  10
732214,20040925,   214, -1,  31,   189,  1,  28
732214,20040925,   180,  1,  24,   186, -1,  21
732214,20040925,   183, -1,  45,   192,  1,  44
732214,20040925,   194,  1,  42,   102, -1,  17
732214,20040925,    61,  0,  21,   195,  0,  15
732214,20040925,   197,  1,  35,   164, -1,  13
732214,20040925,   140, -1,  21,   207,  1,   6
732214,20040925,   202,  1,  45,   193, -1,  17
732214,20040925,   144, -1,  27,   203,  1,   3
732214,20040925,   184, -1,  32,   205,  1,  14
732214,20040925,   206,  1,  49,   120, -1,   7
732214,20040925,   209,  1,  58,    44, -1,  23
732214,20040925,   101,  1,  24,   127, -1,  17
732214,20040925,    13, -1,  28,   212,  1,  21
732214,20040925,   216, -1,  31,   213,  1,  21
732214,20040925,   215,  1,  49,     1, -1,  35
732214,20040925,   218,  1,  54,    90, -1,  38
732214,20040925,   221,  1,  31,   191, -1,  10
732214,20040925,   134, -1,  17,   222,  1,  16
732214,20040925,   228,  1,  17,    21, -1,  14
732214,20040925,   232,  1,  45,    92, -1,  10
732214,20040925,   233,  1,  42,   223, -1,   6
732214,20040925,   234,  1,  16,   157, -1,   3
732214,20040925,   237,  1,  37,   117, -1,  32
732214,20040925,   239,  1,  27,   100, -1,  17
732218,20040929,   107,  1,  33,   113, -1,  25
732219,20040930,   132, -1,  24,     1,  1,  21
732219,20040930,    42,  1,  29,   158, -1,  17
732220,20041001,   215, -1,  28,   138,  1,   7
732221,20041002,   182, -1,  20,     3,  1,   3
732221,20041002,   185, -1,  42,     5,  1,  41
732221,20041002,     8,  1,  41,   199, -1,  34
732221,20041002,   192, -1,  21,    14,  1,  17
732221,20041002,    20,  1,  38,   181, -1,  20
732221,20041002,    21,  1,  29,   109, -1,   7
732221,20041002,    25,  1,  48,   210, -1,  20
732221,20041002,    26,  1,  21,    16, -1,  14
732221,20041002,    29,  1,  14,   169, -1,   7
732221,20041002,    31,  1,  28,   106, -1,  13
732221,20041002,    28,  1,  24,    95, -1,  21
732221,20041002,    32,  1,  25,   223, -1,  24
732221,20041002,   208, -1,  30,    34,  1,  27
732221,20041002,    27, -1,  31,    40,  1,  21
732221,20041002,   161, -1,  27,    41,  1,  26
732221,20041002,    47,  1,  45,    46, -1,  27
732221,20041002,    48,  1,  43,   105, -1,  38
732221,20041002,    49,  1,  28,    73, -1,  23
732221,20041002,    51,  1,  28,    35, -1,  10
732221,20041002,    53,  1,  35,   179, -1,  28
732221,20041002,    80, -1,  45,    55,  1,  41
732221,20041002,    60,  1,  45,    12, -1,  30
732221,20041002,   101, -1,  43,    62,  1,  34
732221,20041002,    63,  1,  38,   142, -1,  16
732221,20041002,    66,  1,  31,   224, -1,  10
732221,20041002,    24, -1,  35,    69,  1,  19
732221,20041002,    70,  1,  45,   104, -1,  16
732221,20041002,    67,  1,  48,    58, -1,  14
732221,20041002,   112, -1,  27,    71,  1,   3
732221,20041002,    75,  1,  44,   206, -1,  16
732221,20041002,    64, -1,  42,    77,  1,  35
732221,20041002,   123, -1,  17,    81,  1,  13
732221,20041002,   114, -1,  35,    84,  1,  14
732221,20041002,    85,  1,  41,    83, -1,  38
732221,20041002,   121, -1,  40,    86,  1,  14
732221,20041002,    87,  1,  38,   115, -1,  16
732221,20041002,    50, -1,  20,    90,  1,   7
732221,20041002,    91,  1,  35,   128, -1,  14
732221,20041002,    92,  1,  31,    76, -1,  21
732221,20041002,   150, -1,  28,    96,  1,  16
732221,20041002,    74, -1,  38,    98,  1,  23
732221,20041002,    99,  1,  44,     6, -1,  14
732221,20041002,   100,  1,  17,    68, -1,   9
732221,20041002,   102,  1,  28,    65, -1,  21
732221,20041002,   103,  1,  59,    57, -1,   7
732221,20041002,   186, -1,  56,   110,  1,  14
732221,20041002,   111,  1,  41,    78, -1,  14
732221,20041002,   116,  1,  16,   157, -1,   7
732221,20041002,   117,  1,  28,    13, -1,  21
732221,20041002,   119,  1,  17,    39, -1,   9
732221,20041002,   124,  1,  29,   218, -1,  23
732221,20041002,    19, -1,  51,   125,  1,  21
732221,20041002,   135,  1,  14,    93, -1,   8
732221,20041002,   130, -1,  24,   140,  1,  14
732221,20041002,   141,  1,  27,   133, -1,  14
732221,20041002,   134,  1,  27,   228, -1,  21
732221,20041002,   143,  1,  30,   127, -1,  21
732221,20041002,   145,  1,  26,    44, -1,   0
732221,20041002,   209, -1,  30,   129,  1,  20
732221,20041002,   131,  1,  49,     2, -1,  19
732221,20041002,   147,  1,  33,   151, -1,  27
732221,20041002,   162, -1,  41,   149,  1,  16
732221,20041002,   152,  1,  28,   200, -1,  13
732221,20041002,   153,  1,  36,    88, -1,   7
732221,20041002,    10, -1,  28,   154,  1,  13
732221,20041002,    30, -1,  49,   155,  1,   7
732221,20041002,   156,  1,  35,    45, -1,   0
732221,20041002,    56, -1,  41,   159,  1,  21
732221,20041002,    72,  0,  53,   160,  0,  32
732221,20041002,    23, -1,  20,   163,  1,  13
732221,20041002,   171,  1,  30,   227, -1,  24
732221,20041002,    54, -1,  39,   173,  1,  36
732221,20041002,   176,  1,  70,   164, -1,  63
732221,20041002,   178,  1,  33,   126, -1,  17
732221,20041002,   184, -1,  27,   183,  1,  20
732221,20041002,   170,  1,  40,   146, -1,  36
732221,20041002,   187,  1,  45,    97, -1,  42
732221,20041002,   189,  1,  27,   229, -1,  13
732221,20041002,   166, -1,  31,   190,  1,  24
732221,20041002,   120,  1,  36,   225, -1,  31
732221,20041002,   191,  1,  41,   167, -1,  31
732221,20041002,    22, -1,  70,   193,  1,  16
732221,20041002,    15, -1,  34,   194,  1,  10
732221,20041002,   168,  0,  30,   195,  0,  13
732221,20041002,   196,  1,  49,   201, -1,  20
732221,20041002,   197,  1,  44,    18, -1,  14
732221,20041002,   198,  1,  42,    94, -1,  30
732221,20041002,     4, -1,  22,   207,  1,   3
732221,20041002,   202,  1,  52,    17, -1,  14
732221,20041002,   203,  1,  21,    43, -1,  11
732221,20041002,   204,  1,  49,   216, -1,  21
732221,20041002,   211,  1,  33,   175, -1,  10
732221,20041002,   213,  1,  48,   136, -1,  13
732221,20041002,   217,  1,  45,   139, -1,   0
732221,20041002,   219,  1,  31,   118, -1,  13
732221,20041002,   137, -1,  51,   220,  1,  40
732221,20041002,   222,  1,  19,   232, -1,  13
732221,20041002,   122, -1,  42,   231,  1,  21
732221,20041002,   235,  1,  44,   239, -1,  19
732221,20041002,   233,  1,  38,   144, -1,  35
732221,20041002,   234,  1,  24,    82, -1,   7
732221,20041002,   236,  1,  56,    33, -1,  21
732221,20041002,   237,  1,  31,   212, -1,  10
732221,20041002,   238,  1,  31,    38, -1,  28
732226,20041007,   184,  1,  35,    78, -1,  29
732226,20041007,   221,  1,  30,    36, -1,  10
732227,20041008,   213, -1,  24,    27,  1,  20
732228,20041009,     1,  1,  28,   138, -1,  23
732228,20041009,     2,  1,  44,    25, -1,  21
732228,20041009,   185, -1,  33,     4,  1,  24
732228,20041009,     5,  0,  28,    89,  0,   6
732228,20041009,     6,  1,  38,   187, -1,   0
732228,20041009,     8,  1,  30,    66, -1,  29
732228,20041009,    14,  1,  48,    34, -1,  29
732228,20041009,    15,  1,  52,   102, -1,   7
732228,20041009,   124, -1,  28,    16,  1,  14
732228,20041009,    55, -1,  31,    17,  1,  24
732228,20041009,   119, -1,  30,    18,  1,  10
732228,20041009,    19,  1,  45,    49, -1,  16
732228,20041009,   156, -1,  32,    24,  1,  25
732228,20041009,   131, -1,  30,   210,  1,  28
732228,20041009,    22, -1,  38,    28,  1,  14
732228,20041009,    38,  1,  29,   161, -1,  26
732228,20041009,   153, -1,  42,    39,  1,  14
732228,20041009,    98, -1,  35,    41,  1,  14
732228,20041009,   238, -1,  24,    45,  1,  14
732228,20041009,    90, -1,  29,    46,  1,  26
732228,20041009,    50,  1,  41,   174, -1,  38
732228,20041009,    52,  1,  42,    86, -1,  14
732228,20041009,    57,  1,  27,   205, -1,  25
732228,20041009,    54,  1,  49,    53, -1,   6
732228,20041009,    56,  1,  45,   145, -1,  14
732228,20041009,   236, -1,  27,    58,  1,  13
732228,20041009,   104, -1,  24,    60,  1,  21
732228,20041009,   140, -1,  42,    61,  1,  25
732228,20041009,    23, -1,  27,    64,  1,  20
732228,20041009,   217, -1,  24,    65,  1,  21
732228,20041009,    69,  1,  21,   223, -1,   0
732228,20041009,   194, -1,  19,    70,  1,  14
732228,20041009,    73,  1,  48,    68, -1,  25
732228,20041009,    74,  1,  34,    43, -1,  24
732228,20041009,    75,  1,  48,   136, -1,  26
732228,20041009,    99, -1,  42,    77,  1,  14
732228,20041009,    79,  1,  24,    32, -1,   6
732228,20041009,   212, -1,  16,    80,  1,  14
732228,20041009,    83,  1,  34,   120, -1,  31
732228,20041009,   198, -1,  34,    88,  1,   3
732228,20041009,    92,  1,  28,   109, -1,   7
732228,20041009,    93,  1,  31,    94, -1,  28
732228,20041009,     3, -1,  45,    96,  1,  17
732228,20041009,   233, -1,  37,   100,  1,  17
732228,20041009,   106,  1,  22,   188, -1,  20
732228,20041009,    71, -1,  20,   108,  1,   7
732228,20041009,   113,  1,  47,    95, -1,  27
732228,20041009,   114,  1,  27,   116, -1,  24
732228,20041009,   115,  1,  38,    82, -1,  25
732228,20041009,   127,  1,  45,    13, -1,  17
732228,20041009,   208, -1,  27,   118,  1,  13
732228,20041009,    72, -1,  34,   126,  1,  26
732228,20041009,   122,  1,  24,    81, -1,  22
732228,20041009,   123,  1,  20,   231, -1,  17
732228,20041009,   128,  1,  24,   173, -1,  21
732228,20041009,   139,  1,  35,   101, -1,  32
732228,20041009,   168, -1,  39,   141,  1,  14
732228,20041009,   142,  1,  30,   134, -1,  24
732228,20041009,   125, -1,  28,   133,  1,  26
732228,20041009,   144,  1,  34,   220, -1,  30
732228,20041009,   235, -1,  17,   146,  1,  10
732228,20041009,   147,  1,  31,    84, -1,  24
732228,20041009,   149,  1,  23,   189, -1,  15
732228,20041009,   234, -1,  24,   151,  1,  13
732228,20041009,   107, -1,  16,   150,  1,  13
732228,20041009,   162, -1,  20,   157,  1,  13
732228,20041009,     7, -1,  26,   160,  1,  15
732228,20041009,   164,  1,  44,   181, -1,  10
732228,20041009,   105, -1,  29,   165,  1,  25
732228,20041009,    31, -1,  34,   166,  1,  21
732228,20041009,   159, -1,  31,    44,  1,   0
732228,20041009,   178,  1,  26,   129, -1,  13
732228,20041009,   117, -1,  31,   182,  1,  28
732228,20041009,   169,  1,  24,   130, -1,  21
732228,20041009,    29, -1,  24,   186,  1,  17
732228,20041009,    62, -1,  31,   180,  1,  24
732228,20041009,    76, -1,  61,   190,  1,  21
732228,20041009,    63, -1,  17,   191,  1,  13
732228,20041009,   158, -1,  27,   193,  1,  22
732228,20041009,   196,  1,  52,    33, -1,  34
732228,20041009,    91, -1,  59,   201,  1,  12
732228,20041009,   152,  0,  12,   197,  0,   0
732228,20041009,    11, -1,  42,   207,  1,   0
732228,20041009,    59, -1,  20,   199,  1,  13
732228,20041009,   200,  1,  70,   135, -1,  10
732228,20041009,   163, -1,  28,   203,  1,  16
732228,20041009,   214,  1,  23,    30, -1,  17
732228,20041009,   211,  1,  37,     9, -1,  17
732228,20041009,   143, -1,  31,   216,  1,  23
732228,20041009,    47, -1,  38,   218,  1,   7
732228,20041009,   167, -1,  37,   219,  1,  34
732228,20041009,   121, -1,  14,   227,  1,   7
732228,20041009,   222, -1,  17,   228,  1,  10
732228,20041009,   229,  1,  21,   176, -1,   6
732228,20041009,   154, -1,  41,   230,  1,  38
732228,20041009,    67, -1,  38,   224,  1,  16
732228,20041009,   225,  1,  29,    85, -1,  27
732228,20041009,   202, -1,  59,   226,  1,  33
732228,20041009,   237,  1,  20,   175, -1,  10
732228,20041009,   170, -1,  37,   239,  1,   2
732232,20041013,   232, -1,  31,    42,  1,  19
732233,20041014,   112,  1,  41,   103, -1,  38
732234,20041015,   208,  1,  41,   192, -1,  25
732235,20041016,     3,  1,  27,   184, -1,   3
732235,20041016,   121, -1,  25,     6,  1,  24
732235,20041016,     7,  1,  30,   207, -1,   0
732235,20041016,    13,  1,  13,   204, -1,   9
732235,20041016,    15,  1,  38,    12, -1,  20
732235,20041016,    22,  1,  51,    17, -1,  13
732235,20041016,    27,  1,  24,   237, -1,  13
732235,20041016,    98, -1,  14,    24,  1,  13
732235,20041016,   113, -1,  25,    25,  1,   7
732235,20041016,    50, -1,  43,    26,  1,   6
732235,20041016,    29,  1,  38,   199, -1,  21
732235,20041016,    30,  1,  45,   211, -1,  28
732235,20041016,     2, -1,  26,   210,  1,  21
732235,20041016,    58, -1,  35,    33,  1,  26
732235,20041016,    36,  1,  35,   216, -1,   6
732235,20041016,    39,  1,  19,    88, -1,  14
732235,20041016,    38, -1,  10,    43,  1,   6
732235,20041016,    77, -1,  24,    45,  1,   0
732235,20041016,    46,  1,  14,   124, -1,  10
732235,20041016,    49,  1,  15,   133, -1,   6
732235,20041016,    53,  1,  24,   128, -1,   9
732235,20041016,   122, -1,  31,    56,  1,  28
732235,20041016,    63,  1,  36,   221, -1,   3
732235,20041016,    66,  1,  33,    35, -1,  14
732235,20041016,    70,  1,  33,   219, -1,   3
732235,20041016,    67,  1,  54,     8, -1,   7
732235,20041016,    71,  1,  24,    51, -1,   7
732235,20041016,    11, -1,  41,    72,  1,  22
732235,20041016,    73,  1,  58,   141, -1,  10
732235,20041016,    74,  1,  41,   144, -1,  14
732235,20041016,    48, -1,  20,    76,  1,  19
732235,20041016,    79,  1,  42,   125, -1,  35
732235,20041016,    80,  1,  38,   101, -1,  25
732235,20041016,   114, -1,  30,    82,  1,  19
732235,20041016,   120, -1,  31,    85,  1,  28
732235,20041016,    87,  1,  33,   151, -1,   7
732235,20041016,    90,  1,  31,    16, -1,  14
732235,20041016,    91,  1,  49,   195, -1,  35
732235,20041016,   152, -1,  31,    94,  1,  21
732235,20041016,   107, -1,  27,    95,  1,  17
732235,20041016,   182, -1,  12,    96,  1,   7
732235,20041016,    92, -1,  24,   105,  1,  20
732235,20041016,   171, -1,  38,   106,  1,  10
732235,20041016,   134, -1,  13,   108,  1,   3
732235,20041016,   111,  1,  49,   205, -1,  24
732235,20041016,   115,  1,  51,   116, -1,  17
732235,20041016,   194, -1,  21,   117,  1,  17
732235,20041016,   123,  1,  31,   159, -1,  24
732235,20041016,   149,  0,  27,   132,  0,   9
732235,20041016,   135,  1,  59,    18, -1,  27
732235,20041016,   136,  1,  35,   164, -1,  10
732235,20041016,   109, -1,  38,   137,  1,  21
732235,20041016,   130,  1,  27,   186, -1,  21
732235,20041016,    59, -1,  39,   129,  1,  24
732235,20041016,   131,  1,  42,    28, -1,  10
732235,20041016,   148,  1,  47,   110, -1,  17
732235,20041016,   198, -1,  36,   153,  1,  20
732235,20041016,   154,  1,  28,     9, -1,  14
732235,20041016,   156,  1,  14,    41, -1,   3
732235,20041016,   158,  1,  20,    21, -1,  17
732235,20041016,     5, -1,  42,   160,  1,  20
732235,20041016,   161,  1,  24,    23, -1,  10
732235,20041016,   234, -1,  20,   162,  1,  17
732235,20041016,    47, -1,  29,   166,  1,  12
732235,20041016,   167,  1,  16,   193, -1,   6
732235,20041016,    44,  1,  31,   231, -1,  12
732235,20041016,   172,  1,  38,   140, -1,  10
732235,20041016,   173,  1,  34,   201, -1,  20
732235,20041016,   174,  1,  49,   218, -1,  14
732235,20041016,    40, -1,  21,   175,  1,  17
732235,20041016,     4,  0,  44,   177,  0,  12
732235,20041016,    54, -1,  38,   179,  1,  13
732235,20041016,   102, -1,  41,   181,  1,  10
732235,20041016,   168,  1,  28,    19, -1,  14
732235,20041016,    14, -1,  42,   183,  1,  35
732235,20041016,   170,  1,  38,   235, -1,  10
732235,20041016,   185,  0,  45,    89,  0,   7
732235,20041016,   190, -1,  29,   187,  1,  21
732235,20041016,    52, -1,  34,   188,  1,   8
732235,20041016,   197,  1,  28,   119, -1,  20
732235,20041016,   202,  1,  31,   150, -1,  13
732235,20041016,    20, -1,  45,   206,  1,  42
732235,20041016,   214,  1,  45,    10, -1,   7
732235,20041016,   180, -1,  22,   209,  1,  19
732235,20041016,   212,  1,  28,    62, -1,  20
732235,20041016,   138, -1,  24,   213,  1,  20
732235,20041016,   215,  1,  46,   142, -1,  16
732235,20041016,   217,  1,  51,    75, -1,  20
732235,20041016,   220,  1,  49,   165, -1,  10
732235,20041016,   222,  1,  62,    61, -1,   0
732235,20041016,    37, -1,  21,   223,  1,  14
732235,20041016,   227,  1,  27,    86, -1,  14
732235,20041016,   155, -1,  29,   229,  1,  14
732235,20041016,   189, -1,  23,   230,  1,  17
732235,20041016,   225,  1,  40,    83, -1,  31
732235,20041016,    55, -1,  35,   226,  1,  31
732235,20041016,   233,  1,  31,   163, -1,  24
732235,20041016,   236,  1,  15,   224, -1,  12
732235,20041016,    99, -1,  30,   238,  1,  24
732235,20041016,   146, -1,  22,   239,  1,  20
732235,20041016,    60,  1,  52,   127, -1,  16
732240,20041021,   232,  1,  27,   191, -1,   6
732240,20041021,   140,  1,  40,   148, -1,  14
732241,20041022,    40,  1,  30,   237, -1,   7
732241,20041022,   103,  1,  41,   183, -1,   9
732242,20041023,    27, -1,  41,     1,  1,  24
732242,20041023,     2,  1,  35,    17, -1,  23
732242,20041023,   185, -1,  23,     7,  1,  20
732242,20041023,     8,  1,  38,   236, -1,  17
732242,20041023,    30, -1,  38,     9,  1,   0
732242,20041023,    10,  1,  48,   211, -1,  42
732242,20041023,    70, -1,  20,    12,  1,  14
732242,20041023,    15,  1,  42,    96, -1,  10
732242,20041023,    88, -1,  26,    18,  1,  25
732242,20041023,    20,  1,  33,    65, -1,  16
732242,20041023,    23,  1,  21,    43, -1,  17
732242,20041023,    31,  1,  35,   187, -1,  17
732242,20041023,    34,  1,  49,   111, -1,  10
732242,20041023,    36,  1,  10,   108, -1,   7
732242,20041023,    37,  1,  33,   100, -1,   6
732242,20041023,    38,  1,  41,    77, -1,   7
732242,20041023,    41,  1,   9,    45, -1,   6
732242,20041023,    42,  1,  45,   193, -1,  31
732242,20041023,    47,  1,  49,    26, -1,  10
732242,20041023,    48,  1,  31,   233, -1,  28
732242,20041023,    50,  1,  37,   218, -1,  10
732242,20041023,   221, -1,  37,    51,  1,  16
732242,20041023,    66, -1,  10,    58,  1,   0
732242,20041023,    61,  1,  50,   177, -1,  14
732242,20041023,   212, -1,  17,    59,  1,  13
732242,20041023,   110, -1,  30,    62,  1,  27
732242,20041023,    98, -1,  35,    64,  1,  20
732242,20041023,    68,  1,  28,   223, -1,  17
732242,20041023,    89, -1,  32,    72,  1,  23
732242,20041023,    75,  1,  46,   176, -1,  28
732242,20041023,    81,  1,  29,    44, -1,  24
732242,20041023,    83,  1,  30,   239, -1,  24
732242,20041023,    94,  1,  45,   135, -1,  21
732242,20041023,   106, -1,  41,    97,  1,  35
732242,20041023,    99,  1,  40,    24, -1,  17
732242,20041023,   217, -1,  44,   102,  1,  27
732242,20041023,   104,  1,  24,   204, -1,  20
732242,20041023,   105,  1,  35,   144, -1,  26
732242,20041023,   107,  1,  48,    25, -1,  14
732242,20041023,   113,  1,  43,   210, -1,   7
732242,20041023,   127,  1,  34,    80, -1,  14
732242,20041023,   116,  1,  45,    82, -1,   0
732242,20041023,   118,  1,  38,    60, -1,  31
732242,20041023,   153, -1,  20,   119,  1,  17
732242,20041023,   121,  1,  27,    69, -1,  10
732242,20041023,   123,  1,  27,   169, -1,  24
732242,20041023,   124,  1,  28,    90, -1,  14
732242,20041023,   125,  1,  34,    49, -1,  30
732242,20041023,   128,  1,  28,   179, -1,  13
732242,20041023,   132,  1,  14,   164, -1,  13
732242,20041023,   136,  1,  54,   206, -1,  48
732242,20041023,   137,  1,  33,    76, -1,  27
732242,20041023,   138,  1,  19,   175, -1,   9
732242,20041023,   133,  1,  14,    79, -1,  13
732242,20041023,   112, -1,  45,   134,  1,  31
732242,20041023,    29, -1,  13,   130,  1,  10
732242,20041023,   143,  1,  36,   139, -1,  26
732242,20041023,   145,  1,  21,   159, -1,  20
732242,20041023,   146,  1,  36,   225, -1,  13
732242,20041023,    21, -1,  24,   149,  1,  23
732242,20041023,   151,  1,  30,    84, -1,   7
732242,20041023,    22, -1,  41,   150,  1,  16
732242,20041023,   152,  1,  41,    93, -1,  10
732242,20041023,   155,  1,  38,   230, -1,  19
732242,20041023,    87, -1,   6,   157,  1,   4
732242,20041023,   158,  1,  41,   167, -1,  17
732242,20041023,    74, -1,  39,   161,  1,  14
732242,20041023,   114, -1,  16,   162,  1,  14
732242,20041023,   163,  1,  27,   109, -1,  24
732242,20041023,    92, -1,  26,   165,  1,  20
732242,20041023,   171,  1,  48,   188, -1,  14
732242,20041023,   172,  1,  20,   129, -1,   7
732242,20041023,   174,  1,  56,    46, -1,   0
732242,20041023,    73, -1,  52,   168,  1,  36
732242,20041023,   184,  1,  51,    57, -1,  10
732242,20041023,   186,  1,  19,   209, -1,  15
732242,20041023,   154, -1,  16,   189,  1,  13
732242,20041023,     6, -1,  27,   190,  1,  22
732242,20041023,   170, -1,  27,   120,  1,   3
732242,20041023,   192,  1,  34,    78, -1,  27
732242,20041023,   194,  1,  17,     3, -1,  13
732242,20041023,   173, -1,  42,   195,  1,  36
732242,20041023,   196,  1,  16,    91, -1,  13
732242,20041023,   201,  1,  32,    53, -1,  14
732242,20041023,   198,  1,  29,    39, -1,  26
732242,20041023,   126, -1,  15,   207,  1,  14
732242,20041023,   199,  1,  17,   180, -1,  14
732242,20041023,   197, -1,  51,   200,  1,  21
732242,20041023,    67, -1,  42,    35,  1,   7
732242,20041023,   202,  1,  27,    28, -1,  22
732242,20041023,   205,  1,  59,   208, -1,  55
732242,20041023,   214,  1,  38,   229, -1,   0
732242,20041023,   101,  1,  27,    13, -1,  24
732242,20041023,   215,  1,  63,   213, -1,  28
732242,20041023,   219,  1,  19,    54, -1,   7
732242,20041023,   220,  1,  41,   203, -1,   6
732242,20041023,   227,  1,  20,   166, -1,  17
732242,20041023,    63, -1,  20,   228,  1,  17
732242,20041023,    56, -1,  51,   231,  1,   7
732242,20041023,    33, -1,  27,   224,  1,  24
732242,20041023,   235,  1,  31,    85, -1,   9
732242,20041023,   131, -1,  59,   226,  1,  38
732242,20041023,   234,  1,  24,   147, -1,  12
732242,20041023,   156, -1,  17,   238,  1,   7
732247,20041028,   222, -1,  34,    71,  1,  20
732248,20041029,    20,  1,  69,    75, -1,   3
732249,20041030,     5,  0,  24,     4,  0,  20
732249,20041030,     6,  1,  35,   227, -1,  27
732249,20041030,   155, -1,  28,     9,  1,  14
732249,20041030,    89, -1,  42,    11,  1,  35
732249,20041030,   131, -1,  38,    17,  1,  31
732249,20041030,    18,  1,  35,   198, -1,  34
732249,20041030,    22,  1,  41,    55, -1,  20
732249,20041030,   174, -1,  41,    26,  1,  12
732249,20041030,   209, -1,  36,    29,  1,  33
732249,20041030,    30,  1,  27,    10, -1,   0
732249,20041030,    28,  1,  24,   226, -1,  21
732249,20041030,    33,  1,  59,     8, -1,  56
732249,20041030,    34,  1,  21,   192, -1,  10
732249,20041030,    36,  1,  26,   134, -1,  20
732249,20041030,   197, -1,  31,    39,  1,   7
732249,20041030,   138, -1,  26,    40,  1,  17
732249,20041030,    43,  1,  21,   161, -1,  20
732249,20041030,    74, -1,  13,    45,  1,  12
732249,20041030,    50, -1,  13,    47,  1,   6
732249,20041030,   168, -1,  28,    49,  1,  14
732249,20041030,    52,  1,   7,   106, -1,   3
732249,20041030,    57,  1,  38,    14, -1,  28
732249,20041030,    53,  1,  34,   195, -1,  24
732249,20041030,   128, -1,  19,    54,  1,  16
732249,20041030,    56,  1,  45,    44, -1,  10
732249,20041030,   224, -1,  28,    58,  1,   7
732249,20041030,    70,  0,  31,    60,  0,  24
732249,20041030,    59, -1,  38,    61,  1,   8
732249,20041030,    64,  1,  36,    69, -1,   6
732249,20041030,    65,  1,  42,   181, -1,   0
732249,20041030,    37, -1,  31,    68,  1,  19
732249,20041030,    67,  1,  63,   169, -1,   7
732249,20041030,    76,  1,  48,   165, -1,  17
732249,20041030,    24, -1,  42,    77,  1,  27
732249,20041030,    78,  1,  24,   205, -1,   3
732249,20041030,    79,  1,  35,   141, -1,  17
732249,20041030,   231, -1,  26,    81,  1,  14
732249,20041030,    87, -1,  23,    82,  1,  13
732249,20041030,    84,  1,  30,   116, -1,  21
732249,20041030,    86,  1,  42,    97, -1,  35
732249,20041030,    88,  1,  13,    93, -1,   7
732249,20041030,    92,  1,  41,   223, -1,  10
732249,20041030,   200, -1,  35,    94,  1,  25
732249,20041030,    95,  1,  42,   150, -1,  16
732249,20041030,    99,  1,  21,    38, -1,  14
732249,20041030,   100,  1,  34,    32, -1,   6
732249,20041030,   104,  1,  24,   219, -1,   7
732249,20041030,   107,  1,  20,   210, -1,   3
732249,20041030,   108,  1,  20,    63, -1,  17
732249,20041030,   109,  1,  35,   105, -1,  34
732249,20041030,   199, -1,  54,   110,  1,  27
732249,20041030,   114,  1,  45,   115, -1,  37
732249,20041030,   127,  1,  21,   216, -1,   0
732249,20041030,    15, -1,  35,   117,  1,  14
732249,20041030,   118,  1,  22,    96, -1,   7
732249,20041030,   126,  1,  42,   160, -1,  34
732249,20041030,   121,  1,   9,    31, -1,   6
732249,20041030,   124,  1,   7,   187, -1,   2
732249,20041030,   132,  1,  34,    48, -1,  20
732249,20041030,   135,  1,  24,   119, -1,   3
732249,20041030,   139,  1,  56,    62, -1,  31
732249,20041030,   142,  1,  31,   112, -1,  28
732249,20041030,    19, -1,  45,   133,  1,  17
732249,20041030,   130,  1,  30,   148, -1,  17
732249,20041030,   143,  1,  45,   212, -1,  30
732249,20041030,   137, -1,  27,   144,  1,  23
732249,20041030,   123, -1,  60,   145,  1,  14
732249,20041030,   146,  1,  42,   120, -1,  20
732249,20041030,   147,  1,  13,   162, -1,  10
732249,20041030,   151,  1,  21,   157, -1,  10
732249,20041030,   152, -1,  38,   153,  1,  35
732249,20041030,   154,  1,  31,   229, -1,   6
732249,20041030,   156,  1,  20,    23, -1,  16
732249,20041030,   159,  1,  35,   122, -1,  32
732249,20041030,   220, -1,  48,   163,  1,   9
732249,20041030,   166,  1,  23,   188, -1,  12
732249,20041030,   232, -1,  35,   167,  1,  30
732249,20041030,   173,  1,  20,   196, -1,  17
732249,20041030,   215, -1,  51,   175,  1,  28
732249,20041030,   217, -1,  38,   176,  1,  20
732249,20041030,     7, -1,  33,   178,  1,  27
732249,20041030,   179,  1,  35,   201, -1,   7
732249,20041030,   194, -1,  43,   182,  1,  29
732249,20041030,   170,  1,  66,   225, -1,  13
732249,20041030,   172, -1,  31,   180,  1,  28
732249,20041030,   171, -1,  38,   190,  1,  35
732249,20041030,   191,  1,  42,    42, -1,  30
732249,20041030,    72, -1,  28,   207,  1,  10
732249,20041030,   233, -1,  41,   203,  1,  16
732249,20041030,   204,  1,  47,    80, -1,   7
732249,20041030,   206,  1,  39,   164, -1,  22
732249,20041030,   211,  1,  21,   189, -1,   0
732249,20041030,   228,  1,  24,    51, -1,  22
732249,20041030,   214, -1,  42,   230,  1,  12
732249,20041030,   235,  1,  24,    83, -1,  21
732249,20041030,   236,  1,  38,    35, -1,  17
732249,20041030,   237,  1,  43,     1, -1,  26
732249,20041030,   238,  1,  21,    41, -1,  14
732249,20041030,   239,  1,  45,    85, -1,  20
732252,20041102,   113,  1,  23,   202, -1,  16
732253,20041103,   183, -1,  45,   208,  1,  20
732254,20041104,   103, -1,  56,   111,  1,  49
732255,20041105,     2,  1,  31,   107, -1,  28
732255,20041105,   143, -1,  27,   101,  1,  17
732256,20041106,     3,  1,  30,   118, -1,  14
732256,20041106,     8,  1,  48,    58, -1,   7
732256,20041106,    10,  1,  34,   189, -1,  31
732256,20041106,    11,  1,  24,   160, -1,  23
732256,20041106,     1, -1,  31,    14,  1,  22
732256,20041106,    16,  1,  20,    46, -1,  17
732256,20041106,    21,  1,  21,   167, -1,  10
732256,20041106,    22,  1,  52,   226, -1,   0
732256,20041106,    27,  1,  49,   175, -1,  16
732256,20041106,    23,  1,  24,   238, -1,  17
732256,20041106,    24,  1,  21,    64, -1,  20
732256,20041106,    95, -1,  33,    25,  1,   7
732256,20041106,    30,  1,  28,   154, -1,  27
732256,20041106,    31,  1,  38,   190, -1,  28
732256,20041106,   150, -1,  17,   210,  1,  16
732256,20041106,    37,  1,  52,   177, -1,  14
732256,20041106,    38,  1,  22,    98, -1,  19
732256,20041106,    43,  1,  14,    45, -1,   7
732256,20041106,    55,  0,  61,    28,  0,  58
732256,20041106,    56,  1,  38,    29, -1,  21
732256,20041106,    63,  1,  29,    51, -1,   7
732256,20041106,    66,  1,  29,    67, -1,  22
732256,20041106,    99, -1,  49,    69,  1,  18
732256,20041106,     5, -1,  37,    72,  1,  23
732256,20041106,    73,  1,  24,    19, -1,  17
732256,20041106,    74,  1,  38,    41, -1,   0
732256,20041106,    75,  1,  34,   102, -1,  23
732256,20041106,    77,  1,  44,   106, -1,  13
732256,20041106,    78,  1,  34,    57, -1,  24
732256,20041106,    80,  0,  45,    13,  0,  31
732256,20041106,    82,  1,  26,    84, -1,  22
732256,20041106,   170, -1,  41,    83,  1,  14
732256,20041106,   146, -1,  58,    85,  1,   6
732256,20041106,   188, -1,  23,    86,  1,  14
732256,20041106,    87,  1,  23,   162, -1,  21
732256,20041106,    88,  1,  34,   135, -1,  27
732256,20041106,     4, -1,  22,    89,  1,   6
732256,20041106,   178, -1,  51,    90,  1,   3
732256,20041106,    91,  1,  51,   173, -1,  18
732256,20041106,    92,  1,  20,    48, -1,  13
732256,20041106,    39, -1,  30,    93,  1,  21
732256,20041106,    70, -1,  62,    96,  1,  17
732256,20041106,    52, -1,  56,    97,  1,  35
732256,20041106,    76, -1,  31,   105,  1,  20
732256,20041106,    36, -1,  24,   112,  1,  17
732256,20041106,   151, -1,  32,   115,  1,  19
732256,20041106,     7, -1,  31,   126,  1,  30
732256,20041106,    94, -1,  35,   119,  1,  24
732256,20041106,   121,  1,  28,   171, -1,  10
732256,20041106,   122,  1,  34,   145, -1,  22
732256,20041106,   136,  1,  42,   176, -1,  24
732256,20041106,   139,  1,  44,   127, -1,  10
732256,20041106,   140,  1,  41,   180, -1,  23
732256,20041106,   125, -1,  58,   141,  1,  28
732256,20041106,   222, -1,  27,   142,  1,  24
732256,20041106,    71, -1,  24,   134,  1,  14
732256,20041106,   109, -1,  26,   144,  1,  22
732256,20041106,   129,  1,  42,   186, -1,   7
732256,20041106,   148,  1,  44,   199, -1,   7
732256,20041106,   214, -1,  28,   155,  1,  20
732256,20041106,   147, -1,  14,   157,  1,   7
732256,20041106,   159,  1,  42,    81, -1,  21
732256,20041106,   156, -1,  16,   161,  1,  15
732256,20041106,   137, -1,  27,   163,  1,   3
732256,20041106,    65, -1,  52,   164,  1,  21
732256,20041106,   165,  1,  24,   203, -1,   0
732256,20041106,   166,  1,  34,     6, -1,   7
732256,20041106,    44,  1,  38,   123, -1,  28
732256,20041106,   172,  1,  52,   110, -1,  47
732256,20041106,   174,  1,  38,    47, -1,  35
732256,20041106,   181,  1,  41,   206, -1,  35
732256,20041106,   182,  1,  35,    12, -1,  32
732256,20041106,   168,  1,  23,    79, -1,  16
732256,20041106,    34, -1,  52,   184,  1,  24
732256,20041106,   227, -1,  17,   187,  1,  14
732256,20041106,   235, -1,  28,   120,  1,  24
732256,20041106,   191,  1,  38,   158, -1,  31
732256,20041106,   149, -1,  17,   194,  1,  13
732256,20041106,   195,  1,  38,   179, -1,  36
732256,20041106,   196,  1,  40,    53, -1,  37
732256,20041106,    54, -1,  41,   201,  1,  14
732256,20041106,   197,  1,  56,   153, -1,  35
732256,20041106,   152, -1,  42,   198,  1,  35
732256,20041106,   200,  1,  42,    18, -1,  17
732256,20041106,    35,  1,  44,    33, -1,  24
732256,20041106,   204,  1,  24,    59, -1,   6
732256,20041106,   205,  1,  42,   132, -1,  10
732256,20041106,   230, -1,  31,   211,  1,  29
732256,20041106,   212,  1,  32,   216, -1,  25
732256,20041106,   237, -1,  53,   213,  1,  45
732256,20041106,   215,  1,  63,    40, -1,  31
732256,20041106,   218,  1,  31,    26, -1,  26
732256,20041106,    60, -1,  34,   219,  1,  17
732256,20041106,   221,  1,  16,   108, -1,   0
732256,20041106,   100, -1,  38,   223,  1,  17
732256,20041106,     9, -1,  23,   229,  1,  13
732256,20041106,   130, -1,  31,   231,  1,  17
732256,20041106,   232,  1,  42,   193, -1,  21
732256,20041106,   239, -1,  34,   225,  1,   9
732256,20041106,   233,  1,  37,   220, -1,  29
732256,20041106,   234,  1,  38,   116, -1,  14
732256,20041106,   236,  1,  49,    68, -1,  17
732259,20041109,   202, -1,  31,   131,  1,  17
732260,20041110,   103,  1,  55,   192, -1,  28
732261,20041111,    13,  1,  16,   216, -1,   7
732261,20041111,    63, -1,  17,   134,  1,  10
732262,20041112,   111,  1,  30,   184, -1,  26
732262,20041112,    65,  1,  70,    75, -1,  14
732263,20041113,   175, -1,  37,     1,  1,  31
732263,20041113,     4,  1,  27,     7, -1,  21
732263,20041113,     5,  1,  34,   126, -1,   6
732263,20041113,   208,  1,  20,    78, -1,   7
732263,20041113,    31, -1,  28,     6,  1,  23
732263,20041113,    10,  1,  45,   230, -1,  28
732263,20041113,    12,  1,  35,   117, -1,   3
732263,20041113,    15,  1,  24,    70, -1,   6
732263,20041113,    17,  1,  21,   210, -1,  17
732263,20041113,    79, -1,  10,    19,  1,   7
732263,20041113,    22,  1,  56,   107, -1,  35
732263,20041113,   138, -1,  21,    27,  1,  14
732263,20041113,    24,  1,  42,    38, -1,   7
732263,20041113,    25,  1,  36,    28, -1,   6
732263,20041113,    29,  1,  31,   129, -1,   0
732263,20041113,    68, -1,  18,    32,  1,   0
732263,20041113,   100, -1,  43,    33,  1,  40
732263,20041113,    37,  1,  48,    90, -1,  23
732263,20041113,    39,  1,  38,    94, -1,  31
732263,20041113,    40,  1,  45,   213, -1,  10
732263,20041113,    43, -1,  32,    41,  1,  26
732263,20041113,    45,  1,  20,    23, -1,   7
732263,20041113,    69, -1,  23,    46,  1,   0
732263,20041113,    51,  1,  16,    36, -1,  13
732263,20041113,    52,  1,  36,   124, -1,  33
732263,20041113,    91, -1,  31,    53,  1,  21
732263,20041113,    54,  1,  29,   195, -1,  14
732263,20041113,    58,  1,  24,    35, -1,   7
732263,20041113,    60,  1,  48,   182, -1,  14
732263,20041113,   139, -1,  35,    59,  1,   7
732263,20041113,    67, -1,  53,    62,  1,  32
732263,20041113,    71,  1,  30,    42, -1,  10
732263,20041113,    73,  1,  51,   133, -1,  24
732263,20041113,   144, -1,  37,    76,  1,  34
732263,20041113,    81,  1,  24,   145, -1,  17
732263,20041113,   157, -1,  22,    84,  1,  18
732263,20041113,   233, -1,  27,    92,  1,  24
732263,20041113,   197, -1,  27,    93,  1,  23
732263,20041113,    95,  1,  69,    55, -1,  17
732263,20041113,    96,  1,  14,   219, -1,  13
732263,20041113,    98,  1,  56,    77, -1,  20
732263,20041113,    99,  1,  21,    64, -1,  14
732263,20041113,   102,  1,  38,   206, -1,  21
732263,20041113,   104,  1,  26,     3, -1,  10
732263,20041113,   114,  1,  42,   147, -1,  20
732263,20041113,   115,  1,  49,   234, -1,  14
732263,20041113,   127,  1,  37,   212, -1,  24
732263,20041113,    87, -1,  29,   116,  1,  27
732263,20041113,   121,  1,  49,   187, -1,  39
732263,20041113,   122,  1,  52,    44, -1,  21
732263,20041113,    56, -1,  51,   123,  1,  44
732263,20041113,   128,  1,  38,   201, -1,   0
732263,20041113,   137,  1,  62,   203, -1,  24
732263,20041113,    49, -1,  33,   141,  1,  28
732263,20041113,   143,  1,  51,    80, -1,  29
732263,20041113,   146,  1,  41,    83, -1,  14
732263,20041113,   148,  1,  45,   172, -1,  27
732263,20041113,   158, -1,  41,   149,  1,  38
732263,20041113,     2, -1,  31,   150,  1,  19
732263,20041113,   152,  1,  30,   135, -1,   3
732263,20041113,   153,  1,  49,    18, -1,  21
732263,20041113,   211, -1,  34,   154,  1,  26
732263,20041113,    74, -1,  31,   156,  1,  10
732263,20041113,    89, -1,  45,   160,  1,  28
732263,20041113,   162,  1,  24,   151, -1,  17
732263,20041113,   105, -1,  42,   163,  1,  28
732263,20041113,    48, -1,  23,   165,  1,  14
732263,20041113,   171,  1,  24,   166, -1,   3
732263,20041113,   174,  1,  35,   227, -1,  14
732263,20041113,    20, -1,  56,   176,  1,  49
732263,20041113,    72, -1,  31,   177,  1,  26
732263,20041113,   179,  1,  31,   196, -1,  28
732263,20041113,   181,  1,  38,   136, -1,  20
732263,20041113,   168,  1,  38,   125, -1,  35
732263,20041113,   183,  1,  41,    57, -1,  17
732263,20041113,   170,  1,  59,    85, -1,  10
732263,20041113,   185,  1,  28,   207, -1,   0
732263,20041113,   186,  1,  23,   169, -1,  17
732263,20041113,   155, -1,  24,   189,  1,  19
732263,20041113,   180,  1,  55,   110, -1,   7
732263,20041113,   190,  1,  45,    86, -1,  13
732263,20041113,   120,  1,  34,   239, -1,  28
732263,20041113,   193,  1,  34,   191, -1,  24
732263,20041113,   198,  1,  32,   200, -1,  25
732263,20041113,   199,  1,  35,   140, -1,  12
732263,20041113,   205,  1,  45,    14, -1,  31
732263,20041113,   214,  1,  49,     9, -1,   9
732263,20041113,   130, -1,  25,   209,  1,   7
732263,20041113,   204, -1,  13,   101,  1,  10
732263,20041113,   217,  1,  35,   164, -1,  28
732263,20041113,   112, -1,  31,   221,  1,  21
732263,20041113,   142, -1,  31,   228,  1,  24
732263,20041113,    30, -1,  42,   229,  1,  12
732263,20041113,   159, -1,  34,   231,  1,  15
732263,20041113,    21, -1,  36,   232,  1,  17
732263,20041113,   224,  1,  30,     8, -1,  27
732263,20041113,   235,  1,  45,   225, -1,   3
732263,20041113,   113, -1,  42,   226,  1,  21
732263,20041113,    66, -1,  31,   236,  1,  24
732263,20041113,   215, -1,  45,   237,  1,  28
732263,20041113,   238,  1,  21,   161, -1,   9
732268,20041118,   143, -1,  31,    13,  1,   7
732268,20041118,   222,  1,  55,   108, -1,   6
732270,20041120,     1,  1,  47,    40, -1,  17
732270,20041120,   113, -1,  37,     2,  1,  27
732270,20041120,    15, -1,  21,     3,  1,  13
732270,20041120,     4,  1,  42,   160, -1,   6
732270,20041120,   208, -1,  20,    14,  1,  14
732270,20041120,   152, -1,  35,    18,  1,   0
732270,20041120,    19,  0,  58,    61,  0,  52
732270,20041120,    20,  1,  55,   102, -1,  14
732270,20041120,    23,  1,  33,    41, -1,  21
732270,20041120,    30,  1,  41,   189, -1,   6
732270,20041120,    28,  1,  41,    17, -1,  40
732270,20041120,    34,  1,  45,   183, -1,  23
732270,20041120,    36,  1,  29,   182, -1,   7
732270,20041120,    37,  1,  56,    32, -1,  28
732270,20041120,    42,  1,  29,    25, -1,   0
732270,20041120,   156, -1,  20,    43,  1,  14
732270,20041120,    48,  1,  41,   220, -1,  35
732270,20041120,   142, -1,  40,    51,  1,  17
732270,20041120,    24, -1,  30,    52,  1,  20
732270,20041120,   111, -1,  38,    57,  1,  35
732270,20041120,   131, -1,  34,    55,  1,  16
732270,20041120,    60, -1,  20,    63,  1,  13
732270,20041120,    38, -1,  40,    64,  1,  28
732270,20041120,    65,  1,  54,   136, -1,  17
732270,20041120,    66,  1,  51,    33, -1,  31
732270,20041120,    68,  1,  52,   178, -1,  34
732270,20041120,    77, -1,  31,    69,  1,  28
732270,20041120,   221, -1,  30,    71,  1,  10
732270,20041120,    74,  1,  35,   238, -1,   3
732270,20041120,    75,  1,  52,    80, -1,  21
732270,20041120,   103, -1,  65,    78,  1,  27
732270,20041120,    49, -1,  32,    79,  1,  13
732270,20041120,    87,  1,  30,   234, -1,   7
732270,20041120,     7, -1,  16,    89,  1,  14
732270,20041120,    91,  1,  47,   179, -1,   9
732270,20041120,    88, -1,  37,    94,  1,  23
732270,20041120,    98,  1,  24,    99, -1,  10
732270,20041120,   100,  1,  27,    58, -1,  17
732270,20041120,   104,  1,  27,   117, -1,  24
732270,20041120,   137, -1,  50,   105,  1,  36
732270,20041120,   107,  1,  31,   226, -1,  21
732270,20041120,   109,  1,  40,    76, -1,  30
732270,20041120,   110,  1,  30,   140, -1,   9
732270,20041120,   112,  1,  52,   228, -1,   7
732270,20041120,    12, -1,  24,   118,  1,  21
732270,20041120,    93, -1,  31,   119,  1,  14
732270,20041120,   122,  1,  38,   123, -1,  22
732270,20041120,   132,  1,  54,   167, -1,  21
732270,20041120,   138,  1,  16,   237, -1,   9
732270,20041120,   168,  0,  34,   133,  0,  28
732270,20041120,   144,  1,  42,   163, -1,  14
732270,20041120,   146, -1,  45,   145,  1,  21
732270,20041120,   169, -1,  14,   129,  1,   7
732270,20041120,   147,  1,  28,    82, -1,  21
732270,20041120,   151,  1,  37,   114, -1,  21
732270,20041120,   155,  1,  50,   154, -1,  21
732270,20041120,   157,  1,  37,   115, -1,  13
732270,20041120,   159,  1,  38,   209, -1,  21
732270,20041120,   161,  1,  17,    45, -1,  10
732270,20041120,   162,  1,  63,    84, -1,  24
732270,20041120,    29, -1,  58,    44,  1,  13
732270,20041120,   172,  1,  27,   199, -1,   9
732270,20041120,    53, -1,  28,   173,  1,  14
732270,20041120,   175,  1,  21,   213, -1,   3
732270,20041120,    73, -1,  58,   177,  1,   7
732270,20041120,   186,  1,  45,    81, -1,  31
732270,20041120,   148, -1,  37,   180,  1,  16
732270,20041120,   192,  1,  42,   184, -1,  17
732270,20041120,    21, -1,  34,   193,  1,  17
732270,20041120,   128, -1,  30,   195,  1,  13
732270,20041120,    54, -1,  19,   196,  1,  18
732270,20041120,   125, -1,  37,   207,  1,  21
732270,20041120,    35,  1,  17,   224, -1,   0
732270,20041120,    92, -1,  31,   203,  1,  17
732270,20041120,   204,  1,  37,   127, -1,  17
732270,20041120,   206,  1,  34,   176, -1,  24
732270,20041120,   212,  1,  13,   101, -1,  10
732270,20041120,   215,  1,  52,    27, -1,  21
732270,20041120,   216,  1,  34,   139, -1,  25
732270,20041120,   217,  1,  57,   181, -1,  27
732270,20041120,   194, -1,  38,   219,  1,  33
732270,20041120,   236, -1,  19,   223,  1,  18
732270,20041120,   230,  1,  28,   229, -1,  25
732270,20041120,   233,  1,  38,   165, -1,  14
732270,20041120,    50, -1,  20,   124,  1,  17
732270,20041120,    59,  1,  28,    83, -1,   0
732270,20041120,   235, -1,  35,    62,  1,  14
732273,20041123,    95, -1,  41,   210,  1,  24
732273,20041123,   202,  1,  49,    22, -1,  41
732275,20041125,   158,  1,  16,   232, -1,  13
732275,20041125,    42, -1,  41,   167,  1,  35
732276,20041126,     9,  1,  34,    10, -1,  27
732276,20041126,   104,  0,  43,    12,  0,  14
732276,20041126,    39, -1,  26,   135,  1,  20
732276,20041126,   197,  1,  26,   198, -1,  13
732277,20041127,   191, -1,  43,    21,  1,  17
732277,20041127,    62,  1,  40,    61, -1,  23
732277,20041127,    70,  1,  19,    71, -1,  13
732277,20041127,    75,  1,  49,   147, -1,  41
732277,20041127,   119, -1,  17,    88,  1,  14
732277,20041127,   103,  1,  70,    34, -1,   7
732277,20041127,   108,  1,  13,   228, -1,   7
732277,20041127,   117,  1,  20,   118, -1,   3
732277,20041127,    20, -1,  58,   136,  1,  21
732277,20041127,   134,  0,  52,    57,  0,  14
732277,20041127,    65, -1,  62,   176,  1,  28
732277,20041127,   111, -1,  31,   183,  1,  15
732277,20041127,   184,  1,  26,   208, -1,  21
732277,20041127,    72,  0,  24,   185,  0,  13
732277,20041127,   205, -1,  35,   192,  1,  31
732277,20041127,   194,  1,  37,    96, -1,  31
732277,20041127,   200,  1,  31,   153, -1,  15
732277,20041127,   206,  1,  37,   217, -1,  35
732277,20041127,   214,  1,  41,   149, -1,  10
732277,20041127,   222,  1,  24,   221, -1,  10
732277,20041127,    48,  1,  28,    98, -1,  14
732277,20041127,    66,  1,  49,    91, -1,   7
732277,20041127,   137, -1,  27,    67,  1,  23
732277,20041127,    92, -1,  14,    99,  1,  13
732277,20041127,   122,  1,  56,   148, -1,   7
732277,20041127,   172,  1,  54,   235, -1,  24
732277,20041127,    56, -1,  35,   170,  1,  31
732277,20041127,   233,  1,  42,    73, -1,  35
732279,20041129,   102, -1,  51,   164,  1,  14
732282,20041202,   202,  0,  35,   113,  0,  27
732284,20041204,    75,  1,  41,   115, -1,  38
732284,20041204,   222, -1,  16,   112,  1,  10
732284,20041204,   132,  0,  42,    14,  0,  13
732284,20041204,   214, -1,  29,   211,  1,  24
732284,20041204,   158, -1,  43,   183,  1,  14
732284,20041204,    30, -1,  26,   184,  1,  16
732284,20041204,   103, -1,  55,   205,  1,   7
732284,20041204,     5,  1,  21,    11, -1,  14
732284,20041204,    59,  0,  17,    62,  0,  10
732284,20041204,    15,  0,  38,   194,  0,  28
732284,20041204,   172, -1,  35,    56,  1,  34
732284,20041204,    92, -1,  14,    66,  1,  13
732284,20041204,   122,  1,  47,   137, -1,  17
732284,20041204,   152,  0,  42,    39,  0,   3
732284,20041204,   233,  1,  44,    48, -1,  38
732290,20041210,    92, -1,  48,   233,  1,  34
732291,20041211,     5,  0,  40,   185,  0,  35
732291,20041211,   122,  1,  34,   172, -1,  13
732294,20041214,   184,  0,  31,   143,  0,  10
732297,20041217,    92,  0,  31,   122,  0,  21
732301,20041221,    71,  0,  51,   191,  0,  14
732302,20041222,    22,  0,  52,   111,  0,  35
732303,20041223,    34,  0,  32,   107,  0,  14
732303,20041223,   237,  0,  24,   211,  0,  21
732304,20041224,    75,  1,  59,   208, -1,  40
732307,20041227,    65,  0,  37,   221,  0,  34
732307,20041227,    42,  0,  39,   202,  0,  10
732308,20041228,    88,  0,  17,   113,  0,  13
732308,20041228,   155,  0,  38,   149,  0,  21
732309,20041229,   151,  0,  33,   153,  0,   7
732309,20041229,    39,  0,  33,   217,  0,  28
732310,20041230,   200,  0,  45,    30,  0,  31
732310,20041230,   132,  0,  34,   138,  0,  19
732310,20041230,    21,  0,  37,   142,  0,  24
732310,20041230,   131,  0,  34,   204,  0,  21
732311,20041231,    10,  0,  27,   162,  0,  23
732311,20041231,   112,  0,  27,    60,  0,  10
732311,20041231,   103,  0,  44,    20,  0,  40
732311,20041231,   116,  0,  20,     3,  0,  16
732312,20050101,    63,  0,  30,   232,  0,  18
732312,20050101,    70,  0,  24,   234,  0,  21
732312,20050101,    87,  0,  30,   104,  0,  25
732312,20050101,   197,  0,  38,   114,  0,  37
732312,20050101,   194,  0,  38,   198,  0,   7
732312,20050101,   215,  0,  35,   158,  0,   7
732314,20050103,    15,  0,  16,   222,  0,  13
732315,20050104,   214,  0,  55,   152,  0,  19
