733283,20070830,   114, -1,  14,    17,  1,  13
733283,20070830,    20,  1,  56,   234, -1,   7
733283,20070830,    35,  1,  59,   182, -1,   3
733283,20070830,    54,  1,  45,   198, -1,  24
733283,20070830,    51, -1,  27,    84,  1,  24
733283,20070830,    96, -1,  23,    89,  1,  14
733283,20070830,   208, -1,  35,   214,  1,  17
733283,20070830,   104,  1,  73,   129, -1,  10
733283,20070830,   105, -1,  45,   119,  1,   0
733283,20070830,   126,  1,  47,   180, -1,   7
733283,20070830,   141,  1,  35,   181, -1,  14
733283,20070830,   157,  1,  24,   217, -1,   7
733283,20070830,   170,  1,  38,    25, -1,   3
733283,20070830,   205,  1,  20,    32, -1,  10
733283,20070830,   215, -1,  23,   218,  1,  16
733283,20070830,   227,  1,  29,   172, -1,  26
733283,20070830,    49, -1,  49,   236,  1,  31
733284,20070831,   232, -1,  42,   193,  1,  12
733284,20070831,   133, -1,  30,   195,  1,  19
733285,20070901,     1,  1,  34,   171, -1,   3
733285,20070901,     2,  0,  22,    14,  0,  14
733285,20070901,     3,  1,  52,   226, -1,   6
733285,20070901,     5,  1,  24,    92, -1,  19
733285,20070901,    73, -1,  31,     7,  1,  10
733285,20070901,    10,  1,  45,   179, -1,   3
733285,20070901,    12,  1,  46,   206, -1,  26
733285,20070901,    15,  1,  23,    95, -1,  13
733285,20070901,    21,  1,  38,   231, -1,  28
733285,20070901,    27,  1,  20,     9, -1,   7
733285,20070901,    30,  1,  45,   196, -1,  31
733285,20070901,    39,  1,  13,     6, -1,  11
733285,20070901,    40,  0,  31,    41,  0,  28
733285,20070901,    50,  1,  23,    38, -1,  18
733285,20070901,    43, -1,  45,    52,  1,  14
733285,20070901,    24, -1,  28,    53,  1,  19
733285,20070901,    61,  1,  49,   238, -1,   3
733285,20070901,    60,  1,  27,   128, -1,  14
733285,20070901,    66,  1,  24,    45, -1,   3
733285,20070901,    67,  1,  40,   163, -1,  16
733285,20070901,    71,  1,  35,   155, -1,  14
733285,20070901,    76,  1,  63,   130, -1,   6
733285,20070901,    85,  1,  55,    86, -1,   7
733285,20070901,    19,  1,  31,    91, -1,  17
733285,20070901,    94,  1,  52,    28, -1,   7
733285,20070901,    97,  1,  50,    55, -1,  10
733285,20070901,    99,  1,  49,   107, -1,  10
733285,20070901,   103,  1,  28,    31, -1,   7
733285,20070901,   106,  1,  21,   122, -1,  14
733285,20070901,   109,  1,  31,   222, -1,  14
733285,20070901,   110,  1,  40,    78, -1,  30
733285,20070901,   111,  1,  35,   161, -1,  12
733285,20070901,   118, -1,  23,   112,  1,  21
733285,20070901,   113,  1,  31,   108, -1,   3
733285,20070901,     8, -1,  34,   115,  1,  32
733285,20070901,   116,  1,  55,   210, -1,  18
733285,20070901,    22, -1,  32,   117,  1,  31
733285,20070901,   127,  1,  16,    11, -1,   9
733285,20070901,   120,  0,  40,    83,  0,  34
733285,20070901,   123,  1,  37,   189, -1,  17
733285,20070901,   137,  1,  52,   138, -1,  10
733285,20070901,   144,  1,  37,    93, -1,  14
733285,20070901,   212, -1,  25,   136,  1,  23
733285,20070901,    88,  0,  16,   132,  0,   3
733285,20070901,   149,  1,  27,   146, -1,   0
733285,20070901,    72, -1,  33,   151,  1,   3
733285,20070901,   153,  1,  38,   242, -1,   6
733285,20070901,   152,  1,  36,    69, -1,  14
733285,20070901,   154,  1,  79,   145, -1,  10
733285,20070901,   156,  1,  48,    79, -1,  27
733285,20070901,   159,  1,  59,    63, -1,   0
733285,20070901,   160,  1,  27,    56, -1,   3
733285,20070901,    65, -1,  27,   166,  1,  23
733285,20070901,   142, -1,  16,   167,  1,  14
733285,20070901,    48, -1,  23,   169,  1,  12
733285,20070901,   185,  1,  28,   102, -1,  14
733285,20070901,   186,  1,  28,    59, -1,  13
733285,20070901,   216,  1,  38,    81, -1,  10
733285,20070901,   187,  1,  35,   203, -1,  13
733285,20070901,   213, -1,  45,   191,  1,  17
733285,20070901,   192,  1,  35,    70, -1,  28
733285,20070901,   194,  1,  27,    18, -1,   0
733285,20070901,     4, -1,  49,   197,  1,  23
733285,20070901,   199,  1,  21,    13, -1,  13
733285,20070901,   200,  1,  38,   124, -1,   7
733285,20070901,   162, -1,  34,   209,  1,  14
733285,20070901,   201,  1,  38,    29, -1,  35
733285,20070901,    36,  1,  35,    33, -1,  14
733285,20070901,   165, -1,  52,   204,  1,  24
733285,20070901,   219,  1,  10,   140, -1,   6
733285,20070901,   221,  1,  41,   168, -1,  17
733285,20070901,   224,  1,  17,    58, -1,   7
733285,20070901,   235,  1,  62,   228, -1,  24
733285,20070901,   229,  1,  28,   134, -1,   7
733285,20070901,   237,  1,  42,   233, -1,  21
733285,20070901,   240,  1,  23,   223, -1,   3
733285,20070901,   188,  0,  33,    62,  0,  27
733287,20070903,    37,  1,  24,    64, -1,  18
733287,20070903,   202, -1,  49,   184,  1,   9
733290,20070906,    11, -1,  21,     7,  1,   3
733290,20070906,    35,  1,  34,   157, -1,   3
733290,20070906,   104,  1,  58,   128, -1,  42
733290,20070906,   121, -1,  51,   203,  1,  44
733291,20070907,   170,  1,  41,   133, -1,  24
733292,20070908,     9,  1,  45,   147, -1,  24
733292,20070908,    10,  1,  33,    40, -1,  14
733292,20070908,    14,  1,  14,   166, -1,   7
733292,20070908,   186, -1,  26,    15,  1,  23
733292,20070908,    18,  1,  42,   167, -1,  17
733292,20070908,   171, -1,  24,    19,  1,  13
733292,20070908,    21,  1,  37,   136, -1,  17
733292,20070908,   192, -1,  48,    24,  1,  20
733292,20070908,    28,  1,  52,   204, -1,  31
733292,20070908,    37,  1,  49,   214, -1,  26
733292,20070908,    38,  1,  28,   229, -1,  21
733292,20070908,   110, -1,  35,    39,  1,  17
733292,20070908,    30, -1,  34,    41,  1,  28
733292,20070908,    43,  1,  38,   106, -1,   0
733292,20070908,    58,  1,  34,   144, -1,  31
733292,20070908,    55,  1,  45,   226, -1,  21
733292,20070908,    17, -1,  38,    56,  1,  16
733292,20070908,    61,  1,  59,   206, -1,  31
733292,20070908,    50, -1,  20,    62,  1,   7
733292,20070908,   109, -1,  26,    63,  1,  10
733292,20070908,    64,  1,  34,   210, -1,  24
733292,20070908,     6, -1,  23,    65,  1,  20
733292,20070908,    69,  1,  27,    91, -1,   6
733292,20070908,    99, -1,  28,    70,  1,   7
733292,20070908,   185, -1,  16,    71,  1,  12
733292,20070908,    72,  1,  69,   176, -1,  14
733292,20070908,    77,  1,  32,    67, -1,  17
733292,20070908,    74, -1,  31,    80,  1,  24
733292,20070908,    81,  1,  20,    29, -1,  13
733292,20070908,    83,  1,  21,   227, -1,   0
733292,20070908,    84,  1,  43,   129, -1,  17
733292,20070908,    16, -1,  32,    86,  1,  17
733292,20070908,    87,  1,  17,   230, -1,  14
733292,20070908,    88,  1,  35,   193, -1,   0
733292,20070908,   148, -1,  24,    89,  1,  13
733292,20070908,    92,  1,  33,    34, -1,  19
733292,20070908,    93,  1,  41,   139, -1,  24
733292,20070908,    94,  1,  62,   181, -1,   0
733292,20070908,    95,  1,  34,   179, -1,  14
733292,20070908,    97,  1,  56,    96, -1,  20
733292,20070908,   222, -1,  30,   100,  1,  20
733292,20070908,    76, -1,  45,   103,  1,  44
733292,20070908,   152, -1,  31,   102,  1,  23
733292,20070908,   105,  1,  48,   224, -1,   7
733292,20070908,   235, -1,  48,   108,  1,  23
733292,20070908,   156, -1,  39,   115,  1,   7
733292,20070908,   116,  1,  28,    22, -1,  17
733292,20070908,   117,  1,  41,   114, -1,  35
733292,20070908,   120, -1,  38,   118,  1,  25
733292,20070908,   188,  0,  23,   127,  0,   6
733292,20070908,   169, -1,  20,   122,  1,  17
733292,20070908,   205, -1,  28,   126,  1,  21
733292,20070908,   140,  1,  44,   141, -1,  34
733292,20070908,   131,  1,  28,   183, -1,  19
733292,20070908,   168, -1,  49,   146,  1,  14
733292,20070908,   173, -1,  34,   132,  1,  31
733292,20070908,   149,  1,  36,   138, -1,  31
733292,20070908,   150,  1,  31,    31, -1,  28
733292,20070908,   153,  1,  20,     2, -1,   2
733292,20070908,   154,  1,  51,   113, -1,  13
733292,20070908,   155,  1,  42,    60, -1,   6
733292,20070908,   159,  1,  31,   151, -1,  10
733292,20070908,   160,  1,  34,    73, -1,  10
733292,20070908,   211, -1,  26,   161,  1,  17
733292,20070908,   162,  0,  22,   134,  0,   7
733292,20070908,   165,  1,  52,    54, -1,   6
733292,20070908,   174,  1,  54,    98, -1,  14
733292,20070908,   177,  1,  38,   107, -1,  17
733292,20070908,   184,  1,  45,   145, -1,  31
733292,20070908,   125, -1,  21,   190,  1,  14
733292,20070908,    25, -1,  42,   195,  1,   7
733292,20070908,   196,  1,  39,   187, -1,  19
733292,20070908,   197,  0,  16,    90,  0,  13
733292,20070908,   199,  1,  34,   194, -1,  13
733292,20070908,   200,  1,  47,    66, -1,  45
733292,20070908,     5, -1,  21,   209,  1,  10
733292,20070908,   202,  1,  45,   219, -1,  31
733292,20070908,   119, -1,  38,   207,  1,  17
733292,20070908,   213,  1,  27,    27, -1,  17
733292,20070908,   237, -1,  20,   215,  1,  13
733292,20070908,     1, -1,  20,   217,  1,  12
733292,20070908,     3, -1,  24,   221,  1,  10
733292,20070908,   223,  1,  24,    52, -1,  13
733292,20070908,   236, -1,  63,   225,  1,  16
733292,20070908,   137, -1,  20,   231,  1,  17
733292,20070908,   232,  1,  24,    20, -1,  10
733292,20070908,   233,  1,  45,   178, -1,  17
733292,20070908,    85, -1,  37,   228,  1,  27
733292,20070908,   239,  1,  52,    33, -1,  24
733292,20070908,   240,  1,  32,   218, -1,  18
733292,20070908,   242,  1,  23,   172, -1,  17
733297,20070913,     1,  1,  20,   194, -1,  17
733297,20070913,    90,  1,  28,   209, -1,   7
733297,20070913,   235, -1,  31,   109,  1,  14
733297,20070913,   176,  1,  34,   163, -1,  24
733298,20070914,   206,  1,  41,   155, -1,  23
733299,20070915,     3,  1,  41,    12, -1,  38
733299,20070915,     4,  1,  45,   127, -1,  14
733299,20070915,   210,  1,  22,     7, -1,   0
733299,20070915,    77, -1,  28,     6,  1,  13
733299,20070915,     8,  1,  34,   147, -1,  21
733299,20070915,   140, -1,  29,     9,  1,  27
733299,20070915,    10,  1,  34,   178, -1,  13
733299,20070915,    13,  1,  45,   184, -1,  28
733299,20070915,     5, -1,  12,    11,  1,  10
733299,20070915,   119, -1,  19,    15,  1,  14
733299,20070915,   197, -1,  33,    16,  1,  32
733299,20070915,    18,  1,  34,   201, -1,  27
733299,20070915,    20,  1,  24,   240, -1,  14
733299,20070915,    23,  1,  28,    53, -1,  17
733299,20070915,    29,  1,  47,   234, -1,  19
733299,20070915,    30,  1,  42,   103, -1,  12
733299,20070915,    31,  1,  48,   203, -1,  34
733299,20070915,   199, -1,  35,   212,  1,  32
733299,20070915,    37,  1,  38,    67, -1,  10
733299,20070915,    68, -1,  42,    38,  1,  34
733299,20070915,    64, -1,  16,    40,  1,   6
733299,20070915,    43,  1,  22,   195, -1,  17
733299,20070915,    44,  1,  38,    24, -1,  14
733299,20070915,    39, -1,  31,    46,  1,  28
733299,20070915,    49,  1,  38,   166, -1,   9
733299,20070915,   187, -1,  28,    58,  1,  21
733299,20070915,    84, -1,  24,    54,  1,  21
733299,20070915,    57,  1,  41,   211, -1,  31
733299,20070915,    61,  1,  59,   196, -1,  20
733299,20070915,    62,  1,  30,    80, -1,  17
733299,20070915,    60,  0,  42,   117,  0,  39
733299,20070915,    65,  1,  27,    42, -1,  10
733299,20070915,   241, -1,  28,    70,  1,  14
733299,20070915,    71,  1,  45,   226, -1,  16
733299,20070915,    21, -1,  24,    72,  1,  10
733299,20070915,    78,  1,  31,    75, -1,  28
733299,20070915,    85,  1,  41,     2, -1,  24
733299,20070915,    87,  1,  34,   174, -1,  10
733299,20070915,    89,  1,  15,    88, -1,  13
733299,20070915,    93,  1,  45,   225, -1,  17
733299,20070915,    94,  1,  45,   204, -1,  13
733299,20070915,    95,  1,  61,   121, -1,  10
733299,20070915,    96,  1,  38,    50, -1,   7
733299,20070915,    97,  1,  40,   104, -1,  34
733299,20070915,   111, -1,  38,   102,  1,  17
733299,20070915,   105,  1,  44,   128, -1,   0
733299,20070915,   139, -1,  48,   108,  1,  35
733299,20070915,   110,  1,  36,   205, -1,  13
733299,20070915,   112,  1,  35,    92, -1,  14
733299,20070915,   113,  1,  23,    63, -1,   9
733299,20070915,    35, -1,  47,   114,  1,  10
733299,20070915,   115,  1,  38,   151, -1,   0
733299,20070915,   116,  1,  17,   160, -1,  13
733299,20070915,   120,  1,  52,   228, -1,  24
733299,20070915,   229, -1,  19,   126,  1,  17
733299,20070915,    17, -1,  34,   133,  1,  31
733299,20070915,   216, -1,  49,   137,  1,  31
733299,20070915,   138,  1,  52,   142, -1,  17
733299,20070915,   141,  1,  29,   219, -1,  24
733299,20070915,   223, -1,  22,   144,  1,  20
733299,20070915,    74, -1,  59,   134,  1,  14
733299,20070915,   136,  1,  38,   239, -1,  17
733299,20070915,   131,  1,  41,   175, -1,  38
733299,20070915,   146,  1,  42,   150, -1,  14
733299,20070915,    56, -1,  21,   132,  1,  19
733299,20070915,    52, -1,  20,   149,  1,  14
733299,20070915,   154,  1,  54,   218, -1,   3
733299,20070915,   156,  1,  52,    66, -1,  21
733299,20070915,   157,  1,  61,    82, -1,  10
733299,20070915,   159,  1,  45,    25, -1,  24
733299,20070915,    99, -1,   8,   158,  1,   7
733299,20070915,   161,  1,  35,    45, -1,  24
733299,20070915,   100, -1,  32,   164,  1,  21
733299,20070915,   165,  1,  45,    28, -1,  22
733299,20070915,   202, -1,  59,   167,  1,  24
733299,20070915,   170,  1,  59,   143, -1,   0
733299,20070915,   177,  1,  49,   130, -1,  13
733299,20070915,    19, -1,  45,   180,  1,  13
733299,20070915,   182,  1,  13,    86, -1,  10
733299,20070915,   185,  1,  38,   171, -1,   3
733299,20070915,   148, -1,  31,   172,  1,  17
733299,20070915,   188,  1,  12,   162, -1,   2
733299,20070915,   173, -1,  44,   189,  1,  10
733299,20070915,   191,  1,  37,   179, -1,   0
733299,20070915,    83, -1,  41,   193,  1,  20
733299,20070915,   200,  1,  54,   214, -1,  14
733299,20070915,    79, -1,  34,   207,  1,  10
733299,20070915,   208,  1,  55,    27, -1,  47
733299,20070915,    76, -1,  49,   215,  1,  14
733299,20070915,   217,  1,  44,   213, -1,   6
733299,20070915,   221,  1,  31,   118, -1,  17
733299,20070915,   222,  1,  24,   106, -1,  17
733299,20070915,   224,  1,  28,   152, -1,   7
733299,20070915,   230,  1,  24,   107, -1,  14
733299,20070915,   231,  1,  21,    14, -1,  10
733299,20070915,   153, -1,  33,   232,  1,  14
733299,20070915,   233,  1,  45,    81, -1,  28
733299,20070915,   238,  1,  26,    55, -1,   6
733299,20070915,   236,  1,  48,   101, -1,  41
733299,20070915,   237,  1,  45,    36, -1,  31
733299,20070915,   242,  1,  42,   192, -1,   6
733299,20070915,   169,  1,  28,   190, -1,  14
733304,20070920,    74,  1,  24,   126, -1,  17
733304,20070920,   113,  1,  34,   200, -1,  17
733304,20070920,   238, -1,  20,   128,  1,  17
733304,20070920,   198,  1,  48,   129, -1,  24
733305,20070921,   154, -1,  62,   208,  1,  21
733306,20070922,    75,  1,  24,    23, -1,  17
733306,20070922,     2,  1,  27,    96, -1,  20
733306,20070922,    71, -1,  26,     3,  1,  23
733306,20070922,     5,  1,  28,     7, -1,  25
733306,20070922,    10,  1,  44,   157, -1,  32
733306,20070922,    97, -1,  42,    12,  1,  29
733306,20070922,    15,  1,  55,   141, -1,  20
733306,20070922,    16,  1,  17,   203, -1,  14
733306,20070922,    21,  1,  37,    14, -1,  17
733306,20070922,    22,  1,  48,   195, -1,  35
733306,20070922,    27,  1,  31,     1, -1,   6
733306,20070922,   168, -1,  45,    24,  1,  14
733306,20070922,    18, -1,  34,    25,  1,  21
733306,20070922,    30,  1,  45,     9, -1,  27
733306,20070922,   212,  1,  56,   112, -1,  20
733306,20070922,   131, -1,  44,    28,  1,  14
733306,20070922,    35,  1,  40,   108, -1,  14
733306,20070922,    40,  1,  42,   114, -1,   0
733306,20070922,    42,  1,  31,   107, -1,   7
733306,20070922,   148, -1,  45,    51,  1,   7
733306,20070922,    56,  1,  38,    80, -1,  15
733306,20070922,    59,  1,  42,   101, -1,  14
733306,20070922,    48, -1,  31,    65,  1,  24
733306,20070922,    34, -1,  45,    68,  1,  38
733306,20070922,    73,  1,  31,     4, -1,   6
733306,20070922,    76,  1,  66,    33, -1,  10
733306,20070922,    78,  1,  55,    70, -1,   0
733306,20070922,    79,  1,  38,    41, -1,  27
733306,20070922,   132, -1,  42,    81,  1,  35
733306,20070922,    57, -1,  34,    82,  1,   7
733306,20070922,    83, -1,  27,    85,  1,  14
733306,20070922,    54, -1,  54,    86,  1,  20
733306,20070922,    55, -1,  31,    92,  1,  20
733306,20070922,    93,  1,  45,    38, -1,  10
733306,20070922,    94,  1,  55,    63, -1,   3
733306,20070922,   164, -1,  20,    99,  1,  14
733306,20070922,   100,  1,  37,   225, -1,   6
733306,20070922,   206, -1,  48,   102,  1,  31
733306,20070922,   193, -1,  38,   104,  1,  35
733306,20070922,   105,  1,  28,   185, -1,  16
733306,20070922,   110, -1,  38,   106,  1,   7
733306,20070922,   115,  1,  14,   159, -1,   9
733306,20070922,   165, -1,  45,   117,  1,  31
733306,20070922,    61, -1,  30,   118,  1,  24
733306,20070922,   119,  1,  31,    69, -1,  15
733306,20070922,    90, -1,  50,   127,  1,  16
733306,20070922,   120,  1,  38,    84, -1,  17
733306,20070922,   121,  1,  42,    31, -1,  38
733306,20070922,   123,  1,  35,     6, -1,  14
733306,20070922,   169, -1,   9,   125,  1,   8
733306,20070922,   133,  1,  46,    52, -1,  43
733306,20070922,   137,  1,  41,    17, -1,  40
733306,20070922,   139,  1,  52,    46, -1,  31
733306,20070922,   140,  1,  58,    45, -1,   0
733306,20070922,   143,  1,  38,    19, -1,  31
733306,20070922,   135, -1,  27,   134,  1,  22
733306,20070922,    37, -1,  42,   136,  1,  20
733306,20070922,    60, -1,  30,   145,  1,  20
733306,20070922,   147,  1,  34,   130, -1,  14
733306,20070922,   116, -1,  31,   151,  1,  14
733306,20070922,   153,  1,  58,   149, -1,   7
733306,20070922,   240, -1,  34,   152,  1,  33
733306,20070922,   155,  1,  49,   202, -1,  45
733306,20070922,    43, -1,  34,   160,  1,  14
733306,20070922,    77, -1,  37,   166,  1,  24
733306,20070922,    53, -1,  30,   174,  1,  23
733306,20070922,   176,  1,  26,   182, -1,  21
733306,20070922,   178,  1,  52,   161, -1,  17
733306,20070922,   171,  1,  20,   229, -1,   7
733306,20070922,   172,  1,  38,   201, -1,   3
733306,20070922,   186,  1,  37,   144, -1,  10
733306,20070922,   216,  1,  47,   233, -1,  14
733306,20070922,   173,  1,  58,    11, -1,   3
733306,20070922,   188,  1,  41,   197, -1,  34
733306,20070922,   111, -1,  41,   189,  1,  20
733306,20070922,   156, -1,  55,   191,  1,  31
733306,20070922,   227, -1,  34,   183,  1,  13
733306,20070922,   192,  1,  21,   122, -1,  15
733306,20070922,   194,  1,  21,   184, -1,   7
733306,20070922,   196,  1,  48,    13, -1,  27
733306,20070922,   199,  1,  58,   167, -1,  14
733306,20070922,   204,  1,  36,    89, -1,  35
733306,20070922,    49, -1,  27,   205,  1,   7
733306,20070922,   207,  1,  35,   181, -1,  27
733306,20070922,   211,  1,  28,   146, -1,  10
733306,20070922,   213,  1,  44,   232, -1,  31
733306,20070922,   215,  1,  27,   217, -1,   0
733306,20070922,   179, -1,  23,   218,  1,  20
733306,20070922,   219,  1,  52,   209, -1,  12
733306,20070922,   222,  1,  34,   158, -1,  14
733306,20070922,   223,  1,  28,    72, -1,  23
733306,20070922,   224,  1,  44,   236, -1,   3
733306,20070922,   231,  1,  31,   109, -1,  24
733306,20070922,   124, -1,  21,   234,  1,   5
733306,20070922,   235,  1,  48,    58, -1,   7
733306,20070922,   226,  1,  33,   163, -1,  20
733306,20070922,   228,  1,  51,    32, -1,  14
733306,20070922,   237,  1,  17,    88, -1,  13
733306,20070922,   239,  1,  42,     8, -1,  31
733306,20070922,   241,  1,  51,    44, -1,  12
733311,20070927,    20,  1,  38,   187, -1,  16
733311,20070927,   143, -1,  50,   134,  1,  20
733311,20070927,   198, -1,  13,   203,  1,  10
733311,20070927,    13,  1,  35,   112, -1,  31
733312,20070928,   186,  1,  21,   235, -1,  13
733313,20070929,     4,  1,  48,   209, -1,  24
733313,20070929,   188,  0,  21,     5,  0,   2
733313,20070929,     9,  1,  48,   233, -1,  20
733313,20070929,    12,  1,  66,   145, -1,   7
733313,20070929,    14,  1,  37,   195, -1,  21
733313,20070929,    17,  1,  49,    25, -1,  14
733313,20070929,   126, -1,  33,    19,  1,   9
733313,20070929,    21,  1,  24,   110, -1,  14
733313,20070929,    22,  1,  41,   238, -1,  21
733313,20070929,   166, -1,  49,    23,  1,  42
733313,20070929,    24,  1,  38,   107, -1,   7
733313,20070929,   177, -1,  56,    26,  1,   9
733313,20070929,    29,  1,  56,   130, -1,  21
733313,20070929,   212,  1,  37,   102, -1,  19
733313,20070929,    28,  1,  35,   132, -1,  10
733313,20070929,    36, -1,  41,    34,  1,  16
733313,20070929,    65, -1,  34,    39,  1,  31
733313,20070929,    40,  1,  27,   154, -1,  24
733313,20070929,    43,  1,  44,     2, -1,  10
733313,20070929,    46,  1,  21,   158, -1,  13
733313,20070929,    49,  1,  42,   122, -1,   7
733313,20070929,    51,  1,  48,   220, -1,  20
733313,20070929,    55,  1,  43,   176, -1,  20
733313,20070929,   161, -1,  28,    57,  1,  21
733313,20070929,     8, -1,  49,    59,  1,  32
733313,20070929,    15, -1,  20,    61,  1,  17
733313,20070929,    64,  0,  21,     3,  0,  14
733313,20070929,    66,  1,  17,   103, -1,   6
733313,20070929,   239, -1,  45,    67,  1,  20
733313,20070929,    69,  1,  20,    16, -1,  13
733313,20070929,    44, -1,  45,    70,  1,   7
733313,20070929,    71,  1,  45,   118, -1,  17
733313,20070929,    68,  1,  50,   226, -1,  21
733313,20070929,    72,  1,  13,    37, -1,   3
733313,20070929,    50, -1,  24,    74,  1,  17
733313,20070929,    77,  1,  33,   192, -1,  28
733313,20070929,   241, -1,  38,    78,  1,  17
733313,20070929,    58, -1,  37,    79,  1,  35
733313,20070929,    80,  1,  24,   229, -1,  21
733313,20070929,    76, -1,  48,    81,  1,  20
733313,20070929,    83,  1,  27,   159, -1,  20
733313,20070929,   148, -1,  23,    84,  1,  13
733313,20070929,   173, -1,  72,    86,  1,  10
733313,20070929,    85, -1,  38,    88,  1,  20
733313,20070929,    47, -1,  20,    91,  1,  10
733313,20070929,    93,  1,  35,   222, -1,   7
733313,20070929,    97,  1,  45,    60, -1,  17
733313,20070929,   100,  1,  20,    75, -1,  13
733313,20070929,   101,  1,  68,   190, -1,  10
733313,20070929,   113,  1,  24,    52, -1,  14
733313,20070929,   114,  1,  17,   193, -1,  14
733313,20070929,   128,  1,  47,    63, -1,   6
733313,20070929,   153, -1,  30,   117,  1,   7
733313,20070929,   123,  1,  18,   234, -1,  10
733313,20070929,   124,  1,  40,    82, -1,  20
733313,20070929,   125,  1,  42,    48, -1,  35
733313,20070929,    92, -1,  40,   129,  1,  24
733313,20070929,   133,  1,  31,     1, -1,  20
733313,20070929,   137,  1,  35,    89, -1,  17
733313,20070929,   138,  1,  27,   215, -1,  20
733313,20070929,    27, -1,  31,   140,  1,  24
733313,20070929,   141,  1,  20,    11, -1,  17
733313,20070929,   163, -1,  34,   135,  1,  27
733313,20070929,   104, -1,  29,   136,  1,  10
733313,20070929,   115, -1,  28,   149,  1,  16
733313,20070929,    96, -1,  33,   152,  1,  25
733313,20070929,   155,  1,  39,   175, -1,   3
733313,20070929,    30, -1,  31,   156,  1,  24
733313,20070929,   213, -1,  40,   157,  1,  14
733313,20070929,    73,  0,  17,   162,  0,  14
733313,20070929,   164,  1,  42,    42, -1,  32
733313,20070929,   165,  1,  33,   151, -1,  19
733313,20070929,   168,  1,  45,   139, -1,  38
733313,20070929,   225, -1,  40,   169,  1,  13
733313,20070929,   109, -1,  34,   170,  1,  24
733313,20070929,    45,  1,  38,   147, -1,   9
733313,20070929,    35, -1,  52,   178,  1,  23
733313,20070929,   179,  1,  34,   211, -1,  14
733313,20070929,    54, -1,  31,   182,  1,  16
733313,20070929,   219, -1,  48,   184,  1,  45
733313,20070929,   185,  1,  38,   119, -1,  21
733313,20070929,   172,  1,  45,   183, -1,   0
733313,20070929,    10, -1,  41,   191,  1,   3
733313,20070929,   194,  1,  24,    41, -1,  12
733313,20070929,    62,  0,  18,   197,  0,  17
733313,20070929,    95, -1,  41,   199,  1,  21
733313,20070929,   200,  1,  34,    18, -1,  10
733313,20070929,   202,  1,  75,   150, -1,   7
733313,20070929,   228, -1,  42,   204,  1,  28
733313,20070929,   206,  1,  24,   214, -1,   7
733313,20070929,   105, -1,  34,   207,  1,   9
733313,20070929,   208,  1,  38,   210, -1,  30
733313,20070929,   217,  1,  34,   218, -1,  18
733313,20070929,   221,  1,  30,    56, -1,   7
733313,20070929,   223,  1,  44,   160, -1,  14
733313,20070929,   224,  1,  17,   144, -1,  10
733313,20070929,   230,  1,  18,   174, -1,  15
733313,20070929,   216, -1,  27,   232,  1,  24
733313,20070929,   131, -1,  41,   227,  1,  28
733313,20070929,   236,  1,  27,   205, -1,  22
733313,20070929,   237,  1,  37,   116, -1,  34
733313,20070929,   242,  1,  49,   121, -1,  21
733316,20071002,   112,  1,  24,   108, -1,  21
733317,20071003,   167, -1,  31,   187,  1,  29
733318,20071004,    92,  1,  27,   203, -1,  24
733318,20071004,   185,  1,  38,    97, -1,  23
733318,20071004,    50,  1,  24,    19, -1,  10
733319,20071005,   217, -1,  44,   104,  1,  35
733320,20071006,     1,  1,  31,   215, -1,  14
733320,20071006,     3,  1,  30,    79, -1,  24
733320,20071006,     6,  1,  24,   192, -1,  23
733320,20071006,   162, -1,  17,     7,  1,   7
733320,20071006,     8,  1,  45,    69, -1,   7
733320,20071006,    12,  0,  34,    34,  0,  15
733320,20071006,    14,  1,  20,   207, -1,  17
733320,20071006,    15,  1,  35,   221, -1,   7
733320,20071006,    28, -1,  58,    17,  1,  38
733320,20071006,    40, -1,  43,    18,  1,  23
733320,20071006,    21,  1,  55,    22, -1,  24
733320,20071006,    78, -1,  48,    23,  1,  37
733320,20071006,    25,  1,  31,   152, -1,  10
733320,20071006,    33,  1,  28,   180, -1,   0
733320,20071006,   224, -1,  41,    37,  1,  23
733320,20071006,    39,  1,  28,    24, -1,  24
733320,20071006,   178, -1,  24,    41,  1,  20
733320,20071006,    75, -1,  32,    44,  1,  15
733320,20071006,   125, -1,  49,    47,  1,  21
733320,20071006,    48,  1,  49,    91, -1,   3
733320,20071006,    51,  1,  37,    26, -1,  19
733320,20071006,   231, -1,  41,    52,  1,  36
733320,20071006,    58,  1,  52,   212, -1,  38
733320,20071006,    55, -1,  28,    54,  1,  21
733320,20071006,   186, -1,  35,    60,  1,  23
733320,20071006,   206, -1,  34,    63,  1,  16
733320,20071006,    64,  1,  27,   136, -1,  10
733320,20071006,    65,  1,  28,   100, -1,  18
733320,20071006,    67,  1,  27,    38, -1,  17
733320,20071006,    68,  1,  41,   172, -1,  38
733320,20071006,    73,  1,  40,   127, -1,   0
733320,20071006,    76,  1,  52,   218, -1,  37
733320,20071006,    77,  1,  38,   106, -1,  13
733320,20071006,    82,  1,  26,   130, -1,  14
733320,20071006,    83,  1,  31,   237, -1,  26
733320,20071006,    85,  1,  40,   117, -1,  20
733320,20071006,   227, -1,  19,    86,  1,   7
733320,20071006,    90,  1,  32,     5, -1,  20
733320,20071006,    94, -1,  30,    95,  1,  24
733320,20071006,   114, -1,  20,    96,  1,  13
733320,20071006,    87, -1,  56,    98,  1,   3
733320,20071006,    99,  1,  29,    42, -1,   0
733320,20071006,   102,  1,  38,   145, -1,  29
733320,20071006,   214,  1,  30,    13, -1,  13
733320,20071006,   105,  1,  28,    61, -1,  24
733320,20071006,    53, -1,  31,   107,  1,  21
733320,20071006,   109,  1,  28,    72, -1,  26
733320,20071006,   115,  1,  33,    56, -1,  22
733320,20071006,   149, -1,  48,   116,  1,  41
733320,20071006,   223, -1,  23,   128,  1,  21
733320,20071006,   118,  1,  24,   103, -1,   0
733320,20071006,   119,  1,  30,   210, -1,  13
733320,20071006,   120,  1,  41,   137, -1,   6
733320,20071006,   121,  1,  58,    84, -1,  41
733320,20071006,   123,  1,  24,    57, -1,  23
733320,20071006,   124,  1,   7,   189, -1,   3
733320,20071006,   126,  1,  22,   134, -1,  17
733320,20071006,    66, -1,  49,   138,  1,  41
733320,20071006,   139,  1,  35,    49, -1,  30
733320,20071006,   142,  1,  58,   150, -1,   0
733320,20071006,   143,  1,  20,   171, -1,  13
733320,20071006,   144,  1,  33,   113, -1,  27
733320,20071006,   131,  1,  35,   211, -1,  16
733320,20071006,    93, -1,  21,   146,  1,  14
733320,20071006,   157,  1,  31,     9, -1,  16
733320,20071006,   159,  1,  27,    88, -1,   7
733320,20071006,   158,  1,  42,    70, -1,  13
733320,20071006,   147, -1,  44,   161,  1,  43
733320,20071006,    74, -1,  48,   164,  1,  27
733320,20071006,   153, -1,  23,   165,  1,   7
733320,20071006,   230, -1,  20,   169,  1,  13
733320,20071006,    35, -1,  28,   170,  1,  23
733320,20071006,   122, -1,  49,   174,  1,   8
733320,20071006,    31, -1,  35,   175,  1,  14
733320,20071006,   179,  1,  28,    81, -1,  20
733320,20071006,   181,  1,  21,   183, -1,   3
733320,20071006,   191, -1,  24,   216,  1,  23
733320,20071006,   173,  1,  24,   242, -1,  17
733320,20071006,     4, -1,  33,   188,  1,  28
733320,20071006,    32, -1,  43,   190,  1,   7
733320,20071006,   235, -1,  55,   193,  1,  14
733320,20071006,   195,  1,  16,   132, -1,  15
733320,20071006,   196,  1,  35,    71, -1,  14
733320,20071006,    16, -1,  30,   198,  1,  27
733320,20071006,   154,  0,  28,   199,  0,  21
733320,20071006,   200,  1,  24,   155, -1,  23
733320,20071006,   111, -1,  41,   201,  1,  20
733320,20071006,   202,  1,  42,    89, -1,  17
733320,20071006,   239, -1,  28,    36,  1,   7
733320,20071006,   204,  1,  35,   101, -1,  34
733320,20071006,   205,  1,  23,   168, -1,  21
733320,20071006,   151, -1,  20,   213,  1,   6
733320,20071006,   219,  1,  48,   208, -1,  47
733320,20071006,   177, -1,  41,   220,  1,  27
733320,20071006,   222,  1,  63,   236, -1,  24
733320,20071006,    10, -1,  23,   233,  1,  20
733320,20071006,   234,  1,  26,    45, -1,   7
733320,20071006,    59, -1,  38,   226,  1,  36
733320,20071006,     2, -1,  39,   228,  1,  38
733320,20071006,   229,  0,  27,    62,  0,  23
733320,20071006,   240,  1,  24,   194, -1,  21
733320,20071006,   241,  1,  50,    46, -1,  10
733321,20071007,    20,  1,  58,   141, -1,   0
733324,20071010,   133, -1,  48,   160,  1,  45
733325,20071011,   197, -1,  45,   198,  1,  28
733325,20071011,   231,  1,  24,    64, -1,  21
733325,20071011,    92, -1,  42,    16,  1,   9
733325,20071011,    31,  1,  63,   201, -1,  21
733326,20071012,    76, -1,  42,   179,  1,  35
733327,20071013,   195, -1,  24,     2,  1,  20
733327,20071013,   162, -1,  17,     5,  1,   6
733327,20071013,   210,  1,  26,   207, -1,  21
733327,20071013,     6,  1,  38,   174, -1,   7
733327,20071013,    10,  1,  44,   232, -1,  20
733327,20071013,    15, -1,   9,    12,  1,   7
733327,20071013,    13,  1,  52,   102, -1,  21
733327,20071013,    73,  0,  30,    11,  0,  24
733327,20071013,    17,  1,  35,   238, -1,  12
733327,20071013,    23,  1,  33,   164, -1,  24
733327,20071013,    25,  1,  43,   204, -1,  33
733327,20071013,   157, -1,  31,    30,  1,  28
733327,20071013,    32,  1,  16,   169, -1,  10
733327,20071013,    28,  1,  47,    14, -1,  23
733327,20071013,    34,  1,  39,   226, -1,  21
733327,20071013,   104, -1,  28,    35,  1,  24
733327,20071013,     1, -1,  45,    41,  1,  21
733327,20071013,   158, -1,  59,    42,  1,  28
733327,20071013,    44,  1,  17,    39, -1,  14
733327,20071013,    48,  1,  38,    47, -1,  28
733327,20071013,    49,  1,  30,   146, -1,  20
733327,20071013,   224, -1,  43,    52,  1,  14
733327,20071013,    55,  1,  44,   182, -1,  17
733327,20071013,    57,  1,  35,   124, -1,  13
733327,20071013,    59,  1,  36,    68, -1,  33
733327,20071013,    65, -1,  38,    70,  1,  31
733327,20071013,    75,  1,  27,    99, -1,  17
733327,20071013,    78,  1,  41,    46, -1,  15
733327,20071013,    79,  1,  56,   167, -1,  48
733327,20071013,    66, -1,  37,    81,  1,  24
733327,20071013,    84,  1,  69,    86, -1,  17
733327,20071013,    88,  1,  10,    83, -1,   6
733327,20071013,   199, -1,  56,    89,  1,   3
733327,20071013,    91,  1,  34,   125, -1,  24
733327,20071013,    94,  1,  58,    18, -1,  10
733327,20071013,    95,  1,  47,    40, -1,  20
733327,20071013,    97,  1,  43,   105, -1,  37
733327,20071013,   103,  1,  22,   141, -1,  21
733327,20071013,   236, -1,  21,   106,  1,  20
733327,20071013,   107,  1,  24,    98, -1,  10
733327,20071013,   110,  1,  32,   222, -1,  24
733327,20071013,   111,  1,  31,   175, -1,  21
733327,20071013,   128, -1,  21,   112,  1,   7
733327,20071013,    72, -1,  17,   113,  1,  14
733327,20071013,   114,  1,  47,    22, -1,  14
733327,20071013,   115,  1,  48,   165, -1,  21
733327,20071013,   116,  1,  52,    85, -1,  27
733327,20071013,     3, -1,  27,   118,  1,  24
733327,20071013,   196, -1,  33,   119,  1,  21
733327,20071013,   131, -1,  58,   127,  1,   7
733327,20071013,   230, -1,  45,   122,  1,  16
733327,20071013,   126,  1,  36,    80, -1,  33
733327,20071013,    54, -1,  27,   129,  1,  24
733327,20071013,   155, -1,  45,   137,  1,  14
733327,20071013,   139,  1,  49,    87, -1,  21
733327,20071013,   143,  1,  20,    74, -1,  19
733327,20071013,   185, -1,  21,   144,  1,  15
733327,20071013,    50, -1,  27,   134,  1,   0
733327,20071013,   145,  1,  31,   214, -1,  21
733327,20071013,   147,  1,  45,    82, -1,  24
733327,20071013,   234, -1,  23,   130,  1,   0
733327,20071013,   228, -1,  17,   132,  1,  13
733327,20071013,   148,  1,  30,   173, -1,  24
733327,20071013,   149,  1,  49,   117, -1,  48
733327,20071013,   150,  1,  27,   181, -1,  24
733327,20071013,    21, -1,  27,   151,  1,  14
733327,20071013,   153,  1,  48,    96, -1,   3
733327,20071013,   152,  1,  48,    56, -1,  42
733327,20071013,   154,  1,  41,   120, -1,  31
733327,20071013,   156,  1,  53,   233, -1,   7
733327,20071013,   159,  1,  38,   237, -1,   7
733327,20071013,    93, -1,  44,   166,  1,  27
733327,20071013,   168,  1,  42,   192, -1,   0
733327,20071013,   123, -1,  17,    45,  1,   3
733327,20071013,   177,  1,  59,    51, -1,  19
733327,20071013,   171,  1,  49,    62, -1,  14
733327,20071013,   186,  1,  64,   212, -1,  12
733327,20071013,   216,  1,  20,     9, -1,  13
733327,20071013,   187,  1,  28,   184, -1,   7
733327,20071013,    90, -1,  32,   188,  1,  26
733327,20071013,    53, -1,  24,   190,  1,  17
733327,20071013,   194, -1,  38,   191,  1,  36
733327,20071013,   142, -1,  17,   183,  1,  16
733327,20071013,   170, -1,  38,   193,  1,  14
733327,20071013,   203,  1,  31,   176, -1,  21
733327,20071013,     7, -1,  22,   209,  1,  20
733327,20071013,   202,  1,  35,   200, -1,   7
733327,20071013,    36,  1,  54,    67, -1,  51
733327,20071013,    77, -1,  20,   205,  1,   3
733327,20071013,   208,  1,  38,   108, -1,  31
733327,20071013,    29, -1,  63,   211,  1,  28
733327,20071013,    27, -1,  24,   215,  1,  14
733327,20071013,   217,  1,  23,   178, -1,   7
733327,20071013,    58, -1,  45,   219,  1,  42
733327,20071013,   220,  1,  42,    26, -1,  37
733327,20071013,    71, -1,  20,   221,  1,  17
733327,20071013,   223,  1,  17,    43, -1,  16
733327,20071013,   163, -1,  45,   225,  1,  21
733327,20071013,   227,  1,  31,   121, -1,  10
733327,20071013,   239,  1,  52,    69, -1,  17
733327,20071013,   140, -1,  20,   240,  1,   3
733327,20071013,   241,  1,  23,   100, -1,   7
733327,20071013,   242,  1,  23,   189, -1,  22
733328,20071014,    20,  1,  69,   138, -1,  67
733332,20071018,     4,  1,  31,    11, -1,  14
733332,20071018,   143, -1,  33,    62,  1,  27
733332,20071018,   170,  1,  30,   186, -1,  27
733332,20071018,   217, -1,  27,   194,  1,  20
733333,20071019,    43,  1,  21,   104, -1,  17
733333,20071019,   149,  0,  26,    56,  0,  14
733334,20071020,     1,  1,  20,   240, -1,  12
733334,20071020,     3,  1,  41,   196, -1,  17
733334,20071020,    79, -1,  49,   210,  1,  10
733334,20071020,    68, -1,  38,     8,  1,  35
733334,20071020,   191, -1,  21,     9,  1,  20
733334,20071020,   199, -1,  31,    18,  1,  10
733334,20071020,   229, -1,  14,    19,  1,   9
733334,20071020,    27,  1,  42,    57, -1,   7
733334,20071020,    70, -1,  20,    24,  1,  17
733334,20071020,   212,  1,  44,   208, -1,  23
733334,20071020,   101, -1,  50,    33,  1,  10
733334,20071020,    67, -1,  28,    34,  1,  22
733334,20071020,    37,  1,  70,    28, -1,  14
733334,20071020,   163, -1,  41,    38,  1,  34
733334,20071020,    39,  1,  27,   205, -1,  17
733334,20071020,    94, -1,  19,    40,  1,  14
733334,20071020,    44,  1,  38,    23, -1,  31
733334,20071020,    46,  1,  37,    42, -1,  28
733334,20071020,    47,  1,  24,    51, -1,  21
733334,20071020,    50,  1,  25,   126, -1,  17
733334,20071020,    53,  1,  17,   169, -1,  14
733334,20071020,   136, -1,  34,    58,  1,  20
733334,20071020,    54,  1,  29,   203, -1,  23
733334,20071020,    55,  1,  49,   197, -1,   7
733334,20071020,   113, -1,  37,    64,  1,  29
733334,20071020,    66,  1,  30,   179, -1,   0
733334,20071020,    72,  1,  34,    14, -1,  10
733334,20071020,   171, -1,  28,    74,  1,  24
733334,20071020,    75,  1,  27,   164, -1,  10
733334,20071020,   139, -1,  40,    77,  1,   3
733334,20071020,    80,  1,  35,   134, -1,  27
733334,20071020,    82,  1,  38,   161, -1,  20
733334,20071020,   115, -1,  27,    83,  1,  17
733334,20071020,   159, -1,  36,    85,  1,  31
733334,20071020,   238, -1,  56,    86,  1,   7
733334,20071020,   154, -1,  17,    89,  1,   7
733334,20071020,    73, -1,  30,    90,  1,  20
733334,20071020,    92,  1,  38,   198, -1,  10
733334,20071020,    22, -1,  31,    96,  1,  20
733334,20071020,    61, -1,  45,    97,  1,  37
733334,20071020,    65, -1,  34,    99,  1,  23
733334,20071020,    78, -1,  59,   100,  1,  10
733334,20071020,    20, -1,  45,   103,  1,  31
733334,20071020,    60, -1,  39,   102,  1,  32
733334,20071020,   214,  1,  28,    63, -1,  14
733334,20071020,   105,  1,  30,    15, -1,  24
733334,20071020,   223, -1,  18,   109,  1,  17
733334,20071020,   110,  1,  24,   146, -1,   7
733334,20071020,   128,  1,  24,    13, -1,   7
733334,20071020,   131, -1,  27,   117,  1,  21
733334,20071020,    12, -1,  44,   118,  1,   8
733334,20071020,   127,  1,  37,   209, -1,  35
733334,20071020,   120,  1,  41,   202, -1,  10
733334,20071020,   123,  1,  52,   130, -1,   7
733334,20071020,   124,  1,  20,    45, -1,   9
733334,20071020,   125,  1,  24,    26, -1,   3
733334,20071020,   231, -1,  44,   133,  1,  24
733334,20071020,   200, -1,  36,   137,  1,  14
733334,20071020,   141,  1,  45,    81, -1,  31
733334,20071020,   111, -1,  28,   142,  1,   7
733334,20071020,   216, -1,  38,   151,  1,   0
733334,20071020,   153,  1,  24,   116, -1,  17
733334,20071020,   155,  1,  41,    95, -1,  39
733334,20071020,   241, -1,  26,   158,  1,  20
733334,20071020,   160,  1,  24,    35, -1,  17
733334,20071020,   165,  1,  31,    88, -1,   6
733334,20071020,   112, -1,  38,   167,  1,  35
733334,20071020,   168,  1,  38,   166, -1,   6
733334,20071020,   174,  1,  41,   107, -1,  34
733334,20071020,   175,  1,  42,   150, -1,  20
733334,20071020,    16, -1,  28,   176,  1,  25
733334,20071020,   177,  1,  62,    91, -1,  23
733334,20071020,   140, -1,  20,   178,  1,  17
733334,20071020,   135, -1,  30,   180,  1,  14
733334,20071020,    31, -1,  37,   181,  1,  33
733334,20071020,   129, -1,  31,   182,  1,  17
733334,20071020,   207, -1,  41,   184,  1,  34
733334,20071020,   221, -1,  17,   185,  1,   6
733334,20071020,   172,  1,  48,    29, -1,  35
733334,20071020,   173,  1,  45,   121, -1,  10
733334,20071020,   188,  1,  14,     7, -1,  10
733334,20071020,   211, -1,  41,   189,  1,  21
733334,20071020,     6, -1,  58,   190,  1,  21
733334,20071020,   192,  1,  30,   106, -1,  23
733334,20071020,   193,  1,  20,    25, -1,  12
733334,20071020,   195,  1,  24,   114, -1,  17
733334,20071020,   201,  1,  52,   183, -1,  29
733334,20071020,   204,  1,  43,   152, -1,  40
733334,20071020,   206,  1,  45,   145, -1,   7
733334,20071020,   213,  1,  30,    30, -1,  21
733334,20071020,    41, -1,  48,   215,  1,  23
733334,20071020,   138, -1,  31,   218,  1,  28
733334,20071020,    48, -1,  33,   220,  1,   7
733334,20071020,    69, -1,  36,   225,  1,  22
733334,20071020,    32, -1,  21,   230,  1,  13
733334,20071020,   156, -1,  55,   232,  1,  34
733334,20071020,   147, -1,  29,   234,  1,  20
733334,20071020,   235,  1,  38,   119, -1,  13
733334,20071020,    36, -1,  37,   226,  1,  31
733334,20071020,   148, -1,  42,   227,  1,   3
733334,20071020,    17, -1,  27,   228,  1,  23
733334,20071020,   237,  1,  44,   132, -1,   3
733334,20071020,    59, -1,  24,   239,  1,  13
733334,20071020,    84, -1,  27,   242,  1,  22
733335,20071021,   187, -1,  33,   108,  1,  24
733339,20071025,   140,  1,  34,     1, -1,  31
733339,20071025,    21, -1,  14,   224,  1,  10
733339,20071025,   239, -1,  47,   226,  1,  44
733340,20071026,    20, -1,  34,    66,  1,  21
733340,20071026,   164,  1,  34,    44, -1,  31
733341,20071027,     4,  0,  13,     5,  0,   9
733341,20071027,    10,  1,  31,    30, -1,  20
733341,20071027,    12,  1,  58,    63, -1,  10
733341,20071027,   206, -1,  27,    13,  1,   0
733341,20071027,    15,  1,  17,   118, -1,   3
733341,20071027,   152, -1,  38,    22,  1,  27
733341,20071027,    23,  1,  31,   158, -1,  17
733341,20071027,    78, -1,  45,    24,  1,  21
733341,20071027,    25,  1,  26,     2, -1,  10
733341,20071027,    47, -1,  44,    26,  1,  32
733341,20071027,    31,  1,  49,   142, -1,  42
733341,20071027,   122, -1,  51,    32,  1,  36
733341,20071027,    38,  1,  42,   225, -1,  35
733341,20071027,   217, -1,  27,    41,  1,   3
733341,20071027,   241, -1,  28,    42,  1,   7
733341,20071027,    43,  1,  22,   186, -1,  15
733341,20071027,    48,  1,  35,   177, -1,  16
733341,20071027,    51,  1,  42,    91, -1,  14
733341,20071027,    58,  1,  41,   210, -1,   6
733341,20071027,    56,  1,  19,   228, -1,   2
733341,20071027,    59,  1,  38,    34, -1,  28
733341,20071027,    71,  0,  42,    61,  0,  30
733341,20071027,   214, -1,  33,    60,  1,  30
733341,20071027,    64,  1,  25,    52, -1,   6
733341,20071027,     8, -1,  34,    67,  1,  27
733341,20071027,    69,  1,  29,    33, -1,  25
733341,20071027,    68,  1,  21,    36, -1,  17
733341,20071027,    73,  1,  57,   209, -1,   9
733341,20071027,    75,  1,  28,    46, -1,  21
733341,20071027,    76,  1,  50,   141, -1,  13
733341,20071027,    29, -1,  48,    82,  1,  28
733341,20071027,    83,  1,  28,    17, -1,  17
733341,20071027,   227, -1,  27,    84,  1,  14
733341,20071027,    87,  1,  28,    53, -1,  23
733341,20071027,    88,  1,  34,   116, -1,  27
733341,20071027,    90,  1,  17,    11, -1,   6
733341,20071027,   168, -1,  17,    93,  1,  16
733341,20071027,    95,  1,  51,    18, -1,  13
733341,20071027,    28, -1,  41,    96,  1,  32
733341,20071027,   119, -1,  31,    97,  1,  14
733341,20071027,    39, -1,  36,    99,  1,  27
733341,20071027,   100,  1,  45,    70, -1,   0
733341,20071027,   101,  1,  48,   163, -1,  14
733341,20071027,   104,  1,  24,   160, -1,  17
733341,20071027,    65, -1,  33,   107,  1,   0
733341,20071027,   108,  1,  34,   167, -1,  21
733341,20071027,    37, -1,  30,   109,  1,  17
733341,20071027,   111,  1,  45,   181, -1,  17
733341,20071027,   115,  1,  34,   117, -1,  10
733341,20071027,   120,  1,  42,    89, -1,  28
733341,20071027,   121,  1,  63,    86, -1,   7
733341,20071027,   126,  1,  14,    62, -1,  12
733341,20071027,    55, -1,  46,   129,  1,  35
733341,20071027,    49, -1,  59,   133,  1,  52
733341,20071027,   138,  1,  37,    81, -1,  21
733341,20071027,   139,  1,  49,   166, -1,  36
733341,20071027,    80, -1,  17,   143,  1,  10
733341,20071027,    19, -1,  24,   134,  1,  20
733341,20071027,   136,  1,  29,   223, -1,  24
733341,20071027,   131,  1,  52,   189, -1,  17
733341,20071027,   128, -1,  48,   145,  1,  28
733341,20071027,   106, -1,  20,   146,  1,  14
733341,20071027,   123, -1,  21,   147,  1,  16
733341,20071027,   130,  1,  16,   124, -1,  13
733341,20071027,   148,  1,  14,   242, -1,  13
733341,20071027,   201, -1,  20,   150,  1,  17
733341,20071027,   156,  1,  24,   216, -1,  17
733341,20071027,   157,  1,  23,   191, -1,   6
733341,20071027,   153, -1,  37,   159,  1,  17
733341,20071027,   234, -1,  73,   161,  1,  68
733341,20071027,   162,  1,  26,   127, -1,  21
733341,20071027,   165,  1,  35,   149, -1,  17
733341,20071027,   235, -1,  31,   170,  1,   3
733341,20071027,    57, -1,  38,    45,  1,  30
733341,20071027,   190, -1,  35,   174,  1,  30
733341,20071027,    50, -1,  17,   171,  1,  16
733341,20071027,   175, -1,  45,   183,  1,  17
733341,20071027,   196,  1,  27,   185, -1,  24
733341,20071027,    54, -1,  38,   197,  1,  35
733341,20071027,   176, -1,  59,   198,  1,  52
733341,20071027,   203,  1,  55,   182, -1,  20
733341,20071027,   199,  1,  28,   137, -1,  25
733341,20071027,    94, -1,  19,   200,  1,  11
733341,20071027,    40, -1,  31,   202,  1,  26
733341,20071027,   204,  1,  70,   132, -1,  21
733341,20071027,   112, -1,  28,   207,  1,  27
733341,20071027,   208,  1,  29,   184, -1,  23
733341,20071027,   172, -1,  28,   211,  1,  21
733341,20071027,   103, -1,  31,   218,  1,  21
733341,20071027,    79, -1,  34,   219,  1,  31
733341,20071027,   125, -1,  16,   220,  1,  14
733341,20071027,   221,  1,  24,   114, -1,  13
733341,20071027,   222,  1,  35,    77, -1,  31
733341,20071027,     6, -1,  24,   230,  1,  10
733341,20071027,   231,  1,  37,   144, -1,  10
733341,20071027,     9, -1,  48,   232,  1,  41
733341,20071027,   233,  1,  27,   213, -1,   7
733341,20071027,   238,  1,  50,   135, -1,  14
733341,20071027,   110, -1,  48,   236,  1,  34
733341,20071027,   229,  1,  20,    74, -1,  19
733341,20071027,   237,  1,  33,    85, -1,   3
733341,20071027,   240,  1,  29,   215, -1,  24
733342,20071028,   212, -1,  34,   187,  1,  17
733346,20071101,   224, -1,  27,    72,  1,   3
733347,20071102,    22,  1,  44,     2, -1,  20
733347,20071102,   138, -1,  40,   141,  1,  38
733347,20071102,   152,  1,  23,   195, -1,   7
733348,20071103,     1,  1,  30,    14, -1,  10
733348,20071103,   105, -1,  41,     3,  1,  34
733348,20071103,    90, -1,  43,     4,  1,  40
733348,20071103,    73, -1,  21,     5,  1,   7
733348,20071103,   187, -1,  37,   210,  1,   7
733348,20071103,     6,  1,  45,   169, -1,  17
733348,20071103,     7,  1,  17,   127, -1,  14
733348,20071103,     9,  1,  34,   213, -1,  27
733348,20071103,    12,  1,  48,   185, -1,  36
733348,20071103,    13,  1,  27,    63, -1,  24
733348,20071103,    11,  1,  21,   162, -1,  19
733348,20071103,    15,  1,  35,   198, -1,   3
733348,20071103,   202, -1,  38,    18,  1,   7
733348,20071103,    74, -1,  31,    19,  1,  24
733348,20071103,    20,  1,  42,   179, -1,   7
733348,20071103,    64, -1,  27,    21,  1,  17
733348,20071103,    27,  1,  35,    41, -1,  16
733348,20071103,    30,  1,  20,   233, -1,  17
733348,20071103,   172, -1,  38,    31,  1,  10
733348,20071103,    32,  1,  49,   174, -1,  33
733348,20071103,   212,  1,  47,   108, -1,  13
733348,20071103,   238, -1,  28,    34,  1,  21
733348,20071103,    39,  1,  21,   100, -1,   7
733348,20071103,   120, -1,  55,    40,  1,  10
733348,20071103,    75, -1,  27,    42,  1,  12
733348,20071103,    43,  1,  38,   170, -1,  19
733348,20071103,    46,  1,  59,    44, -1,  31
733348,20071103,    48,  1,  61,    26, -1,   0
733348,20071103,    49,  1,  37,    93, -1,  34
733348,20071103,    37, -1,  47,    52,  1,  10
733348,20071103,    57,  1,  17,   130, -1,   7
733348,20071103,    61,  1,  49,   221, -1,  22
733348,20071103,    62,  1,  24,   134, -1,  21
733348,20071103,    65,  1,  24,    78, -1,  21
733348,20071103,    66,  1,  38,   218, -1,  27
733348,20071103,    67,  1,  52,    59, -1,  49
733348,20071103,    69,  1,  66,   180, -1,   0
733348,20071103,    71,  1,  44,   206, -1,  34
733348,20071103,    77,  1,  38,   236, -1,  14
733348,20071103,   171, -1,  59,    80,  1,  21
733348,20071103,   103, -1,  28,    81,  1,  16
733348,20071103,    85,  1,  38,    17, -1,  20
733348,20071103,   242, -1,  40,    86,  1,   7
733348,20071103,    89,  1,  31,    95, -1,  20
733348,20071103,   220, -1,  29,    91,  1,  27
733348,20071103,    94,  1,  76,   137, -1,  39
733348,20071103,    99,  1,  34,    24, -1,   7
733348,20071103,   101,  1,  37,    38, -1,  24
733348,20071103,   128, -1,  43,   214,  1,  40
733348,20071103,   106,  1,  16,   205, -1,  13
733348,20071103,   107,  1,  37,    70, -1,  34
733348,20071103,    58, -1,  56,   112,  1,  40
733348,20071103,   136, -1,  19,   113,  1,  16
733348,20071103,   114,  1,  31,    25, -1,  28
733348,20071103,   115, -1,  28,   116,  1,  24
733348,20071103,    83, -1,  44,   117,  1,  17
733348,20071103,   118,  1,  38,   150, -1,  31
733348,20071103,   148, -1,  38,   121,  1,  17
733348,20071103,   123,  1,  34,   161, -1,  31
733348,20071103,   147, -1,  29,   124,  1,  14
733348,20071103,   125,  1,  33,    51, -1,   0
733348,20071103,   143, -1,  24,   126,  1,  16
733348,20071103,   146, -1,  31,   139,  1,  13
733348,20071103,   144,  1,  16,   109, -1,  13
733348,20071103,   131,  1,  54,    84, -1,  28
733348,20071103,    88, -1,  28,   149,  1,  17
733348,20071103,   133, -1,  46,   151,  1,  44
733348,20071103,   153,  1,  38,   237, -1,  17
733348,20071103,   154,  1,  42,   200, -1,  14
733348,20071103,   199, -1,  38,   155,  1,  35
733348,20071103,   156,  1,  35,    10, -1,  23
733348,20071103,   159,  1,  26,   165, -1,  19
733348,20071103,   158,  1,   7,   164, -1,   0
733348,20071103,   160,  1,  20,   193, -1,  17
733348,20071103,   166,  1,  12,   110, -1,   6
733348,20071103,   167,  1,  56,   219, -1,  48
733348,20071103,   168,  1,  35,   222, -1,  27
733348,20071103,   211, -1,  31,    45,  1,  26
733348,20071103,   175,  1,  16,   142, -1,  13
733348,20071103,    92, -1,  24,   176,  1,  12
733348,20071103,   177,  1,  52,    47, -1,  49
733348,20071103,   178,  1,  27,   240, -1,  24
733348,20071103,    16, -1,  34,   182,  1,  31
733348,20071103,    35, -1,  38,   186,  1,  33
733348,20071103,   216,  1,  24,   157, -1,   3
733348,20071103,    29, -1,  28,   189,  1,  21
733348,20071103,   122, -1,  47,   190,  1,  17
733348,20071103,   232, -1,  27,   191,  1,   9
733348,20071103,   111, -1,  49,   183,  1,  20
733348,20071103,   194,  1,  37,   140, -1,   0
733348,20071103,   196,  1,  59,   102, -1,   7
733348,20071103,   197,  1,  42,   129, -1,  28
733348,20071103,   188, -1,  56,   209,  1,   7
733348,20071103,   201,  1,  45,   181, -1,  31
733348,20071103,     8, -1,  45,    36,  1,  24
733348,20071103,   204,  1,  52,    56, -1,  28
733348,20071103,   208, -1,  49,   207,  1,  25
733348,20071103,   223,  1,  17,   231, -1,  16
733348,20071103,    33, -1,  37,   225,  1,  28
733348,20071103,   230,  1,  28,    98, -1,   0
733348,20071103,   234,  1,  52,    82, -1,  37
733348,20071103,   173, -1,  10,   227,  1,   9
733348,20071103,    50, -1,  23,   229,  1,  20
733348,20071103,    68, -1,  38,   239,  1,  35
733348,20071103,   241,  1,  17,    23, -1,   7
733349,20071104,    79,  1,  38,   184, -1,  28
733351,20071106,    28, -1,  34,   228,  1,  31
733352,20071107,     2,  1,  48,   152, -1,  37
733353,20071108,    27,  1,  27,   194, -1,  22
733353,20071108,   197, -1,  38,   176,  1,  28
733353,20071108,   235,  1,  38,   104, -1,  31
733354,20071109,   170, -1,  41,    14,  1,   6
733354,20071109,    22, -1,  39,    56,  1,  32
733355,20071110,   212, -1,  45,   210,  1,  31
733355,20071110,     4, -1,  24,     7,  1,  20
733355,20071110,     8,  1,  79,   226, -1,  35
733355,20071110,    11,  1,  23,   188, -1,  21
733355,20071110,    55, -1,  28,    16,  1,  14
733355,20071110,    23,  1,  56,    46, -1,  35
733355,20071110,   100, -1,  38,    24,  1,  10
733355,20071110,   131, -1,  31,    29,  1,  28
733355,20071110,   216, -1,  24,    30,  1,  17
733355,20071110,    31,  1,  35,   183, -1,  23
733355,20071110,    33,  1,  28,   163, -1,  24
733355,20071110,   239, -1,  42,    34,  1,  16
733355,20071110,    35,  1,  27,    43, -1,   3
733355,20071110,    37,  1,  44,   231, -1,  10
733355,20071110,    38,  1,  17,    69, -1,  14
733355,20071110,    44,  1,  34,    42, -1,  14
733355,20071110,    47,  1,  44,   220, -1,   6
733355,20071110,   168, -1,  62,    49,  1,  56
733355,20071110,    50,  1,  28,   143, -1,  21
733355,20071110,    48, -1,  34,    51,  1,  27
733355,20071110,    72, -1,  41,    52,  1,  24
733355,20071110,    53,  1,  51,    98, -1,   8
733355,20071110,    60,  1,  34,    13, -1,  31
733355,20071110,    39, -1,  45,    70,  1,  12
733355,20071110,    71,  1,  45,    15, -1,  20
733355,20071110,    67, -1,  24,    68,  1,  22
733355,20071110,    74,  1,  30,    62, -1,  15
733355,20071110,    75,  1,  23,   158, -1,   7
733355,20071110,    76,  1,  37,    66, -1,  30
733355,20071110,    99, -1,  31,    78,  1,  21
733355,20071110,    19, -1,  37,    80,  1,  26
733355,20071110,   123, -1,  27,    82,  1,  14
733355,20071110,   107, -1,  17,    87,  1,  14
733355,20071110,    88,  1,  21,   117, -1,  16
733355,20071110,    89,  1,  31,    40, -1,  28
733355,20071110,    91,  1,  24,    26, -1,  16
733355,20071110,    54, -1,  37,    92,  1,  23
733355,20071110,   101,  1,  73,   225, -1,  34
733355,20071110,   214,  1,  28,    73, -1,  14
733355,20071110,   105,  1,  58,   103, -1,  10
733355,20071110,   106,  1,  35,   166, -1,   0
733355,20071110,   108,  1,  26,    58, -1,   7
733355,20071110,   109,  1,  42,    21, -1,  35
733355,20071110,   110,  1,  27,   139, -1,   7
733355,20071110,   111,  1,  27,   150, -1,  21
733355,20071110,   223, -1,  48,   113,  1,   0
733355,20071110,   102, -1,  34,   128,  1,  24
733355,20071110,   119,  1,  17,     3, -1,  12
733355,20071110,     5, -1,  20,   127,  1,  16
733355,20071110,   120,  1,  40,   200, -1,  26
733355,20071110,   121,  1,  55,   182, -1,  17
733355,20071110,     6, -1,  21,   122,  1,   3
733355,20071110,   177, -1,  27,   125,  1,  14
733355,20071110,   137,  1,  73,    95, -1,  31
733355,20071110,   140,  1,  26,    41, -1,  23
733355,20071110,   142,  1,  52,   201, -1,  28
733355,20071110,   136,  1,  31,   144, -1,  27
733355,20071110,   133, -1,  74,   145,  1,  62
733355,20071110,   146,  1,  35,    77, -1,  31
733355,20071110,    57, -1,  52,   147,  1,  24
733355,20071110,    45, -1,  20,   130,  1,  17
733355,20071110,   132,  1,  27,    96, -1,  20
733355,20071110,   148,  1,  68,    86, -1,  14
733355,20071110,   149,  1,  31,    85, -1,  28
733355,20071110,     1, -1,  41,   151,  1,  24
733355,20071110,    83, -1,  28,   153,  1,  21
733355,20071110,   154,  1,  52,    18, -1,  21
733355,20071110,    94, -1,  43,   155,  1,  28
733355,20071110,   157,  1,  29,   232, -1,  23
733355,20071110,   124, -1,  50,   161,  1,  36
733355,20071110,   162,  1,  30,    90, -1,  27
733355,20071110,   241, -1,  27,   164,  1,   6
733355,20071110,   116, -1,  48,   165,  1,  31
733355,20071110,   169,  1,  41,   174, -1,  31
733355,20071110,   179,  1,  51,   141, -1,  17
733355,20071110,   175, -1,  20,   181,  1,  16
733355,20071110,   167, -1,  43,   184,  1,  42
733355,20071110,    61, -1,  51,   185,  1,  31
733355,20071110,   171,  1,  28,   126, -1,  21
733355,20071110,   172,  1,  52,   189, -1,  27
733355,20071110,   173,  1,  34,    84, -1,  24
733355,20071110,   112, -1,  29,   187,  1,  26
733355,20071110,   192,  1,  34,    32, -1,   7
733355,20071110,   186, -1,  41,   193,  1,  10
733355,20071110,   159, -1,  31,   195,  1,   0
733355,20071110,   196,  1,  34,    12, -1,  13
733355,20071110,   203,  1,  76,   129, -1,  34
733355,20071110,   199,  1,  59,   202, -1,  43
733355,20071110,    36,  1,  42,    59, -1,  31
733355,20071110,   222, -1,  14,   205,  1,  12
733355,20071110,   207,  1,  34,   219, -1,  19
733355,20071110,   208,  1,  56,    79, -1,   7
733355,20071110,    10, -1,  24,   213,  1,  20
733355,20071110,   178, -1,  38,   215,  1,  30
733355,20071110,   217,  1,  50,   240, -1,   0
733355,20071110,    20, -1,  52,   218,  1,   0
733355,20071110,    97, -1,  27,   221,  1,  20
733355,20071110,   224,  1,  40,    64, -1,  21
733355,20071110,   190, -1,  23,   230,  1,  20
733355,20071110,   233,  1,  33,   191, -1,  17
733355,20071110,   206, -1,  21,   238,  1,  17
733355,20071110,    93, -1,  55,   236,  1,  34
733355,20071110,   229,  1,  35,   135, -1,  10
733355,20071110,   237,  1,  37,   115, -1,  21
733355,20071110,   242,  1,  31,   227, -1,  24
733358,20071113,    17,  1,  41,   204, -1,  20
733359,20071114,   114,  1,   7,     2, -1,   0
733360,20071115,     9,  1,  34,   156, -1,  24
733360,20071115,    13,  1,  31,   145, -1,  27
733360,20071115,   175, -1,  29,   201,  1,  28
733361,20071116,    56, -1,  48,    28,  1,  45
733361,20071116,    76, -1,  28,   138,  1,  26
733362,20071117,     1,  1,  55,   178, -1,  23
733362,20071117,   214, -1,  21,     3,  1,  14
733362,20071117,     8,  1,  37,    34, -1,  17
733362,20071117,    12,  0,  45,   119,  0,  31
733362,20071117,   208, -1,  49,    14,  1,  39
733362,20071117,   155, -1,  45,    18,  1,  14
733362,20071117,    19,  0,  34,    62,  0,   7
733362,20071117,    20,  1,  58,    81, -1,  14
733362,20071117,    22, -1,  31,    25,  1,  17
733362,20071117,    29,  1,  55,    87, -1,   7
733362,20071117,     6, -1,  49,    32,  1,  14
733362,20071117,    38, -1,  41,    33,  1,   2
733362,20071117,   235, -1,  28,    35,  1,  23
733362,20071117,    21, -1,  20,    37,  1,  17
733362,20071117,    41,  1,  42,    68, -1,  34
733362,20071117,    23, -1,  30,    42,  1,  22
733362,20071117,    43,  1,  30,   193, -1,   7
733362,20071117,   164, -1,  17,    46,  1,  14
733362,20071117,    50,  1,  29,    80, -1,  13
733362,20071117,    54,  1,  33,   176, -1,  17
733362,20071117,    55,  1,  38,   198, -1,  24
733362,20071117,    57,  1,  38,   234, -1,  16
733362,20071117,    59,  1,  38,   192, -1,  23
733362,20071117,    61,  1,  59,    60, -1,  20
733362,20071117,   102, -1,  38,    63,  1,  28
733362,20071117,    64,  1,  24,   109, -1,  16
733362,20071117,    24, -1,  38,    65,  1,  24
733362,20071117,   101, -1,  31,    69,  1,   0
733362,20071117,    71,  1,  24,    97, -1,  13
733362,20071117,    72,  1,  27,   144, -1,  25
733362,20071117,   173, -1,  45,    74,  1,  27
733362,20071117,   110, -1,  27,    77,  1,   5
733362,20071117,    78,  1,  27,    39, -1,  20
733362,20071117,    79,  1,  35,   108, -1,  28
733362,20071117,    83,  1,  41,   149, -1,  22
733362,20071117,    85,  1,  27,   165, -1,  24
733362,20071117,   228, -1,  28,    88,  1,  19
733362,20071117,    90,  1,  31,     7, -1,  19
733362,20071117,   230, -1,  41,    91,  1,  27
733362,20071117,    93,  1,  23,   205, -1,  13
733362,20071117,    94,  1,  45,    89, -1,   7
733362,20071117,   120, -1,  49,    95,  1,  32
733362,20071117,   190, -1,  51,    98,  1,  10
733362,20071117,    99, -1,  21,   100,  1,  17
733362,20071117,   103,  1,  27,   179, -1,  23
733362,20071117,   111,  1,  41,    31, -1,  14
733362,20071117,   112,  1,  25,   210, -1,   9
733362,20071117,   153, -1,  14,   115,  1,   3
733362,20071117,   116,  1,  35,   159, -1,  31
733362,20071117,   237, -1,  41,   117,  1,  34
733362,20071117,   105, -1,  41,   118,  1,  24
733362,20071117,   122,  1,  31,    53, -1,  20
733362,20071117,   123, -1,  41,   124,  1,  20
733362,20071117,    16, -1,  23,   129,  1,  17
733362,20071117,   133,  1,  35,   132, -1,  24
733362,20071117,   139,  1,  39,   106, -1,  14
733362,20071117,   218, -1,  35,   141,  1,  17
733362,20071117,   143,  1,  23,   229, -1,  20
733362,20071117,   161, -1,  31,   130,  1,  21
733362,20071117,   148,  1,  48,   189, -1,  10
733362,20071117,   150,  1,  31,   183, -1,  12
733362,20071117,   151,  1,  28,    52, -1,   7
733362,20071117,   158,  1,  45,    44, -1,   9
733362,20071117,   162,  1,  30,     4, -1,  20
733362,20071117,   166,  1,  35,   146, -1,  30
733362,20071117,   207, -1,  45,   167,  1,  31
733362,20071117,   168,  1,  31,   236, -1,  20
733362,20071117,   170,  1,  20,   160, -1,  16
733362,20071117,    45,  1,  41,    82, -1,  30
733362,20071117,   127, -1,  28,   180,  1,   3
733362,20071117,   181,  1,  17,   142, -1,  13
733362,20071117,   182,  1,  32,    92, -1,  25
733362,20071117,   212, -1,  49,   184,  1,  20
733362,20071117,   171,  0,  51,   134,  0,   7
733362,20071117,   172,  1,  29,   131, -1,  24
733362,20071117,   186,  1,  55,   104, -1,  17
733362,20071117,   194,  1,  34,   215, -1,  10
733362,20071117,   195,  1,  24,    96, -1,  14
733362,20071117,   196,  1,  25,   221, -1,  24
733362,20071117,   203, -1,  43,   197,  1,  38
733362,20071117,    11, -1,  20,   209,  1,  10
733362,20071117,   202,  1,  34,   154, -1,  27
733362,20071117,   211,  1,  49,   177, -1,  46
733362,20071117,   217,  1,  28,   140, -1,  10
733362,20071117,   187, -1,  56,   219,  1,  30
733362,20071117,   222,  1,  16,    49, -1,  10
733362,20071117,   224,  1,  44,   113, -1,  14
733362,20071117,    36, -1,  70,   225,  1,  28
733362,20071117,   231,  1,  38,   136, -1,  18
733362,20071117,   232,  1,  37,    30, -1,  23
733362,20071117,   157, -1,  52,   233,  1,  17
733362,20071117,    67, -1,  52,   226,  1,  21
733362,20071117,   238,  1,  52,   125, -1,  12
733362,20071117,    27, -1,  35,   240,  1,  10
733362,20071117,    75, -1,  37,   241,  1,   6
733365,20071120,   206,  1,  45,   128, -1,   7
733367,20071122,   216, -1,  44,    10,  1,  24
733368,20071123,    28, -1,  35,     2,  1,  32
733368,20071123,    22,  1,  37,   204, -1,  10
733368,20071123,    40,  1,  65,   137, -1,  51
733368,20071123,    41,  1,  36,   240, -1,  28
733368,20071123,    76,  1,  39,    20, -1,  27
733368,20071123,    12, -1,  50,   105,  1,  48
733368,20071123,   119,  1,  17,   118, -1,  14
733368,20071123,   200,  1,  38,   199, -1,  30
733368,20071123,    49,  1,  44,    50, -1,   7
733369,20071124,    15,  1,  17,     3, -1,  10
733369,20071124,    21,  1,  28,   113, -1,  14
733369,20071124,    27,  1,  17,   217, -1,  10
733369,20071124,   212,  1,  36,   219, -1,  20
733369,20071124,    58,  1,  35,   207, -1,  12
733369,20071124,    61,  1,  45,    64, -1,  12
733369,20071124,    60, -1,  55,    63,  1,  23
733369,20071124,    66,  1,  45,    95, -1,  29
733369,20071124,    71, -1,  31,    72,  1,  17
733369,20071124,    79,  1,  59,   209, -1,   6
733369,20071124,   218, -1,  24,    81,  1,  19
733369,20071124,    25, -1,  30,    96,  1,  23
733369,20071124,   196, -1,  52,    97,  1,  50
733369,20071124,   214, -1,  17,   102,  1,  11
733369,20071124,   108,  1,  46,   210, -1,  39
733369,20071124,   112,  1,  55,   184, -1,  52
733369,20071124,   120,  0,  36,    94,  0,  28
733369,20071124,   140,  1,  27,   215, -1,   6
733369,20071124,   144,  1,  20,    52, -1,  14
733369,20071124,   109, -1,  37,   136,  1,   0
733369,20071124,   145,  1,  27,   238, -1,  26
733369,20071124,    17, -1,  27,   132,  1,  21
733369,20071124,   152,  1,  38,   114, -1,  29
733369,20071124,   154,  1,  49,   155, -1,  17
733369,20071124,   186, -1,  48,   160,  1,  37
733369,20071124,   208, -1,  48,   167,  1,  43
733369,20071124,   194, -1,  45,   178,  1,  33
733369,20071124,   179,  1,  27,   138, -1,  24
733369,20071124,    37, -1,  23,   185,  1,  21
733369,20071124,   187,  1,  16,    13, -1,  10
733369,20071124,   188,  0,  22,    73,  0,  13
733369,20071124,   151, -1,  21,   191,  1,  14
733369,20071124,    35, -1,  52,   193,  1,  31
733369,20071124,   213,  1,  16,   156, -1,   0
733369,20071124,   231, -1,  31,   221,  1,  17
733369,20071124,   224, -1,  33,   223,  1,  21
733369,20071124,   233, -1,  42,   232,  1,  35
733369,20071124,   235,  1,  66,    43, -1,  21
733369,20071124,   228,  1,  16,   195, -1,   3
733369,20071124,     8,  1,  28,    93, -1,  27
733369,20071124,   110,  1,  49,    65, -1,  35
733369,20071124,    57, -1,  44,   111,  1,  15
733369,20071124,   239, -1,  23,   123,  1,  22
733369,20071124,   148,  1,  38,   139, -1,  35
733369,20071124,   168,  1,  31,    55, -1,  14
733369,20071124,   173,  1,  30,    54, -1,  11
733374,20071129,   104,  1,  41,   170, -1,  38
733375,20071130,    66, -1,  30,   141,  1,  23
733376,20071201,    10,  1,  20,     9, -1,  17
733376,20071201,    63,  1,  38,   145, -1,  19
733376,20071201,    76,  1,  35,   232, -1,  28
733376,20071201,   133,  0,  38,    14,  0,   3
733376,20071201,   138,  1,  49,   103, -1,  10
733376,20071201,   157, -1,  38,   156,  1,  31
733376,20071201,   216,  1,  24,   213, -1,   7
733376,20071201,   191,  1,  20,    30, -1,  13
733376,20071201,    60, -1,  38,   206,  1,  32
733376,20071201,   160, -1,  13,   235,  1,   9
733376,20071201,    27, -1,  48,   178,  1,  27
733376,20071201,    28,  0,  35,   114,  0,  10
733376,20071201,    49, -1,  39,   148,  1,  27
733376,20071201,   173,  1,  34,   110, -1,  27
733376,20071201,     8,  1,  38,    57, -1,  35
733376,20071201,   168, -1,  21,   239,  1,  10
733376,20071201,   212,  1,  44,   208, -1,  25
733376,20071201,    48,  1,  42,     6, -1,  21
733376,20071201,   224,  0,  30,    21,  0,  16
733376,20071201,   154,  0,  38,   120,  0,  17
733376,20071201,   105,  0,  21,   196,  0,  14
733382,20071207,     8,  1,  55,   168, -1,  35
733383,20071208,    49, -1,  20,   173,  1,  17
733389,20071214,     8,  0,  49,    49,  0,  21
733390,20071215,    90,  0,  42,    73,  0,  31
733395,20071220,   217,  0,  35,   133,  0,  32
733396,20071221,    60,  0,  44,   112,  0,  27
733397,20071222,   140,  1,  23,   138, -1,   0
733397,20071222,    35,  0,  31,   187,  0,  21
733397,20071222,    27,  0,  17,   213,  0,  16
733398,20071223,    58,  0,  41,    20,  0,  38
733401,20071226,   165,  0,  51,    28,  0,  48
733402,20071227,   199,  0,  52,    10,  0,  34
733403,20071228,   194, -1,  20,    79,  1,  13
733403,20071228,    21,  0,  24,   116,  0,  21
733403,20071228,   157,  0,  21,   109,  0,  14
733404,20071229,   119,  0,  10,   212,  0,   3
733404,20071229,   159,  0,  24,   200,  0,  17
733404,20071229,   231,  0,  24,    43,  0,  10
733405,20071230,     3,  0,  30,    40,  0,  24
733406,20071231,    30,  0,  42,     1,  0,  36
733406,20071231,    15,  0,  23,    37,  0,  20
733406,20071231,    66,  0,  40,    72,  0,  28
733406,20071231,    97,  0,  35,    64,  0,  28
733406,20071231,   155,  0,  49,    85,  0,  33
733406,20071231,   156,  0,  56,   186,  0,  21
733407,20080101,   120,  0,  38,    12,  0,   7
733407,20080101,   115,  0,  41,    61,  0,  35
733407,20080101,    71,  0,  41,    76,  0,  10
733407,20080101,   216,  0,  49,    83,  0,  17
733407,20080101,   196,  0,  21,   237,  0,  17
733407,20080101,   202,  0,  31,   223,  0,  28
733408,20080102,   235,  0,  48,   154,  0,  28
733409,20080103,    94,  0,  24,   224,  0,  21
733411,20080105,   170,  0,  52,    17,  0,  30
733412,20080106,   208,  0,  63,    22,  0,   7
733413,20080107,   105,  0,  38,   153,  0,  24
