734746,20110901,   105,  1,  21,   130, -1,   9
734746,20110901,    29,  1,  21,   173, -1,   6
734746,20110901,   208,  1,  58,   140, -1,  22
734746,20110901,   222,  1,  27,   125, -1,  10
734746,20110901,    22, -1,  32,    83,  1,  15
734746,20110901,    98,  0,  14,   242,  0,   3
734746,20110901,   199,  1,  42,   227, -1,   7
734746,20110901,    75,  1,  63,   231, -1,  21
734746,20110901,    65,  1,  41,   147, -1,  16
734746,20110901,   172,  1,  48,   136, -1,   0
734746,20110901,   120, -1,  59,   113,  1,  14
734746,20110901,   241,  1,  51,   219, -1,  17
734746,20110901,   197,  1,  36,   235, -1,  29
734746,20110901,    10,  1,  48,   215, -1,  14
734746,20110901,   177,  1,  20,   232, -1,   6
734746,20110901,   111, -1,  24,    80,  1,  16
734746,20110901,    56,  1,  33,    86, -1,  26
734746,20110901,   146,  1,  16,    53, -1,   0
734746,20110901,    93,  1,  24,   207, -1,  23
734747,20110902,   117,  1,  28,   246, -1,   6
734747,20110902,    18,  1,  50,   198, -1,  48
734748,20110903,    45,  1,  35,    67, -1,   3
734748,20110903,   180,  1,  49,    30, -1,  21
734748,20110903,   162,  1,  35,    26, -1,  16
734748,20110903,   167,  1,  27,   129, -1,  24
734748,20110903,   156,  1,  61,   103, -1,  34
734748,20110903,   106,  0,  40,   158,  0,  27
734748,20110903,    47, -1,  29,   159,  1,  28
734748,20110903,   161,  1,  41,    88, -1,   7
734748,20110903,   153, -1,  44,   142,  1,  24
734748,20110903,   145,  1,  42,    94, -1,  10
734748,20110903,   137,  1,  43,   102, -1,  21
734748,20110903,   133,  1,  49,    14, -1,  26
734748,20110903,   154,  1,  42,     2, -1,   0
734748,20110903,   155,  1,  47,   212, -1,  14
734748,20110903,   116,  1,  34,   233, -1,  10
734748,20110903,    28, -1,  14,   119,  1,  13
734748,20110903,   121,  1,  17,   115, -1,   6
734748,20110903,   134,  1,  40,    51, -1,  17
734748,20110903,   138,  1,  40,    36, -1,   7
734748,20110903,    43, -1,  14,   141,  1,  10
734748,20110903,   226,  1,  45,    61, -1,  14
734748,20110903,   211,  1,  47,   183, -1,  33
734748,20110903,     1,  1,  37,   189, -1,  20
734748,20110903,   206,  1,  50,   205, -1,  10
734748,20110903,    37,  1,  72,    16, -1,  10
734748,20110903,    39,  1,  43,   210, -1,  19
734748,20110903,    31,  1,  36,    68, -1,  21
734748,20110903,    63,  1,  41,    62, -1,   3
734748,20110903,   150, -1,  24,    21,  1,  17
734748,20110903,   188,  0,  56,    60,  0,  37
734748,20110903,   220,  1,  19,   118, -1,  17
734748,20110903,     3,  1,  48,    97, -1,   7
734748,20110903,     9,  1,  41,   148, -1,  10
734748,20110903,    12,  1,  51,   122, -1,   7
734748,20110903,    15,  1,  42,   223, -1,  38
734748,20110903,    17,  0,  27,    87,  0,  20
734748,20110903,    66,  1,  34,   218, -1,   0
734748,20110903,   216,  1,  62,    35, -1,   0
734748,20110903,   244,  1,  35,   238, -1,  32
734748,20110903,   170, -1,  23,    54,  1,  21
734748,20110903,    79,  1,  34,    42, -1,  17
734748,20110903,   200,  1,  42,   124, -1,  16
734748,20110903,   203,  1,  34,   169, -1,   9
734748,20110903,   191,  1,  19,   104, -1,  17
734748,20110903,   195,  1,  57,   181, -1,   3
734748,20110903,    96,  1,  10,    57, -1,   7
734748,20110903,    90,  1,  20,   149, -1,  19
734748,20110903,    95,  1,  42,   112, -1,  24
734748,20110903,    81,  1,  38,   217, -1,  34
734748,20110903,    85,  1,  33,    13, -1,  15
734748,20110903,    89,  1,  34,   202, -1,   7
734748,20110903,   228,  1,  40,   240, -1,   3
734748,20110903,   229,  1,  66,     8, -1,  13
734748,20110903,   236,  1,  30,    59, -1,  27
734748,20110903,   237,  1,  64,    84, -1,  21
734748,20110903,   224,  1,  31,   196, -1,  24
734748,20110903,   190, -1,  23,   152,  1,  20
734748,20110903,    20,  0,  35,    73,  0,  21
734748,20110903,   107,  1,  28,    24, -1,  13
734748,20110903,   108, -1,  20,   176,  1,   7
734748,20110903,    40,  1,  30,    69, -1,  23
734748,20110903,   101, -1,  49,   123,  1,  24
734748,20110903,   132,  1,  42,    99, -1,   6
734748,20110903,   243, -1,  35,   165,  1,  28
734748,20110903,    70, -1,  31,   178,  1,  17
734748,20110903,   157,  1,  41,    32, -1,  14
734748,20110903,    50, -1,  19,   171,  1,  13
734748,20110903,   234,  1,  38,   194, -1,  28
734748,20110903,    52, -1,  24,   230,  1,  21
734748,20110903,    77,  0,  21,     4,  0,  20
734748,20110903,     5, -1,  41,   128,  1,   9
734748,20110903,    25,  1,  27,    55, -1,  26
734748,20110903,    38,  1,  31,    92, -1,   9
734748,20110903,    41,  1,  37,     6, -1,  34
734748,20110903,    72,  1,  40,    49, -1,  16
734748,20110903,   209,  1,  42,   127, -1,   3
734748,20110903,    76,  0,  21,     7,  0,  14
734748,20110903,   175, -1,  38,   184,  1,  10
734748,20110903,   174,  1,  29,   193, -1,  28
734748,20110903,   201,  1,  33,   192, -1,   7
734749,20110904,    58,  1,  41,    82, -1,   9
734749,20110904,   204,  1,  46,   186, -1,  14
734749,20110904,   239,  1,  34,   109, -1,  13
734749,20110904,    19,  0,  63,   164,  0,  14
734750,20110905,   110,  1,  32,   114, -1,  24
734753,20110908,   156,  1,  37,     9, -1,  14
734753,20110908,    77,  1,  23,    64, -1,  17
734754,20110909,    65, -1,  24,   105,  1,  17
734754,20110909,    10,  1,  37,   121, -1,  30
734755,20110910,    12,  0,  52,   141,  0,   3
734755,20110910,   180, -1,  23,    14,  1,  20
734755,20110910,    13,  1,  47,   113, -1,   3
734755,20110910,   199, -1,  41,     2,  1,   3
734755,20110910,   220,  1,  23,   222, -1,  14
734755,20110910,   186,  1,  28,   224, -1,  17
734755,20110910,   229, -1,  17,    60,  1,  10
734755,20110910,   195, -1,  44,    54,  1,  14
734755,20110910,   244,  1,  45,   205, -1,  10
734755,20110910,    26,  1,  35,   196, -1,   7
734755,20110910,   241,  1,  35,   159, -1,   0
734755,20110910,   216,  1,  30,    21, -1,   3
734755,20110910,    66,  1,  62,    35, -1,  10
734755,20110910,    15,  1,  41,   120, -1,  34
734755,20110910,    22,  1,  58,   127, -1,  13
734755,20110910,    63,  1,  39,   214, -1,   0
734755,20110910,    58,  1,  14,     5, -1,   7
734755,20110910,    39,  1,  35,   243, -1,  27
734755,20110910,    31, -1,  36,    42,  1,  33
734755,20110910,   198, -1,  35,     1,  1,  19
734755,20110910,    43,  1,  33,   131, -1,  14
734755,20110910,   212, -1,  31,   211,  1,   3
734755,20110910,   217,  1,  27,   181, -1,  17
734755,20110910,   226,  1,  24,    45, -1,  21
734755,20110910,   223,  1,  54,   238, -1,  17
734755,20110910,   106,  1,  49,   151, -1,   3
734755,20110910,   104,  1,  48,    33, -1,  42
734755,20110910,   190,  1,  37,    17, -1,   7
734755,20110910,   109,  1,  26,   191, -1,  20
734755,20110910,   138,  1,  42,    68, -1,  29
734755,20110910,   119,  1,  42,   175, -1,  24
734755,20110910,   142, -1,  28,   118,  1,  21
734755,20110910,   117,  1,  44,    62, -1,   0
734755,20110910,    75, -1,  49,   129,  1,  21
734755,20110910,   158,  1,  69,   139, -1,  20
734755,20110910,     3, -1,  27,   161,  1,  11
734755,20110910,   169,  1,  24,   167, -1,  22
734755,20110910,   162,  1,  35,   107, -1,  29
734755,20110910,   150,  1,  42,    56, -1,  21
734755,20110910,   154,  1,  27,   208, -1,  22
734755,20110910,   153,  1,  30,    71, -1,   3
734755,20110910,   218,  1,  35,    76, -1,   7
734755,20110910,    81, -1,  48,   147,  1,  23
734755,20110910,   145,  1,  24,   172, -1,  22
734755,20110910,   188, -1,  45,    73,  1,  42
734755,20110910,   203,  1,  17,    28, -1,  16
734755,20110910,   197,  1,  21,   168, -1,  14
734755,20110910,   200,  1,  45,    37, -1,  23
734755,20110910,   134, -1,  40,   242,  1,  14
734755,20110910,   233,  1,  38,   143, -1,   7
734755,20110910,   239,  1,  55,   144, -1,  12
734755,20110910,   237,  1,  59,   219, -1,   7
734755,20110910,   235,  1,  34,   137, -1,  27
734755,20110910,   236,  1,  40,    79, -1,  32
734755,20110910,   228, -1,  34,    87,  1,  31
734755,20110910,    85,  1,  56,   174, -1,   3
734755,20110910,    83,  1,  44,   146, -1,  14
734755,20110910,    95,  1,  45,   133, -1,  42
734755,20110910,    90,  1,  44,    89, -1,  41
734755,20110910,   103, -1,  20,    97,  1,  12
734755,20110910,    98,  1,  27,    29, -1,  13
734755,20110910,   116,  1,  35,   152, -1,  31
734755,20110910,    94,  1,  14,    34, -1,   9
734755,20110910,   164, -1,  37,   213,  1,  34
734755,20110910,    80,  1,  37,    41, -1,   7
734755,20110910,   173, -1,  26,    19,  1,  18
734755,20110910,    57,  1,  28,   122, -1,  24
734755,20110910,   246,  1,  77,   225, -1,  13
734755,20110910,     8,  1,  58,   135, -1,   6
734755,20110910,   102,  1,  38,   171, -1,   7
734755,20110910,    55, -1,  22,    50,  1,  13
734755,20110910,   140, -1,  48,   101,  1,  41
734755,20110910,   132,  1,  56,   194, -1,   3
734755,20110910,   125,  1,  38,   215, -1,  14
734755,20110910,   157, -1,  40,    74,  1,  17
734755,20110910,   170,  1,  21,   234, -1,   6
734755,20110910,   240, -1,  24,   230,  1,   7
734755,20110910,   232,  1,  35,    92, -1,  21
734755,20110910,    88,  1,  48,    27, -1,  34
734755,20110910,   124,  1,  37,    30, -1,  23
734755,20110910,   187,  1,  30,   100, -1,   8
734755,20110910,   189,  1,  30,    59, -1,  17
734755,20110910,   183,  1,  63,   182, -1,   6
734755,20110910,    72,  1,  14,    99, -1,  13
734755,20110910,    69, -1,  16,    38,  1,   6
734755,20110910,    25,  1,  28,   108, -1,  14
734755,20110910,    36,  1,  38,    93, -1,  17
734755,20110910,   192,  1,  21,     4, -1,   6
734755,20110910,    91,  0,  35,   201,  0,  29
734755,20110910,   149, -1,  34,   185,  1,  23
734755,20110910,   209,  1,  31,   227, -1,  10
734755,20110910,    11,  1,  27,     7, -1,  20
734755,20110910,    86,  1,  52,   126, -1,  21
734755,20110910,   193,  1,  35,    47, -1,  14
734755,20110910,   130, -1,  39,   128,  1,   0
734760,20110915,   106, -1,  19,   120,  1,   6
734761,20110916,    90, -1,  24,    45,  1,  20
734761,20110916,    20, -1,  40,   208,  1,  15
734761,20110916,    24, -1,  26,   176,  1,   6
734762,20110917,    42,  0,  28,    43,  0,  14
734762,20110917,   226,  1,  30,   119, -1,   7
734762,20110917,   203, -1,  49,   217,  1,  20
734762,20110917,   156, -1,  59,   212,  1,  33
734762,20110917,    37,  1,  59,     2, -1,  14
734762,20110917,    39,  1,  38,    15, -1,  24
734762,20110917,   222, -1,  54,    28,  1,  10
734762,20110917,    63,  1,  33,   200, -1,  23
734762,20110917,    31,  1,  63,   165, -1,  12
734762,20110917,    68,  1,  27,   146, -1,  22
734762,20110917,    18,  1,  48,   185, -1,   0
734762,20110917,   244, -1,  28,    22,  1,  27
734762,20110917,    54, -1,  20,    21,  1,  19
734762,20110917,    17,  1,  28,    26, -1,  25
734762,20110917,   155, -1,  23,    66,  1,  13
734762,20110917,   211, -1,  49,   214,  1,  10
734762,20110917,   241,  0,  49,   133,  0,   7
734762,20110917,   220,  1,  38,   197, -1,  17
734762,20110917,   188,  1,  24,   134, -1,  21
734762,20110917,   139, -1,  17,   181,  1,  14
734762,20110917,   186,  1,  40,   151, -1,   7
734762,20110917,     3,  1,  41,   147, -1,   0
734762,20110917,    12,  1,  38,   210, -1,  28
734762,20110917,    14,  1,  21,   150, -1,  14
734762,20110917,   195, -1,  37,     9,  1,  10
734762,20110917,   121,  1,  69,   232, -1,   0
734762,20110917,   138,  1,  51,   236, -1,  38
734762,20110917,   206, -1,  59,   141,  1,  13
734762,20110917,   219,  1,  40,    79, -1,  20
734762,20110917,   116,  1,  31,    58, -1,   3
734762,20110917,   118,  1,  29,   115, -1,  23
734762,20110917,   239, -1,  37,   110,  1,  31
734762,20110917,   113,  1,  27,    16, -1,   6
734762,20110917,   114,  1,  24,   154, -1,   6
734762,20110917,    65,  1,  17,   216, -1,  10
734762,20110917,   190,  1,  70,    64, -1,  17
734762,20110917,    81, -1,  35,   104,  1,  34
734762,20110917,   137,  1,  35,   187, -1,  13
734762,20110917,   145,  1,  28,   228, -1,  17
734762,20110917,   224, -1,  16,   142,  1,  10
734762,20110917,   153,  1,  44,   109, -1,   7
734762,20110917,   152,  1,  31,   117, -1,  13
734762,20110917,   167,  1,  59,   184, -1,   0
734762,20110917,   180,  1,  42,   237, -1,  24
734762,20110917,   158,  1,  56,   122, -1,   7
734762,20110917,   105, -1,  24,    98,  1,  17
734762,20110917,    87,  1,  38,   173, -1,  21
734762,20110917,    96,  1,  37,    97, -1,   0
734762,20110917,    85,  1,  17,    10, -1,  14
734762,20110917,    89,  1,  31,   162, -1,  27
734762,20110917,    88, -1,  44,   242,  1,  16
734762,20110917,   235,  1,  48,    71, -1,   5
734762,20110917,   229,  1,  26,    13, -1,   7
734762,20110917,   233,  1,  44,    29, -1,  14
734762,20110917,   198,  1,  38,   218, -1,  17
734762,20110917,   161, -1,  14,   199,  1,  10
734762,20110917,   191,  1,  52,   183, -1,   6
734762,20110917,   103,  1,  38,   143, -1,  21
734762,20110917,   204,  1,  37,    83, -1,   7
734762,20110917,    75,  1,  66,    95, -1,  24
734762,20110917,    73,  1,  59,    40, -1,   0
734762,20110917,    50,  1,  24,   108, -1,  10
734762,20110917,   194,  1,  50,   126, -1,  49
734762,20110917,    94, -1,  27,   102,  1,  24
734762,20110917,   123, -1,  20,   227,  1,   9
734762,20110917,    92,  1,  37,    35, -1,  30
734762,20110917,     8,  1,  41,   182, -1,   6
734762,20110917,    55,  1,  49,   225, -1,  14
734762,20110917,    36, -1,  23,    57,  1,  14
734762,20110917,   246,  1,  34,    86, -1,  27
734762,20110917,    46,  1,  24,    25, -1,  13
734762,20110917,    48,  1,  37,    41, -1,  20
734762,20110917,    23, -1,  21,   196,  1,  20
734762,20110917,   111,  1,  36,   168, -1,  27
734762,20110917,   170,  1,  34,   230, -1,  19
734762,20110917,   177,  1,  31,    33, -1,  10
734762,20110917,    11, -1,  36,   164,  1,  29
734762,20110917,   101, -1,  34,   166,  1,  22
734762,20110917,    99, -1,  37,   160,  1,  12
734762,20110917,    51,  1,  45,    52, -1,   0
734762,20110917,    80,  1,  30,    78, -1,  22
734762,20110917,   245,  1,  37,    72, -1,  27
734762,20110917,    67,  1,  21,    44, -1,  14
734762,20110917,    34, -1,  28,   234,  1,  24
734762,20110917,   144, -1,  23,    82,  1,   9
734762,20110917,   124,  1,  17,    59, -1,  14
734762,20110917,   127,  1,  13,   171, -1,  12
734762,20110917,     7,  1,  39,   128, -1,  14
734762,20110917,    84,  1,  50,   131, -1,  20
734762,20110917,   157,  1,  45,    77, -1,  42
734762,20110917,   107, -1,  31,     6,  1,  15
734762,20110917,    61, -1,  23,   136,  1,  22
734762,20110917,   130,  1,  58,   201, -1,  27
734762,20110917,    93,  1,  37,    74, -1,  21
734762,20110917,    91, -1,  28,   192,  1,  24
734762,20110917,    30,  1,  48,   174, -1,  14
734762,20110917,   202, -1,  31,    56,  1,  20
734762,20110917,     5,  1,  31,    76, -1,  17
734762,20110917,   193,  1,  45,   221, -1,  22
734762,20110917,   238,  1,  49,    47, -1,  17
734762,20110917,   163,  1,  31,   148, -1,  29
734762,20110917,   215,  1,  31,   179, -1,   3
734767,20110922,    37,  1,  44,   137, -1,  14
734767,20110922,   207,  1,  48,   130, -1,  26
734767,20110922,    19,  1,  35,    77, -1,  31
734768,20110923,    28,  1,  24,   216, -1,  17
734768,20110923,    78,  1,  24,    23, -1,   7
734769,20110924,    39,  1,  35,    66, -1,  30
734769,20110924,    18,  1,  56,   169, -1,  31
734769,20110924,    21,  1,  45,   111, -1,  17
734769,20110924,    43, -1,  35,   223,  1,  34
734769,20110924,   206,  1,  35,   139, -1,  34
734769,20110924,     1,  1,  63,   201, -1,  24
734769,20110924,    10,  1,  43,   220, -1,  22
734769,20110924,    13,  1,  53,    33, -1,  24
734769,20110924,     3,  1,  38,    12, -1,  14
734769,20110924,     2,  1,  36,   230, -1,  13
734769,20110924,   181,  1,  34,   142, -1,  24
734769,20110924,   188,  1,  21,   226, -1,   3
734769,20110924,   138, -1,  38,   244,  1,  14
734769,20110924,   241,  1,  59,   189, -1,  10
734769,20110924,    54,  1,  48,   211, -1,  27
734769,20110924,    60,  1,  28,   214, -1,  23
734769,20110924,    45, -1,  17,    26,  1,   3
734769,20110924,    17,  1,  48,    14, -1,  21
734769,20110924,    20,  1,  41,   212, -1,  21
734769,20110924,    15,  1,  30,    62, -1,  14
734769,20110924,   154,  1,  37,    42, -1,  17
734769,20110924,   155,  1,  38,   121, -1,  28
734769,20110924,   161,  1,  34,    58, -1,   6
734769,20110924,   217, -1,  27,   159,  1,  19
734769,20110924,   172,  1,  38,   153, -1,  26
734769,20110924,   152, -1,  15,   162,  1,  12
734769,20110924,   133,  1,  47,    30, -1,  30
734769,20110924,   177, -1,  48,   141,  1,  45
734769,20110924,   147,  1,  24,    87, -1,  21
734769,20110924,   229, -1,  30,   109,  1,  10
734769,20110924,   190,  1,  52,   224, -1,  24
734769,20110924,   103, -1,  36,    65,  1,  31
734769,20110924,    96, -1,  28,   114,  1,  24
734769,20110924,   186, -1,  42,   113,  1,   0
734769,20110924,    22, -1,  37,   115,  1,  23
734769,20110924,   199, -1,  38,   110,  1,   7
734769,20110924,   132, -1,  37,   118,  1,  24
734769,20110924,    73, -1,  27,   119,  1,  13
734769,20110924,   116,  1,  28,   180, -1,   7
734769,20110924,   117,  1,  45,    29, -1,   7
734769,20110924,   193, -1,  41,   219,  1,  16
734769,20110924,   120,  1,  26,   104, -1,  20
734769,20110924,    75,  1,  35,   145, -1,  28
734769,20110924,   156, -1,  30,   204,  1,  29
734769,20110924,   197,  1,  33,   208, -1,  30
734769,20110924,    79,  1,  56,   215, -1,  14
734769,20110924,   198,  1,  55,   163, -1,  13
734769,20110924,   106, -1,  47,   239,  1,  21
734769,20110924,    81,  1,  56,    74, -1,   0
734769,20110924,   210,  1,  38,   129, -1,  35
734769,20110924,   191, -1,  30,   228,  1,  24
734769,20110924,   236,  1,  31,    31, -1,  23
734769,20110924,    89,  1,  45,   218, -1,  17
734769,20110924,    68, -1,  48,    83,  1,  24
734769,20110924,    85,  1,  23,   233, -1,  20
734769,20110924,    63, -1,  48,    98,  1,  10
734769,20110924,    97,  1,  33,   187, -1,  25
734769,20110924,   158, -1,  56,     9,  1,  31
734769,20110924,   227, -1,  30,   160,  1,  21
734769,20110924,    55, -1,  41,   194,  1,  14
734769,20110924,    72, -1,  52,   108,  1,  28
734769,20110924,     8,  1,  14,    36, -1,  12
734769,20110924,    16,  1,  23,    57, -1,  17
734769,20110924,   144, -1,  33,    35,  1,   3
734769,20110924,   243,  1,  38,   178, -1,  23
734769,20110924,    94, -1,  20,   240,  1,  14
734769,20110924,   123, -1,  24,    34,  1,  12
734769,20110924,    61,  1,  18,    38, -1,  15
734769,20110924,   112,  1,  48,   183, -1,  27
734769,20110924,   176,  1,  24,    48, -1,  21
734769,20110924,   196,  1,  37,    99, -1,  20
734769,20110924,   101,  1,  27,   102, -1,  24
734769,20110924,   179, -1,  48,   126,  1,  44
734769,20110924,   151, -1,  34,   143,  1,   0
734769,20110924,   149,  1,  38,   232, -1,  10
734769,20110924,   168,  1,  21,    67, -1,  17
734769,20110924,   140, -1,  45,   170,  1,  43
734769,20110924,   164,  1,  43,   128, -1,  34
734769,20110924,    25, -1,  34,   166,  1,   9
734769,20110924,   173,  1,  69,    52, -1,   0
734769,20110924,    51,  1,  27,   157, -1,  17
734769,20110924,   202,  1,  38,   184, -1,  31
734769,20110924,     4, -1,  20,    76,  1,  14
734769,20110924,   245,  1,  37,    46, -1,  17
734769,20110924,     6, -1,  44,    44,  1,  21
734769,20110924,    24,  1,  30,   234, -1,  28
734769,20110924,    53, -1,  24,    27,  1,  14
734769,20110924,    69,  1,  62,   165, -1,  21
734769,20110924,   213,  1,  14,     7, -1,   7
734769,20110924,   127,  0,  14,    82,  0,   9
734769,20110924,    88,  1,  37,   246, -1,  35
734769,20110924,    64,  0,  38,   192,  0,  33
734769,20110924,   238, -1,  45,   131,  1,  21
734769,20110924,    40, -1,  31,   135,  1,  14
734769,20110924,     5, -1,  21,    91,  1,  14
734769,20110924,   148,  1,  20,    84, -1,   3
734769,20110924,   182, -1,  33,   136,  1,  30
734769,20110924,    70,  1,  52,   231, -1,  20
734769,20110924,   205, -1,  35,   185,  1,  26
734769,20110924,    86,  1,  20,   174, -1,  13
734769,20110924,   209,  1,  42,    41, -1,  17
734769,20110924,    93,  1,  28,    56, -1,  21
734769,20110924,   175,  1,  20,   122, -1,  18
734769,20110924,   125, -1,  36,    59,  1,  21
734769,20110924,    47,  1,  42,   124, -1,  28
734769,20110924,    92, -1,  57,    32,  1,  21
734774,20110929,   162,  1,  44,   190, -1,  17
734774,20110929,    81, -1,  49,   224,  1,  42
734774,20110929,    91,  1,  58,   213, -1,  13
734775,20110930,    28,  1,  27,   223, -1,  24
734776,20111001,    29,  1,  48,   133, -1,  41
734776,20111001,   237, -1,  31,    42,  1,  27
734776,20111001,   235, -1,  27,    21,  1,  19
734776,20111001,   119, -1,  38,    68,  1,  28
734776,20111001,     3, -1,  38,    63,  1,  10
734776,20111001,   181, -1,  38,    43,  1,  31
734776,20111001,   233, -1,  38,    45,  1,  31
734776,20111001,   236, -1,  31,   222,  1,  14
734776,20111001,   212,  1,  41,   147, -1,  24
734776,20111001,    10,  1,  35,   159, -1,  20
734776,20111001,    14,  1,  45,   211, -1,   6
734776,20111001,    15, -1,  16,   188,  1,  13
734776,20111001,   220,  1,  48,     9, -1,  41
734776,20111001,    20,  1,  30,   139, -1,  10
734776,20111001,    58,  1,  31,     2, -1,  23
734776,20111001,   145, -1,  35,    60,  1,  20
734776,20111001,   241,  1,  48,   138, -1,  17
734776,20111001,   152, -1,  38,   167,  1,  10
734776,20111001,   155,  1,  62,    17, -1,   6
734776,20111001,    75, -1,  45,   137,  1,  35
734776,20111001,   142, -1,  42,   141,  1,  28
734776,20111001,   117, -1,  10,   154,  1,   7
734776,20111001,   153,  1,  17,    97, -1,  10
734776,20111001,     1, -1,  35,   134,  1,  34
734776,20111001,   116,  1,  58,   118, -1,   0
734776,20111001,   129,  1,  38,   113, -1,  31
734776,20111001,   110,  1,  28,   209, -1,   3
734776,20111001,   114,  1,  45,    19, -1,  14
734776,20111001,    37, -1,  27,   115,  1,   0
734776,20111001,    54, -1,  31,    65,  1,  27
734776,20111001,   109, -1,  17,   105,  1,  13
734776,20111001,    79, -1,  44,   104,  1,  26
734776,20111001,   106,  1,  35,    98, -1,   7
734776,20111001,   191,  1,  48,   169, -1,  24
734776,20111001,    96,  1,  36,    18, -1,  35
734776,20111001,   206, -1,  45,    95,  1,  34
734776,20111001,   203, -1,  37,    90,  1,  14
734776,20111001,    85,  1,  38,   150, -1,  35
734776,20111001,   161, -1,  16,    87,  1,  10
734776,20111001,   228,  1,  21,    83, -1,  20
734776,20111001,    39, -1,  23,   229,  1,   3
734776,20111001,   210,  1,  24,   214, -1,  23
734776,20111001,   239,  1,  55,    22, -1,  10
734776,20111001,    13, -1,  26,   242,  1,  22
734776,20111001,   186, -1,  40,   198,  1,  33
734776,20111001,   200,  1,  41,    26, -1,  10
734776,20111001,   172, -1,  19,   197,  1,  16
734776,20111001,   208, -1,  36,   199,  1,  13
734776,20111001,   103,  1,  37,    62, -1,  34
734776,20111001,   195,  1,  45,   217, -1,  19
734776,20111001,    12,  0,  42,   204,  0,  38
734776,20111001,    73,  1,  24,   120, -1,  10
734776,20111001,   132,  1,  20,    86, -1,  10
734776,20111001,   171, -1,  23,   123,  1,  20
734776,20111001,   100, -1,  48,   183,  1,  38
734776,20111001,   101,  1,  37,   245, -1,   7
734776,20111001,   107,  1,  31,    51, -1,  17
734776,20111001,   177,  1,  22,   221, -1,   7
734776,20111001,   166,  1,  24,    44, -1,  21
734776,20111001,   112, -1,  20,   151,  1,  18
734776,20111001,    93, -1,  38,   130,  1,  30
734776,20111001,   125,  1,  31,    47, -1,  21
734776,20111001,   243,  1,  28,     8, -1,  14
734776,20111001,    70, -1,  41,    61,  1,  14
734776,20111001,   176, -1,  37,    34,  1,  24
734776,20111001,    55,  1,  31,    24, -1,  28
734776,20111001,    23,  1,  35,   168, -1,  21
734776,20111001,    64,  1,  34,    52, -1,   7
734776,20111001,   240, -1,  20,   227,  1,  16
734776,20111001,   178,  1,  41,    71, -1,  14
734776,20111001,   202, -1,  34,   207,  1,  31
734776,20111001,    27, -1,  29,    50,  1,  27
734776,20111001,    92, -1,  21,   108,  1,   9
734776,20111001,    94,  1,  31,   170, -1,   7
734776,20111001,   163, -1,  42,    84,  1,  35
734776,20111001,   205,  1,  38,   143, -1,  12
734776,20111001,    69, -1,  47,   231,  1,  21
734776,20111001,   160, -1,  22,    48,  1,  20
734776,20111001,   157,  1,  48,   111, -1,  33
734776,20111001,   140,  1,  39,    80, -1,  32
734776,20111001,   144,  1,  17,   173, -1,  14
734776,20111001,     6, -1,  41,   194,  1,  20
734776,20111001,    25,  1,  35,    72, -1,  18
734776,20111001,    46,  1,  31,   234, -1,   7
734776,20111001,    41,  1,  38,    67, -1,  14
734776,20111001,    53,  1,  31,    32, -1,  14
734776,20111001,   126, -1,  38,   225,  1,  14
734776,20111001,   149, -1,  42,   122,  1,   7
734776,20111001,   146, -1,  26,   193,  1,  20
734776,20111001,   192, -1,  28,   128,  1,  21
734776,20111001,   124,  1,  55,   131, -1,  28
734776,20111001,   135, -1,  24,   127,  1,   3
734776,20111001,   232,  1,  27,   175, -1,  21
734776,20111001,    59,  1,  27,   238, -1,  21
734776,20111001,   179,  1,  42,    49, -1,   0
734776,20111001,    38, -1,  28,    36,  1,  27
734776,20111001,    78, -1,  31,    99,  1,   3
734776,20111001,     4,  1,  28,    11, -1,  27
734776,20111001,    33,  1,  38,   185, -1,  28
734776,20111001,   164,  0,  31,    76,  0,  23
734776,20111001,    88, -1,  38,   174,  1,  28
734776,20111001,   184,  1,  37,    56, -1,  30
734776,20111001,    16,  1,  37,   201, -1,  34
734776,20111001,    82, -1,  34,   182,  1,  14
734776,20111001,     5,  1,  31,     7, -1,  23
734781,20111006,   242, -1,  36,   129,  1,  33
734781,20111006,   158,  1,  43,    31, -1,  15
734782,20111007,    20, -1,  57,    68,  1,   7
734783,20111008,    18,  1,  49,    90, -1,  26
734783,20111008,    39,  1,  36,    21, -1,  14
734783,20111008,    28,  1,  29,   181, -1,  16
734783,20111008,   217,  1,  28,   237, -1,  25
734783,20111008,   197, -1,  37,   211,  1,  34
734783,20111008,    10, -1,  35,   222,  1,  14
734783,20111008,   223,  1,  63,   244, -1,  19
734783,20111008,   204, -1,  45,   206,  1,  40
734783,20111008,   208,  1,  54,    58, -1,  16
734783,20111008,    26,  1,  38,   153, -1,  37
734783,20111008,   120, -1,  21,   214,  1,   3
734783,20111008,   216,  1,  16,   109, -1,   6
734783,20111008,   199, -1,  42,    17,  1,   0
734783,20111008,   188,  1,  54,    98, -1,   3
734783,20111008,    65, -1,  27,     2,  1,  17
734783,20111008,     3,  1,  34,   226, -1,   0
734783,20111008,    12,  1,  38,    15, -1,  14
734783,20111008,   155,  0,  55,   203,  0,  17
734783,20111008,   156,  1,  70,    95, -1,  28
734783,20111008,   159,  1,  37,     9, -1,  27
734783,20111008,   161,  1,  13,    89, -1,   3
734783,20111008,   167,  1,  45,   118, -1,  17
734783,20111008,   169,  1,  28,   113, -1,   6
734783,20111008,   172,  1,  34,   162, -1,  10
734783,20111008,   198, -1,  27,   180,  1,  14
734783,20111008,   152,  1,  59,     1, -1,  33
734783,20111008,   133,  1,  40,    97, -1,  10
734783,20111008,   116, -1,  42,   150,  1,  24
734783,20111008,    13, -1,  24,   218,  1,  19
734783,20111008,   137,  1,  38,    29, -1,  24
734783,20111008,   145,  1,  14,   105, -1,   7
734783,20111008,   147,  1,  31,    62, -1,  17
734783,20111008,   191, -1,  63,   134,  1,  35
734783,20111008,   138,  1,  34,   154, -1,  27
734783,20111008,   139,  1,  37,   219, -1,   0
734783,20111008,   106,  1,  41,    63, -1,  11
734783,20111008,   115,  1,  35,    14, -1,  28
734783,20111008,    75,  1,  21,   110, -1,  16
734783,20111008,   103,  1,  31,   210, -1,  17
734783,20111008,   195,  1,  48,    42, -1,   7
734783,20111008,    73, -1,  20,   200,  1,  12
734783,20111008,    81,  1,  56,    60, -1,   3
734783,20111008,   233,  1,  45,    22, -1,  21
734783,20111008,   239,  1,  43,    45, -1,  16
734783,20111008,   229,  1,  38,   114, -1,  35
734783,20111008,   235,  1,  35,    66, -1,  30
734783,20111008,    85, -1,  41,    87,  1,  20
734783,20111008,   104, -1,  24,    83,  1,  11
734783,20111008,    96,  1,  24,   121, -1,  17
734783,20111008,   189,  1,  24,   193, -1,  19
734783,20111008,    92,  1,  34,    50, -1,  26
734783,20111008,   207,  1,  61,    16, -1,  23
734783,20111008,   171,  1,  45,   194, -1,  14
734783,20111008,   174, -1,  35,   246,  1,  28
734783,20111008,   102, -1,  35,    71,  1,   3
734783,20111008,    23,  1,  20,    80, -1,  13
734783,20111008,    82, -1,  29,    64,  1,  28
734783,20111008,   130, -1,  48,    74,  1,  24
734783,20111008,   160,  1,  35,    67, -1,  20
734783,20111008,   157, -1,  31,   168,  1,  23
734783,20111008,    53, -1,  41,   126,  1,  26
734783,20111008,    33, -1,  37,   143,  1,  31
734783,20111008,   149,  1,  23,    88, -1,   9
734783,20111008,    40,  1,  34,   230, -1,  10
734783,20111008,    41, -1,  26,   123,  1,  14
734783,20111008,   196,  1,  42,   165, -1,  24
734783,20111008,   111,  1,  42,    34, -1,  26
734783,20111008,   205, -1,  21,   112,  1,  14
734783,20111008,   107, -1,  25,    94,  1,  24
734783,20111008,   124, -1,  33,    84,  1,   0
734783,20111008,    61, -1,  38,   231,  1,  31
734783,20111008,    78, -1,  41,    46,  1,  31
734783,20111008,    51,  1,  21,   240, -1,   0
734783,20111008,     5, -1,  43,   213,  1,  29
734783,20111008,   144, -1,  38,    52,  1,  21
734783,20111008,   187, -1,  30,   221,  1,  27
734783,20111008,   178, -1,  26,    69,  1,  21
734783,20111008,   140,  1,  47,   227, -1,  17
734783,20111008,   245,  1,  30,    48, -1,   0
734783,20111008,   176, -1,  34,    44,  1,  25
734783,20111008,   108, -1,  13,    49,  1,   9
734783,20111008,   243, -1,  43,    38,  1,  14
734783,20111008,   101, -1,  30,    25,  1,   6
734783,20111008,   127,  1,  44,   182, -1,  17
734783,20111008,     6,  1,  38,    55, -1,  10
734783,20111008,    77,  1,  28,   166, -1,  23
734783,20111008,    72, -1,  24,   234,  1,  10
734783,20111008,    32,  1,  38,    27, -1,  23
734783,20111008,   135,  1,  22,    19, -1,   3
734783,20111008,   173,  1,  49,   136, -1,  38
734783,20111008,     4,  1,  37,   128, -1,  14
734783,20111008,   179, -1,  55,   225,  1,  14
734783,20111008,    57, -1,  48,    56,  1,  16
734783,20111008,   132, -1,   9,   175,  1,   3
734783,20111008,   177,  0,  45,   185,  0,  10
734783,20111008,    86, -1,  38,   122,  1,  13
734783,20111008,    47, -1,  14,   131,  1,   0
734783,20111008,    91,  1,  48,    11, -1,  10
734783,20111008,   125, -1,  38,   163,  1,  36
734783,20111008,    70,  1,  28,    36, -1,  27
734783,20111008,    59, -1,  36,   148,  1,  28
734783,20111008,   151, -1,  37,   100,  1,  17
734783,20111008,   164, -1,  23,   192,  1,  20
734783,20111008,   201,  1,  55,   184, -1,   3
734783,20111008,   209,  1,  31,   170, -1,  28
734788,20111013,   220, -1,  30,    31,  1,   9
734788,20111013,   180, -1,  41,     1,  1,  27
734788,20111013,     4,  1,  24,   213, -1,  21
734789,20111014,   181,  1,  28,    79, -1,  27
734790,20111015,    58, -1,  35,    29,  1,  28
734790,20111015,    37,  1,  25,   105, -1,  16
734790,20111015,   208, -1,  28,    22,  1,  21
734790,20111015,    68,  1,  31,   223, -1,  21
734790,20111015,   224, -1,  44,   211,  1,   7
734790,20111015,    96, -1,  41,   206,  1,  34
734790,20111015,    20, -1,  63,    43,  1,  13
734790,20111015,    45,  1,  16,   190, -1,  10
734790,20111015,    73, -1,  33,   226,  1,  28
734790,20111015,   212,  1,  37,   214, -1,  20
734790,20111015,    15,  1,  17,    63, -1,   6
734790,20111015,   186,  1,  38,   216, -1,  17
734790,20111015,   241,  1,  59,    87, -1,   7
734790,20111015,   244,  1,  41,   219, -1,  14
734790,20111015,    66, -1,  41,    54,  1,  16
734790,20111015,    60, -1,  35,   113,  1,  17
734790,20111015,    39, -1,  56,   110,  1,  45
734790,20111015,   109,  1,  24,   169, -1,  20
734790,20111015,   242, -1,  20,    62,  1,   0
734790,20111015,   139,  1,  49,   141, -1,   7
734790,20111015,   121,  1,  52,    90, -1,  17
734790,20111015,   117,  1,  28,   116, -1,  14
734790,20111015,     3, -1,  52,   119,  1,   7
734790,20111015,   188, -1,  14,   120,  1,  12
734790,20111015,   114, -1,  30,   145,  1,  24
734790,20111015,   142,  1,  31,    83, -1,  24
734790,20111015,   133,  1,  51,   233, -1,  22
734790,20111015,    17, -1,  23,   153,  1,  20
734790,20111015,   172,  1,  21,   134, -1,  20
734790,20111015,   161,  1,  23,   167, -1,  18
734790,20111015,   222, -1,  26,   162,  1,  14
734790,20111015,    28, -1,  38,   159,  1,  28
734790,20111015,   158,  1,  41,    10, -1,  27
734790,20111015,   155, -1,  47,    95,  1,  17
734790,20111015,   115, -1,   9,    97,  1,   3
734790,20111015,   154, -1,  17,    85,  1,   7
734790,20111015,    89,  1,  41,   150, -1,  31
734790,20111015,   229, -1,  38,   235,  1,  17
734790,20111015,   228,  1,  24,    75, -1,  21
734790,20111015,   236,  1,  52,    42, -1,  24
734790,20111015,   195, -1,  44,   237,  1,  14
734790,20111015,   218, -1,  38,   210,  1,  10
734790,20111015,   106, -1,  38,   200,  1,   7
734790,20111015,   199,  1,  34,    26, -1,   0
734790,20111015,   103,  1,  30,   147, -1,  10
734790,20111015,   204,  1,  55,    18, -1,  28
734790,20111015,   156, -1,  38,   203,  1,  26
734790,20111015,   102,  1,  63,    40, -1,  27
734790,20111015,   215,  1,  38,   221, -1,  17
734790,20111015,   165,  1,  28,    71, -1,  14
734790,20111015,    32, -1,  35,   108,  1,  21
734790,20111015,   178,  1,  43,    61, -1,  31
734790,20111015,    92,  1,  50,   126, -1,  14
734790,20111015,    93, -1,  44,    16,  1,  14
734790,20111015,    23,  1,  34,   166, -1,   0
734790,20111015,   160, -1,  27,    44,  1,  20
734790,20111015,   240,  1,  24,   140, -1,  10
734790,20111015,    57,  1,  41,   184, -1,  17
734790,20111015,    55,  1,  28,    34, -1,  21
734790,20111015,   179,  1,  31,    53, -1,  24
734790,20111015,   130,  1,  36,    56, -1,  27
734790,20111015,   125,  1,  41,   148, -1,  24
734790,20111015,   177,  1,  47,   143, -1,   7
734790,20111015,   173,  1,  23,    74, -1,  13
734790,20111015,   107,  1,  27,   168, -1,  21
734790,20111015,   176,  1,  60,   194, -1,  45
734790,20111015,    27,  1,  42,   225, -1,  14
734790,20111015,   132,  1,  51,   122, -1,  21
734790,20111015,    78,  1,  42,    25, -1,   3
734790,20111015,   209, -1,  39,   157,  1,  35
734790,20111015,   205,  1,  46,   100, -1,  21
734790,20111015,    94,  1,  34,   227, -1,  10
734790,20111015,   111, -1,  21,    51,  1,  10
734790,20111015,   238,  1,  39,    84, -1,  12
734790,20111015,    80,  1,  25,    48, -1,  17
734790,20111015,   144,  1,  34,    77, -1,  24
734790,20111015,    72, -1,  21,    82,  1,   3
734790,20111015,    41,  1,  35,    46, -1,  28
734790,20111015,   123, -1,  40,    24,  1,  35
734790,20111015,     6,  1,  28,   171, -1,  17
734790,20111015,    50,  1,  28,    49, -1,   0
734790,20111015,   101, -1,  34,    67,  1,  12
734790,20111015,   135,  1,  42,    52, -1,  24
734790,20111015,   230,  1,  21,    35, -1,  17
734790,20111015,     5,  1,  20,   164, -1,   7
734790,20111015,     8, -1,  49,    38,  1,  42
734790,20111015,   201, -1,  42,   202,  1,  40
734790,20111015,    91, -1,  17,   128,  1,  16
734790,20111015,   246, -1,  35,   175,  1,  23
734790,20111015,   124,  1,  30,   163, -1,  24
734790,20111015,    88,  1,  46,   232, -1,  24
734790,20111015,    86,  1,  28,   189, -1,   3
734790,20111015,   127, -1,  52,   136,  1,   3
734790,20111015,   187,  1,  33,   207, -1,  30
734790,20111015,    70,  1,  50,    69, -1,  20
734790,20111015,    36,  1,  51,   231, -1,   7
734790,20111015,    99,  1,  28,   245, -1,  19
734790,20111015,    33,  1,  21,   112, -1,  18
734790,20111015,   151,  1,  51,   183, -1,  17
734790,20111015,   149, -1,  31,   174,  1,  14
734790,20111015,    11,  1,  22,   192, -1,  21
734790,20111015,    64, -1,  47,   182,  1,   7
734790,20111015,    59,  1,  48,   131, -1,  27
734790,20111015,    30,  1,  31,   193, -1,  27
734793,20111018,    13,  1,  34,    65, -1,  16
734795,20111020,     9,  1,  48,   217, -1,  12
734795,20111020,   214,  1,  26,   216, -1,  24
734795,20111020,    19, -1,  14,   144,  1,   6
734796,20111021,   105,  1,  16,   172, -1,  14
734796,20111021,   197,  1,  49,   239, -1,  23
734797,20111022,   129, -1,  38,    62,  1,  14
734797,20111022,    37, -1,  37,   190,  1,  34
734797,20111022,   106,  1,  45,    15, -1,  10
734797,20111022,   114,  1,  24,    75, -1,   7
734797,20111022,    12, -1,  29,   119,  1,  24
734797,20111022,   138, -1,  41,   118,  1,  14
734797,20111022,   117,  1,  37,   241, -1,  31
734797,20111022,   156, -1,  45,   121,  1,  24
734797,20111022,    60, -1,  38,   134,  1,  35
734797,20111022,   139,  1,  45,    68, -1,  38
734797,20111022,   206, -1,  41,   155,  1,  38
734797,20111022,   159,  0,  44,   237,  0,  21
734797,20111022,   212, -1,  38,   169,  1,  20
734797,20111022,   167,  1,  21,    85, -1,  14
734797,20111022,   161, -1,  34,   150,  1,  24
734797,20111022,   147,  1,  38,   218, -1,  21
734797,20111022,     3,  1,  37,   200, -1,   6
734797,20111022,   153, -1,  37,     2,  1,  20
734797,20111022,   235, -1,  24,    54,  1,  23
734797,20111022,   133, -1,  31,    26,  1,  30
734797,20111022,    17,  1,  31,    29, -1,  27
734797,20111022,    66,  1,  41,   110, -1,  16
734797,20111022,    20,  1,  37,     1, -1,  26
734797,20111022,   113, -1,  33,   211,  1,  17
734797,20111022,   104, -1,  24,   223,  1,  17
734797,20111022,    39,  1,  59,   145, -1,  38
734797,20111022,   208,  1,  49,   115, -1,  28
734797,20111022,    58,  1,  14,   233, -1,  10
734797,20111022,    22,  1,  13,   199, -1,  10
734797,20111022,    28,  1,  56,    84, -1,   3
734797,20111022,   158, -1,  45,    42,  1,   2
734797,20111022,    31,  1,  34,   222, -1,  10
734797,20111022,   195,  1,  65,   236, -1,  21
734797,20111022,    79,  1,  45,   142, -1,  34
734797,20111022,   137, -1,  28,   228,  1,  14
734797,20111022,   198,  1,  69,   141, -1,   0
734797,20111022,   242,  1,  42,   103, -1,  23
734797,20111022,   226,  1,  44,    14, -1,  21
734797,20111022,   229,  1,  30,    21, -1,  14
734797,20111022,   204, -1,  33,    90,  1,  17
734797,20111022,    89,  1,  45,    87, -1,  24
734797,20111022,    81,  1,  63,   109, -1,  28
734797,20111022,   224,  1,  31,    43, -1,  17
734797,20111022,   191,  1,  27,   186, -1,   3
734797,20111022,    98,  1,  38,    93, -1,  14
734797,20111022,    96, -1,  59,    95,  1,  21
734797,20111022,   220, -1,  31,   152,  1,  17
734797,20111022,    78,  1,  56,   166, -1,  39
734797,20111022,   193, -1,  35,   238,  1,  28
734797,20111022,    38, -1,  35,   231,  1,   7
734797,20111022,   246,  1,  49,   194, -1,  23
734797,20111022,   209, -1,  38,   240,  1,  27
734797,20111022,     6, -1,  63,    34,  1,  35
734797,20111022,    72,  1,  40,    41, -1,  17
734797,20111022,    36, -1,  42,    61,  1,  18
734797,20111022,    23, -1,  35,    46,  1,  24
734797,20111022,    48,  1,  37,    44, -1,   0
734797,20111022,   102, -1,  38,    35,  1,  16
734797,20111022,     8,  1,  35,   178, -1,  17
734797,20111022,   157, -1,  37,   227,  1,  14
734797,20111022,   189,  1,  27,   215, -1,  24
734797,20111022,    64, -1,  27,   173,  1,  24
734797,20111022,   107, -1,  23,   170,  1,  22
734797,20111022,   168,  1,  38,    51, -1,  34
734797,20111022,   160,  1,  37,   245, -1,  25
734797,20111022,   149,  1,  17,   175, -1,  10
734797,20111022,    50, -1,  30,   126,  1,  28
734797,20111022,   185, -1,  57,   143,  1,  21
734797,20111022,   183,  1,  38,   205, -1,  28
734797,20111022,    71, -1,  26,    40,  1,  24
734797,20111022,   108, -1,  28,    27,  1,  10
734797,20111022,   123, -1,  31,   176,  1,  17
734797,20111022,   177, -1,  38,   112,  1,  14
734797,20111022,   140,  0,  27,   111,  0,  21
734797,20111022,    24, -1,  34,   171,  1,  27
734797,20111022,    92,  1,  56,    49, -1,  13
734797,20111022,    80, -1,  16,    25,  1,  13
734797,20111022,    55,  1,  37,   234, -1,  21
734797,20111022,    99,  1,  45,    67, -1,  24
734797,20111022,    82,  1,  35,   135, -1,  28
734797,20111022,    32,  1,  48,   179, -1,  24
734797,20111022,   196, -1,  42,   230,  1,  14
734797,20111022,    86,  1,  17,    88, -1,  14
734797,20111022,    70,  1,  48,   165, -1,  14
734797,20111022,    69,  1,  26,   243, -1,  21
734797,20111022,    30, -1,  23,   146,  1,  19
734797,20111022,    77,  1,  30,   136, -1,  27
734797,20111022,   184,  1,  17,    16, -1,  13
734797,20111022,    53,  1,  50,   225, -1,   0
734797,20111022,   207, -1,  24,    56,  1,  23
734797,20111022,    57,  1,  33,   201, -1,  22
734797,20111022,   132, -1,  38,   174,  1,  14
734797,20111022,    76,  1,  30,   128, -1,  24
734797,20111022,   125, -1,  31,   131,  1,  21
734797,20111022,   124, -1,  28,   148,  1,  24
734797,20111022,   122, -1,  31,   232,  1,  17
734797,20111022,    33, -1,  38,   100,  1,  24
734797,20111022,    59, -1,  42,    47,  1,  35
734797,20111022,    74,  1,  27,   187, -1,  20
734800,20111025,    65,  1,  23,   210, -1,  20
734801,20111026,   162,  1,  35,    45, -1,  20
734802,20111027,   228, -1,  28,   114,  1,  21
734802,20111027,    81,  1,  73,   169, -1,  34
734803,20111028,   198,  0,  38,    28,  0,  28
734804,20111029,   191, -1,  31,   224,  1,  13
734804,20111029,   233,  1,  45,    17, -1,  35
734804,20111029,   236,  1,  42,     9, -1,  31
734804,20111029,   155, -1,  58,    96,  1,  17
734804,20111029,    97,  1,  27,    22, -1,  15
734804,20111029,   120, -1,  28,    98,  1,  16
734804,20111029,    79, -1,  16,    83,  1,  14
734804,20111029,   150, -1,  59,    87,  1,  38
734804,20111029,   188, -1,  14,   200,  1,   3
734804,20111029,   121, -1,  38,   204,  1,  31
734804,20111029,   203,  1,  43,    95, -1,   0
734804,20111029,    75,  1,  31,    39, -1,  17
734804,20111029,   115,  1,  41,    26, -1,  13
734804,20111029,   109,  1,  59,   214, -1,  14
734804,20111029,    21, -1,  28,   110,  1,  17
734804,20111029,   105,  1,  27,   197, -1,  10
734804,20111029,   104,  1,  38,   181, -1,  28
734804,20111029,   219,  1,  38,    43, -1,  35
734804,20111029,   138,  1,  24,   117, -1,   3
734804,20111029,     1, -1,  42,   141,  1,   0
734804,20111029,   118,  1,  22,    89, -1,  21
734804,20111029,   103, -1,  45,   129,  1,  20
734804,20111029,   116,  1,  36,   167, -1,  14
734804,20111029,   239, -1,  41,   172,  1,  31
734804,20111029,   244, -1,  30,   180,  1,  27
734804,20111029,   161,  1,  10,    85, -1,   7
734804,20111029,   156,  1,  59,    18, -1,  24
734804,20111029,   158,  1,  43,   237, -1,  28
734804,20111029,   154,  1,  33,   241, -1,  29
734804,20111029,   152,  1,  56,   134, -1,  14
734804,20111029,   242, -1,  31,   218,  1,  28
734804,20111029,   139, -1,  48,   142,  1,  34
734804,20111029,   145,  1,  49,   235, -1,  24
734804,20111029,    90, -1,  41,   206,  1,   7
734804,20111029,    12, -1,  31,   226,  1,  28
734804,20111029,   222,  1,  27,   159, -1,   8
734804,20111029,   212,  1,  38,   186, -1,   7
734804,20111029,   217,  1,  31,    31, -1,  14
734804,20111029,   216,  1,  41,   113, -1,   0
734804,20111029,    66,  1,  34,   137, -1,   0
734804,20111029,    15,  1,  41,   119, -1,  23
734804,20111029,   229, -1,  14,    54,  1,  10
734804,20111029,    60,  1,  34,   211, -1,  13
734804,20111029,    29, -1,  23,     2,  1,  22
734804,20111029,   195, -1,  56,   220,  1,  48
734804,20111029,    10,  1,  48,    42, -1,  14
734804,20111029,    14,  1,  55,    67, -1,   0
734804,20111029,    13,  1,  37,   147, -1,  14
734804,20111029,    73,  0,  24,    63,  0,  20
734804,20111029,   132,  1,  27,   149, -1,  19
734804,20111029,    55, -1,  16,   123,  1,   0
734804,20111029,   196,  1,  42,    40, -1,   0
734804,20111029,    57, -1,  34,   130,  1,  33
734804,20111029,   125,  1,  54,    84, -1,  13
734804,20111029,    46, -1,  24,   166,  1,   7
734804,20111029,    91,  0,  44,   164,  0,  14
734804,20111029,   111, -1,  28,   170,  1,   7
734804,20111029,   177,  1,  66,   100, -1,   0
734804,20111029,     8,  1,  24,    70, -1,  17
734804,20111029,    56, -1,  19,    16,  1,  10
734804,20111029,   194,  1,  27,    34, -1,  13
734804,20111029,    53, -1,  23,   108,  1,  13
734804,20111029,   207,  1,  38,   184, -1,  30
734804,20111029,   107, -1,  41,   227,  1,  25
734804,20111029,   178,  1,  52,   231, -1,  24
734804,20111029,   102,  1,  27,   165, -1,  20
734804,20111029,   246,  1,  56,   232, -1,  14
734804,20111029,   243,  1,  48,    61, -1,  28
734804,20111029,    23,  1,   6,   160, -1,   0
734804,20111029,    71,  1,  14,    35, -1,   7
734804,20111029,   157,  1,  23,    94, -1,  20
734804,20111029,   221,  1,  17,    74, -1,  14
734804,20111029,    78,  1,  41,    48, -1,  10
734804,20111029,    72, -1,  19,    80,  1,   6
734804,20111029,   127, -1,  12,    52,  1,   0
734804,20111029,   151, -1,  23,   205,  1,  10
734804,20111029,   176, -1,  27,   171,  1,  15
734804,20111029,   140,  1,  31,   168, -1,  24
734804,20111029,   245, -1,  16,    44,  1,  13
734804,20111029,   101, -1,  45,    41,  1,  25
734804,20111029,    38,  1,  41,   230, -1,  14
734804,20111029,    32, -1,  26,    49,  1,  20
734804,20111029,     6, -1,  24,   234,  1,   0
734804,20111029,   173, -1,  31,    82,  1,   0
734804,20111029,    69, -1,  14,    36,  1,   7
734804,20111029,    50, -1,  49,   225,  1,  10
734804,20111029,   144,  1,  14,   135, -1,  10
734804,20111029,    77, -1,  22,   182,  1,   5
734804,20111029,    19, -1,  34,   136,  1,   6
734804,20111029,    86, -1,  38,   175,  1,  30
734804,20111029,   193,  1,  34,   215, -1,   3
734804,20111029,   128,  1,  12,   213, -1,   9
734804,20111029,   174, -1,  43,   122,  1,  36
734804,20111029,   185,  1,  37,   112, -1,  17
734804,20111029,   124,  1,  45,   238, -1,  10
734804,20111029,     4,  0,  20,     5,  0,  19
734804,20111029,    76, -1,  27,    11,  1,  20
734804,20111029,   146, -1,  27,   131,  1,  25
734804,20111029,   202, -1,  21,    93,  1,  14
734804,20111029,   163, -1,  43,    59,  1,  26
734804,20111029,    51, -1,  35,   209,  1,  30
734804,20111029,    25, -1,  39,    99,  1,  13
734804,20111029,    33,  1,  55,   183, -1,  29
734804,20111029,   192,  1,  30,     7, -1,  14
734804,20111029,    30,  1,  27,   189, -1,  24
734804,20111029,   148, -1,  27,    47,  1,  26
734807,20111101,   133, -1,  63,   208,  1,  60
734808,20111102,   153,  1,  35,   199, -1,  31
734809,20111103,   115,  1,  35,     2, -1,   3
734809,20111103,    66, -1,  38,    21,  1,   7
734809,20111103,   212, -1,  24,   216,  1,  17
734809,20111103,   187,  1,  35,   128, -1,   3
734810,20111104,    97,  1,  24,    29, -1,  21
734810,20111104,   220, -1,  42,    42,  1,  17
734811,20111105,    98,  1,  30,   119, -1,  13
734811,20111105,    89,  1,  24,   116, -1,  16
734811,20111105,    90,  1,  13,    95, -1,  10
734811,20111105,   158, -1,  34,   236,  1,  17
734811,20111105,   152, -1,  24,   235,  1,  17
734811,20111105,   242,  1,  10,    65, -1,   9
734811,20111105,   105, -1,  38,   239,  1,  35
734811,20111105,   223, -1,  35,    79,  1,  31
734811,20111105,    73,  1,  63,   142, -1,  16
734811,20111105,   203,  1,  52,   206, -1,  20
734811,20111105,   200,  1,  24,   129, -1,   0
734811,20111105,   103,  1,  36,   218, -1,  35
734811,20111105,    18,  1,  42,   121, -1,  39
734811,20111105,    17, -1,  33,    58,  1,  31
734811,20111105,    63,  1,  26,   226, -1,  21
734811,20111105,   104, -1,  41,    68,  1,  21
734811,20111105,    31,  1,  30,   237, -1,   7
734811,20111105,    45,  1,  28,   197, -1,  21
734811,20111105,     1,  1,  24,    14, -1,  14
734811,20111105,   217,  1,  29,    10, -1,  28
734811,20111105,    12,  1,  44,   188, -1,  28
734811,20111105,   106, -1,   9,     3,  1,   6
734811,20111105,   222, -1,  34,     9,  1,  21
734811,20111105,   186,  1,  45,   211, -1,  24
734811,20111105,   191, -1,  48,    60,  1,  28
734811,20111105,   241,  1,  62,   167, -1,  17
734811,20111105,   198, -1,  31,   244,  1,  20
734811,20111105,    81, -1,  56,   214,  1,  13
734811,20111105,   114,  1,  49,    54, -1,  14
734811,20111105,   228, -1,  31,   110,  1,  13
734811,20111105,    13, -1,  39,    62,  1,  21
734811,20111105,   117,  1,  31,   118, -1,  24
734811,20111105,   120,  1,  55,   207, -1,  17
734811,20111105,   150, -1,  28,   138,  1,  25
734811,20111105,   134,  1,  42,   210, -1,  14
734811,20111105,   155,  1,  41,   204, -1,  25
734811,20111105,   154,  1,  34,    87, -1,  20
734811,20111105,    20, -1,  48,   219,  1,  21
734811,20111105,   137,  1,  13,   145, -1,   0
734811,20111105,   156,  1,  52,    96, -1,  45
734811,20111105,   195, -1,  38,   159,  1,  13
734811,20111105,    37, -1,  26,   162,  1,  23
734811,20111105,    83, -1,  32,   181,  1,  29
734811,20111105,   180,  1,  35,   141, -1,   7
734811,20111105,   172,  1,  20,   190, -1,  17
734811,20111105,   169,  1,  41,   224, -1,  37
734811,20111105,   157,  1,  42,   170, -1,  28
734811,20111105,    69,  1,  20,     8, -1,  10
734811,20111105,   205,  1,  34,   164, -1,  26
734811,20111105,   130, -1,  38,   202,  1,  37
734811,20111105,   125, -1,  44,   238,  1,  24
734811,20111105,   243, -1,  42,   231,  1,  24
734811,20111105,   213,  1,  29,   192, -1,  15
734811,20111105,   177, -1,  38,   183,  1,   9
734811,20111105,    40,  1,  15,   165, -1,   8
734811,20111105,   101,  1,  14,    80, -1,   7
734811,20111105,   112,  1,  26,   143, -1,  17
734811,20111105,   227, -1,  35,   111,  1,  17
734811,20111105,   209, -1,  40,   107,  1,  30
734811,20111105,   168,  1,  24,   240, -1,  21
734811,20111105,   160,  1,  37,   166, -1,   9
734811,20111105,   149,  1,  21,   246, -1,  17
734811,20111105,   102,  1,  37,   230, -1,  31
734811,20111105,    36, -1,  24,   178,  1,   9
734811,20111105,   108,  1,  30,   225, -1,   7
734811,20111105,   123, -1,  48,   194,  1,  45
734811,20111105,   144, -1,  45,   182,  1,   3
734811,20111105,    34,  1,  31,   171, -1,  24
734811,20111105,    72,  1,  30,    67, -1,  13
734811,20111105,    64,  1,  26,   135, -1,  20
734811,20111105,    23, -1,  34,   245,  1,  28
734811,20111105,   140,  1,  28,    94, -1,  10
734811,20111105,    27,  1,  17,    49, -1,   7
734811,20111105,    78, -1,  35,    44,  1,  21
734811,20111105,    24, -1,  31,     6,  1,  17
734811,20111105,   179, -1,  31,    50,  1,  28
734811,20111105,   234,  1,  27,   176, -1,  21
734811,20111105,    82, -1,  10,    77,  1,   7
734811,20111105,   136, -1,  14,    52,  1,   7
734811,20111105,    32,  1,  41,   126, -1,  31
734811,20111105,   196, -1,  50,    35,  1,  31
734811,20111105,    53,  1,  31,    92, -1,  24
734811,20111105,    70,  1,  14,    38, -1,  12
734811,20111105,    86,  1,  31,   232, -1,   7
734811,20111105,   132, -1,  27,    88,  1,  16
734811,20111105,   201, -1,  18,    56,  1,  17
734811,20111105,     4, -1,  28,     7,  1,  14
734811,20111105,   174,  1,  45,   175, -1,  34
734811,20111105,    76, -1,  26,    91,  1,  23
734811,20111105,     5, -1,  28,    11,  1,  12
734811,20111105,    57, -1,  52,    93,  1,  48
734811,20111105,    19,  1,  49,   127, -1,  23
734811,20111105,   215,  1,  24,    30, -1,  17
734811,20111105,   163,  1,  29,    47, -1,  20
734811,20111105,    99,  1,  37,    41, -1,  24
734811,20111105,   148,  1,  34,   131, -1,  14
734811,20111105,    33, -1,  45,   151,  1,  20
734811,20111105,   185, -1,  69,   100,  1,  10
734811,20111105,    48,  1,  33,    46, -1,  24
734814,20111108,   208,  1,  66,   233, -1,  63
734814,20111108,   133, -1,  45,    22,  1,  14
734815,20111109,   199,  1,  24,   115, -1,  21
734816,20111110,   153, -1,  43,    29,  1,  28
734816,20111110,   229, -1,  37,    75,  1,  26
734816,20111110,    81, -1,  73,   211,  1,  17
734817,20111111,   190, -1,  37,   197,  1,  17
734818,20111112,   158, -1,  53,   195,  1,  30
734818,20111112,    73,  1,  45,    15, -1,   7
734818,20111112,   224,  1,  22,    60, -1,  17
734818,20111112,   147, -1,  38,   210,  1,  33
734818,20111112,   237,  1,  37,    10, -1,  27
734818,20111112,   228,  1,  31,    54, -1,  21
734818,20111112,   117, -1,  37,    89,  1,  21
734818,20111112,   116, -1,  31,    85,  1,  14
734818,20111112,   191,  1,  30,   216, -1,  29
734818,20111112,    96,  1,  53,   204, -1,  50
734818,20111112,    18, -1,  31,    95,  1,  30
734818,20111112,    31,  1,  23,   159, -1,   6
734818,20111112,    28,  1,  42,    83, -1,   7
734818,20111112,    42,  1,  48,     9, -1,  29
734818,20111112,   239, -1,  24,    37,  1,  21
734818,20111112,    39,  1,  31,   235, -1,  28
734818,20111112,    21,  1,  14,   137, -1,  10
734818,20111112,   156, -1,  66,   206,  1,   6
734818,20111112,   244, -1,  25,     1,  1,  17
734818,20111112,   180, -1,  18,    43,  1,  15
734818,20111112,   212,  1,  59,   109, -1,  17
734818,20111112,   222,  1,  31,   217, -1,   6
734818,20111112,   226,  1,  38,    98, -1,   8
734818,20111112,   223,  1,  34,   181, -1,  33
734818,20111112,   198, -1,  36,    20,  1,  35
734818,20111112,    66,  1,  23,   114, -1,  19
734818,20111112,    58,  1,  30,    26, -1,  17
734818,20111112,   134, -1,  24,   186,  1,  17
734818,20111112,   220,  1,  40,   236, -1,  17
734818,20111112,   188,  1,  17,    63, -1,  12
734818,20111112,    97, -1,  35,     2,  1,   3
734818,20111112,    12,  1,  49,   200, -1,   7
734818,20111112,    13,  1,  30,   103, -1,  21
734818,20111112,   172,  0,  27,    14,  0,  12
734818,20111112,   167,  1,  26,   154, -1,  23
734818,20111112,   138, -1,  17,   161,  1,  14
734818,20111112,   218,  1,  42,   129, -1,  14
734818,20111112,   142,  1,  48,    68, -1,  45
734818,20111112,   150,  1,  28,   169, -1,   6
734818,20111112,   121,  1,  17,   203, -1,   5
734818,20111112,   141,  1,  21,   219, -1,  14
734818,20111112,   139,  1,  42,    79, -1,  28
734818,20111112,   104, -1,  27,   119,  1,   7
734818,20111112,     3, -1,  24,   120,  1,   7
734818,20111112,   241, -1,  42,   118,  1,  13
734818,20111112,   162, -1,  21,   105,  1,  14
734818,20111112,    65,  1,  41,    62, -1,   7
734818,20111112,   106,  1,  42,   242, -1,   9
734818,20111112,   152,  0,  45,   110,  0,  21
734818,20111112,   214, -1,  41,   113,  1,  35
734818,20111112,    46,  1,  62,    44, -1,  41
734818,20111112,    19,  1,  59,   182, -1,   3
734818,20111112,   196, -1,  76,    71,  1,  28
734818,20111112,    48, -1,  21,    23,  1,  16
734818,20111112,    70, -1,  31,   243,  1,  10
734818,20111112,   179,  1,  13,   108, -1,   7
734818,20111112,   202, -1,  28,    57,  1,  21
734818,20111112,   157, -1,  35,   240,  1,  31
734818,20111112,    40, -1,  45,    35,  1,  38
734818,20111112,    92,  1,  34,    27, -1,  24
734818,20111112,     8,  1,  46,   231, -1,  14
734818,20111112,   165,  1,  38,   230, -1,   6
734818,20111112,   209,  1,  56,   140, -1,  42
734818,20111112,   130,  1,  56,    16, -1,  24
734818,20111112,   100, -1,  34,   143,  1,  26
734818,20111112,   245, -1,  33,   166,  1,  24
734818,20111112,   177,  1,  43,   151, -1,  17
734818,20111112,   173,  1,  30,   135, -1,  22
734818,20111112,    55, -1,  29,   176,  1,  15
734818,20111112,   101,  1,  34,    72, -1,  12
734818,20111112,   107,  1,  32,   111, -1,  21
734818,20111112,   112,  1,  24,   221, -1,  21
734818,20111112,   246, -1,  27,   132,  1,  24
734818,20111112,    78,  1,  37,   160, -1,  20
734818,20111112,    61, -1,  41,    69,  1,  34
734818,20111112,    94,  1,  31,   168, -1,  13
734818,20111112,    51,  1,  24,   170, -1,  10
734818,20111112,   238,  1,  34,   148, -1,  31
734818,20111112,    80,  1,  29,    99, -1,  24
734818,20111112,     6, -1,  41,   123,  1,  24
734818,20111112,   234, -1,  38,   171,  1,  17
734818,20111112,    24,  1,  45,   194, -1,  34
734818,20111112,    25, -1,  21,    67,  1,   0
734818,20111112,    77,  1,  42,    52, -1,   6
734818,20111112,   174, -1,  27,   232,  1,   7
734818,20111112,    49,  1,  28,   126, -1,  24
734818,20111112,    88, -1,  28,   122,  1,  20
734818,20111112,    11, -1,  15,   128,  1,   3
734818,20111112,   225,  1,  34,    32, -1,  31
734818,20111112,    91, -1,  34,     4,  1,   6
734818,20111112,    53,  1,  37,    50, -1,  14
734818,20111112,    64, -1,  31,   136,  1,  10
734818,20111112,   192, -1,  26,     5,  1,  23
734818,20111112,    93, -1,  22,   184,  1,  21
734818,20111112,   178, -1,  19,    38,  1,  14
734818,20111112,   163, -1,  23,   131,  1,  17
734818,20111112,   175,  1,  45,    56, -1,  28
734818,20111112,   164, -1,  40,     7,  1,  14
734818,20111112,   144, -1,  47,   127,  1,  14
734818,20111112,    33,  1,  23,   205, -1,  22
734818,20111112,   146, -1,  14,   215,  1,   7
734818,20111112,   201,  1,  35,   207, -1,  30
734818,20111112,   185,  1,  28,   183, -1,  20
734818,20111112,   149,  1,  34,   193, -1,  21
734818,20111112,    76,  1,  29,   213, -1,  25
734818,20111112,    59, -1,  53,    30,  1,  51
734818,20111112,    47,  1,  24,    84, -1,   9
734821,20111115,   133,  1,  41,    17, -1,  38
734822,20111116,   233, -1,  24,   115,  1,  21
734822,20111116,   153, -1,  29,    22,  1,  28
734823,20111117,   229,  1,  24,   145, -1,  21
734823,20111117,   214,  1,  34,   191, -1,  31
734823,20111117,   109, -1,  23,   113,  1,  22
734823,20111117,   183,  1,  31,   143, -1,  14
734824,20111118,   208, -1,  44,    29,  1,  17
734824,20111118,    90,  1,  37,   156, -1,  31
734825,20111119,    28,  1,  42,   142, -1,   7
734825,20111119,    18,  1,  45,   155, -1,  38
734825,20111119,    63,  1,  54,    69, -1,  32
734825,20111119,   217,  1,  45,    42, -1,   6
734825,20111119,     1,  1,  45,   219, -1,  17
734825,20111119,   105, -1,  34,    45,  1,  20
734825,20111119,    15,  1,  35,   178, -1,  16
734825,20111119,    12,  0,  44,   120,  0,  17
734825,20111119,     9, -1,  31,    10,  1,  27
734825,20111119,     3,  1,  45,    70, -1,  21
734825,20111119,   188,  1,  41,    38, -1,  20
734825,20111119,    60,  1,  38,   216, -1,  31
734825,20111119,   244,  1,  31,   141, -1,  10
734825,20111119,    75, -1,  38,    54,  1,  31
734825,20111119,   228, -1,  14,    66,  1,  13
734825,20111119,    26,  1,  51,     2, -1,  10
734825,20111119,   114, -1,   6,   190,  1,   3
734825,20111119,   106, -1,  52,   119,  1,   3
734825,20111119,    13, -1,  45,   129,  1,  19
734825,20111119,   116,  1,  45,   138, -1,  17
734825,20111119,   117,  1,  55,    87, -1,   3
734825,20111119,   104, -1,  24,   139,  1,  20
734825,20111119,   121,  1,  31,   206, -1,  27
734825,20111119,   150,  1,  28,   118, -1,  13
734825,20111119,   161, -1,  20,   154,  1,  14
734825,20111119,   152,  1,  16,    21, -1,  14
734825,20111119,   137,  1,  37,    39, -1,  13
734825,20111119,    65, -1,  28,   218,  1,  17
734825,20111119,   242, -1,  31,   147,  1,  21
734825,20111119,   159,  1,  38,   236, -1,  21
734825,20111119,   220, -1,  38,   158,  1,  35
734825,20111119,    89, -1,  31,   167,  1,  21
734825,20111119,   169,  1,  19,   211, -1,   7
734825,20111119,   172,  1,  20,    37, -1,   3
734825,20111119,    20, -1,  52,   180,  1,  35
734825,20111119,   181,  1,  27,   134, -1,  24
734825,20111119,   235,  1,  31,   110, -1,  10
734825,20111119,   222, -1,  30,   237,  1,  27
734825,20111119,   210,  1,  34,    62, -1,   7
734825,20111119,   212, -1,  57,   224,  1,  28
734825,20111119,   198,  1,  34,    43, -1,  10
734825,20111119,    97,  1,  28,    58, -1,  22
734825,20111119,   241, -1,  28,    85,  1,  17
734825,20111119,    81,  1,  37,   186, -1,   7
734825,20111119,   223, -1,  49,    83,  1,  42
734825,20111119,    68, -1,  24,    79,  1,  21
734825,20111119,    96, -1,  17,   203,  1,  13
734825,20111119,   204,  1,  61,    95, -1,   7
734825,20111119,    73,  1,  19,    98, -1,  10
734825,20111119,   195,  1,  31,    31, -1,  28
734825,20111119,   199,  1,  42,    14, -1,  14
734825,20111119,   200,  1,  27,   226, -1,  21
734825,20111119,    94, -1,  34,   111,  1,  17
734825,20111119,   101,  1,  37,    99, -1,  13
734825,20111119,   196,  1,  41,   102, -1,  31
734825,20111119,    46, -1,  48,   160,  1,  38
734825,20111119,   126,  1,  55,    27, -1,  35
734825,20111119,    74,  1,  42,    32, -1,  35
734825,20111119,   209, -1,  28,   168,  1,  17
734825,20111119,   240, -1,  25,   170,  1,  23
734825,20111119,     4, -1,  17,   164,  1,  15
734825,20111119,   165,  1,  45,    35, -1,  14
734825,20111119,    51, -1,  26,   227,  1,  16
734825,20111119,    55,  1,  45,   171, -1,  10
734825,20111119,    49,  1,  30,   225, -1,  22
734825,20111119,    19,  0,  26,    64,  0,  16
734825,20111119,   122, -1,  38,   246,  1,  34
734825,20111119,    57,  1,  23,   207, -1,  16
734825,20111119,     8, -1,  28,    61,  1,  24
734825,20111119,   179,  1,  23,    92, -1,  14
734825,20111119,   202,  1,  49,    16, -1,   7
734825,20111119,   177, -1,  36,   205,  1,  14
734825,20111119,    59, -1,  45,    84,  1,  14
734825,20111119,    48,  1,  24,   166, -1,  17
734825,20111119,    40, -1,  45,   231,  1,  21
734825,20111119,    52,  1,  39,    82, -1,  36
734825,20111119,   149, -1,  23,    86,  1,  20
734825,20111119,    78, -1,  45,   245,  1,   7
734825,20111119,    34, -1,  42,    24,  1,  21
734825,20111119,   140,  1,  30,   107, -1,  27
734825,20111119,    44,  1,  35,    23, -1,  28
734825,20111119,    41,  1,  21,    25, -1,   6
734825,20111119,     6,  1,  31,   176, -1,  21
734825,20111119,    80, -1,  41,    67,  1,  21
734825,20111119,    77,  1,  42,   127, -1,  18
734825,20111119,   234, -1,  44,   123,  1,  29
734825,20111119,   135,  1,  31,   136, -1,  21
734825,20111119,   230,  1,  31,    71, -1,  24
734825,20111119,   132, -1,  37,   232,  1,  21
734825,20111119,    91,  1,  51,     7, -1,   7
734825,20111119,   243, -1,  28,    36,  1,  27
734825,20111119,   146,  1,  38,   189, -1,  37
734825,20111119,   173, -1,  20,   182,  1,  10
734825,20111119,   130, -1,  35,   184,  1,  34
734825,20111119,   124, -1,  36,   125,  1,  10
734825,20111119,   175, -1,  35,    88,  1,  28
734825,20111119,    30, -1,  41,   187,  1,  10
734825,20111119,   185, -1,  33,   151,  1,   0
734825,20111119,    11,  1,  42,   213, -1,   6
734825,20111119,   238, -1,  48,   163,  1,  33
734825,20111119,   215, -1,  23,    47,  1,  19
734825,20111119,   193, -1,  27,   148,  1,  24
734825,20111119,   112, -1,  45,   100,  1,  17
734825,20111119,    93, -1,  38,   201,  1,  16
734828,20111122,   153,  1,  21,   115, -1,  14
734830,20111124,   203, -1,  27,   204,  1,  25
734831,20111125,   199,  1,  34,    97, -1,  16
734831,20111125,   239,  1,  21,   162, -1,  20
734831,20111125,   233,  1,  68,     2, -1,  19
734831,20111125,   133,  1,  18,    58, -1,  12
734831,20111125,   105, -1,  34,   190,  1,  24
734831,20111125,    22, -1,  42,    26,  1,  28
734831,20111125,   208, -1,  45,    17,  1,  28
734831,20111125,   106,  1,  41,    12, -1,  17
734831,20111125,    21, -1,  24,   114,  1,  17
734831,20111125,   138,  1,  20,    89, -1,   7
734831,20111125,   216,  1,  31,   224, -1,  14
734831,20111125,    31, -1,  47,    10,  1,  38
734831,20111125,    42, -1,  17,   222,  1,  14
734831,20111125,    81, -1,  48,   212,  1,  16
734832,20111126,   104,  1,  44,   142, -1,   0
734832,20111126,    62,  1,  38,   214, -1,  35
734832,20111126,   109,  1,  34,    60, -1,  27
734832,20111126,   116,  1,  40,   154, -1,  34
734832,20111126,   120,  1,  31,   119, -1,   3
734832,20111126,   180, -1,  31,   219,  1,  14
734832,20111126,    65, -1,  31,   129,  1,  18
734832,20111126,   118,  1,  27,    85, -1,   7
734832,20111126,   117, -1,  31,   150,  1,  17
734832,20111126,   137,  1,  56,   110, -1,  41
734832,20111126,   145,  1,  37,    54, -1,  21
734832,20111126,   158,  1,  49,   159, -1,  21
734832,20111126,    20,  1,  36,   244, -1,  14
734832,20111126,   241,  1,  45,   161, -1,   7
734832,20111126,   188,  1,  34,    39, -1,  13
734832,20111126,   220,  1,  50,   217, -1,   0
734832,20111126,   186,  1,  27,   169, -1,  24
734832,20111126,     9,  1,  45,   103, -1,  37
734832,20111126,     3, -1,  42,    15,  1,  14
734832,20111126,    45,  1,  40,   172, -1,  22
734832,20111126,   223,  1,  21,   139, -1,  17
734832,20111126,    66, -1,  21,    63,  1,   7
734832,20111126,   181, -1,  27,    68,  1,  24
734832,20111126,    18,  0,  66,   206,  0,  42
734832,20111126,     1, -1,  45,    43,  1,  21
734832,20111126,   242,  1,  41,   210, -1,  18
734832,20111126,   236,  1,  38,   237, -1,  21
734832,20111126,   226, -1,  41,   235,  1,   7
734832,20111126,   229, -1,  38,   228,  1,   0
734832,20111126,   167, -1,  33,    87,  1,  25
734832,20111126,    98,  1,  10,   200, -1,   7
734832,20111126,   121,  0,  24,    95,  0,  10
734832,20111126,   191,  1,  44,   113, -1,   7
734832,20111126,    37, -1,  30,   197,  1,  13
734832,20111126,   195,  1,  28,   152, -1,  14
734832,20111126,    79,  1,  35,   211, -1,  23
734832,20111126,    73, -1,  31,    75,  1,  17
734832,20111126,    76,  0,  36,   192,  0,  12
734832,20111126,   155,  1,  26,    90, -1,   6
734832,20111126,    94, -1,  20,    57,  1,  17
734832,20111126,   157,  1,  35,   144, -1,  18
734832,20111126,   196,  1,  31,     6, -1,  28
734832,20111126,    33, -1,  34,   202,  1,  14
734837,20111201,   239, -1,  30,   190,  1,  27
734838,20111202,   133,  0,  23,   153,  0,  20
734838,20111202,   158,  1,  49,   217, -1,  31
734839,20111203,   218, -1,  26,    62,  1,   0
734839,20111203,   139,  1,  56,    83, -1,   3
734839,20111203,   156,  1,  44,   155, -1,  10
734839,20111203,   162,  1,  33,   197, -1,  20
734839,20111203,   180,  1,  35,    68, -1,  28
734839,20111203,   223, -1,  24,   142,  1,  21
734839,20111203,   147,  1,  59,   129, -1,   7
734839,20111203,    37,  1,  35,    45, -1,  27
734839,20111203,    18,  1,  48,   203, -1,  24
734839,20111203,   244, -1,  22,    43,  1,  19
734839,20111203,    13,  1,  45,   210, -1,  14
734839,20111203,    20,  1,  45,   141, -1,   0
734839,20111203,    28, -1,  41,    79,  1,  20
734839,20111203,   198,  1,  56,   219, -1,   9
734839,20111203,    96,  1,  30,    90, -1,  23
734839,20111203,   107, -1,  34,     8,  1,  12
734839,20111203,   125,  1,  26,   140, -1,  25
734839,20111203,   149,  1,  28,   243, -1,  21
734839,20111203,   101, -1,  40,   209,  1,  38
734839,20111203,   191, -1,  49,    81,  1,  28
734839,20111203,   106,  0,  42,    73,  0,  10
734839,20111203,    39,  0,  38,   229,  0,  10
734839,20111203,   241,  0,  42,   117,  0,  39
734839,20111203,   177,  1,  34,   196, -1,  27
734839,20111203,   132,  1,  26,    94, -1,  14
734839,20111203,    70,  1,  55,   157, -1,  48
734839,20111203,   124,  1,  41,    33, -1,  14
734845,20111209,   124,  1,  48,   149, -1,  10
734846,20111210,   134,  1,  27,    14, -1,  21
734846,20111210,    76, -1,  16,     4,  1,  15
734846,20111210,    70,  1,  35,   107, -1,  23
734846,20111210,   132,  1,  24,   101, -1,   0
734846,20111210,   177,  1,  49,   125, -1,  13
734852,20111216,   177,  1,  31,   124, -1,  28
734853,20111217,   103,  0,  32,   180,  0,  30
734853,20111217,   153,  0,  24,   223,  0,  23
734853,20111217,   199,  0,  37,   244,  0,  15
734853,20111217,   132,  1,  35,    70, -1,   7
734856,20111220,   109,  0,  20,    65,  0,  10
734857,20111221,   198,  0,  31,   104,  0,  24
734858,20111222,    20,  0,  56,    10,  0,  24
734860,20111224,   191,  0,  24,   139,  0,  17
734862,20111226,   121,  0,  41,   145,  0,  24
734863,20111227,   137,  0,  31,   105,  0,  24
734863,20111227,   167,  0,  37,   233,  0,  32
734864,20111228,   203,  0,  21,    31,  0,  10
734864,20111228,   208,  0,  42,     1,  0,  41
734865,20111229,    18,  0,  67,   236,  0,  56
734865,20111229,    66,  0,  18,   152,  0,  14
734866,20111230,   120,  0,  23,   235,  0,  17
734866,20111230,   155,  0,  31,    89,  0,  14
734866,20111230,   172,  0,  27,    90,  0,  13
734866,20111230,    28,  0,  24,   212,  0,  21
734867,20111231,    15,  0,  43,   228,  0,  24
734867,20111231,   204,  0,  33,   150,  0,  22
734867,20111231,    85,  0,  20,   217,  0,  14
734867,20111231,   222,  0,  30,    75,  0,  27
734867,20111231,    37,  0,  31,   226,  0,  24
734869,20120102,    63,  0,  24,   154,  0,  17
734869,20120102,   117,  0,  33,    73,  0,  30
734869,20120102,    81,  0,  30,   161,  0,  14
734869,20120102,   158,  0,  45,   241,  0,  38
734869,20120102,   188,  0,  30,   138,  0,  13
734869,20120102,   156,  0,  41,   195,  0,  38
734870,20120103,   116,  0,  23,   229,  0,  20
734871,20120104,   239,  0,  70,    39,  0,  33
734873,20120106,    12,  0,  29,    96,  0,  16
734874,20120107,   186,  0,  28,   162,  0,   6
734874,20120107,   132,  0,  17,   177,  0,   6
734875,20120108,   133,  0,  38,    13,  0,  20
734876,20120109,     3,  0,  21,   106,  0,   0
