735110,20120830,   216, -1,  56,     2,  1,  14
735110,20120830,    17,  1,  37,    58, -1,  26
735110,20120830,    29,  1,  38,   184, -1,  27
735110,20120830,   222,  1,  41,   131, -1,   0
735110,20120830,   188, -1,  17,   226,  1,  13
735110,20120830,    97,  1,  41,   209, -1,  21
735110,20120830,    45,  1,  37,   111, -1,   0
735110,20120830,   112, -1,  27,   129,  1,  21
735110,20120830,   142,  1,  49,    47, -1,  19
735110,20120830,   223,  1,  34,   193, -1,   3
735110,20120830,    59, -1,  20,    83,  1,   3
735110,20120830,   118, -1,  30,   219,  1,  27
735110,20120830,    28,  1,  30,   237, -1,   6
735110,20120830,    10,  1,  63,   148, -1,   6
735110,20120830,   217, -1,  49,   169,  1,  24
735110,20120830,   202,  1,  41,    77, -1,  31
735110,20120830,   232,  1,  23,    27, -1,  15
735110,20120830,   140, -1,  38,    80,  1,  17
735110,20120830,   173, -1,  33,    74,  1,   6
735110,20120830,    56,  1,  49,   175, -1,  28
735111,20120831,    62,  1,   7,   234, -1,   3
735111,20120831,   199,  1,  41,   227, -1,  10
735111,20120831,   200,  0,  35,   137,  0,  21
735111,20120831,   117,  1,  17,    20, -1,  13
735111,20120831,   195,  1,  20,   181, -1,  17
735112,20120901,    90,  1,  38,   212, -1,  23
735112,20120901,   221, -1,  33,   187,  1,  31
735112,20120901,   119,  1,  49,    33, -1,  27
735112,20120901,   120,  1,  56,    91, -1,   9
735112,20120901,   207, -1,  20,   113,  1,  17
735112,20120901,     3,  0,  41,   116,  0,  14
735112,20120901,   190,  1,  34,    36, -1,  13
735112,20120901,   106,  1,  41,   147, -1,  14
735112,20120901,   141,  1,  66,   192, -1,  21
735112,20120901,   121,  1,  62,   183, -1,  10
735112,20120901,   138,  1,  49,   191, -1,  20
735112,20120901,   145,  1,  62,    61, -1,   0
735112,20120901,   154,  1,  56,   115, -1,  10
735112,20120901,   156,  1,  84,   182, -1,   0
735112,20120901,   158,  1,  57,    13, -1,  34
735112,20120901,   153, -1,  24,   161,  1,  14
735112,20120901,   167,  1,  48,    57, -1,   6
735112,20120901,     1,  1,  49,    84, -1,  21
735112,20120901,   206,  1,  44,   151, -1,   6
735112,20120901,   172, -1,  24,   211,  1,  12
735112,20120901,    39,  0,  26,    15,  0,  19
735112,20120901,    54,  1,  46,    65, -1,  26
735112,20120901,    60,  1,  35,     8, -1,  13
735112,20120901,    63,  1,  27,    22, -1,  14
735112,20120901,    68,  1,  37,   238, -1,  10
735112,20120901,   114, -1,  41,    21,  1,  32
735112,20120901,   139, -1,  31,    31,  1,  24
735112,20120901,    12,  1,  49,    93, -1,  24
735112,20120901,    66,  1,  69,   130, -1,   3
735112,20120901,   210, -1,  39,   214,  1,  29
735112,20120901,   241,  1,  26,   149, -1,  21
735112,20120901,     9,  1,  24,   208, -1,  17
735112,20120901,   220,  1,  49,    79, -1,  10
735112,20120901,   203,  1,  37,   244, -1,  17
735112,20120901,   150, -1,  42,   197,  1,  41
735112,20120901,   103,  1,  40,   100, -1,   0
735112,20120901,    73,  1,  45,    26, -1,  23
735112,20120901,    85,  1,  24,   233, -1,   7
735112,20120901,   205, -1,  30,    81,  1,  13
735112,20120901,   239,  1,  69,   109, -1,  34
735112,20120901,   155, -1,  24,   224,  1,   7
735112,20120901,    95,  1,  31,   174, -1,  17
735112,20120901,    96,  1,  51,   122, -1,   9
735112,20120901,    89,  0,  18,   133,  0,  17
735112,20120901,   228,  1,  43,   170, -1,  19
735112,20120901,   236,  1,  21,   180, -1,  12
735112,20120901,   152,  0,  50,   134,  0,  10
735112,20120901,   110,  1,   7,   240, -1,   6
735112,20120901,   246, -1,  31,   162,  1,  17
735112,20120901,   242,  1,  49,    16, -1,  10
735112,20120901,   235,  1,  20,   102, -1,  17
735112,20120901,    87,  1,  24,    88, -1,  17
735112,20120901,    43,  0,  22,    42,  0,  17
735112,20120901,   201,  1,  17,    64, -1,  14
735112,20120901,    94,  1,  55,   194, -1,   7
735112,20120901,   157,  1,  57,    55, -1,  23
735112,20120901,    40,  1,  29,   135, -1,  13
735112,20120901,   196,  1,  49,    34, -1,  17
735112,20120901,   101,  1,  27,   123, -1,  17
735112,20120901,   178,  1,  24,    69, -1,  21
735112,20120901,   127,  1,  30,   176, -1,  27
735112,20120901,    52,  1,  17,   230, -1,  10
735112,20120901,    86,  1,  56,    50, -1,  14
735112,20120901,   108, -1,  35,    24,  1,  10
735112,20120901,   124,  1,  35,   189, -1,  24
735112,20120901,    70,  1,  58,    92, -1,   0
735112,20120901,     6,  1,  40,    41, -1,  23
735112,20120901,    72, -1,  35,    49,  1,  14
735112,20120901,    38,  1,  49,    35, -1,  14
735112,20120901,   243, -1,  34,    71,  1,   7
735112,20120901,     7,  0,  22,    76,  0,  21
735112,20120901,    30,  1,  41,   179, -1,  14
735112,20120901,   213,  1,  44,   164, -1,  41
735112,20120901,   132,  1,  52,   171, -1,   0
735113,20120902,   105,  1,  32,    98, -1,  14
735113,20120902,    18,  1,  59,   186, -1,  24
735113,20120902,    19,  0,  38,     5,  0,  28
735114,20120903,   229,  1,  20,    75, -1,  17
735117,20120906,    37,  1,  34,   162, -1,  10
735118,20120907,   223,  1,  27,   222, -1,  20
735119,20120908,   217,  1,  36,   138, -1,  30
735119,20120908,   229,  1,  42,    16, -1,   7
735119,20120908,   235,  1,  28,   145, -1,  27
735119,20120908,   228,  1,  17,   161, -1,  16
735119,20120908,   237,  1,  24,    59, -1,  20
735119,20120908,   103, -1,  37,   210,  1,  24
735119,20120908,    90, -1,   9,    89,  1,   6
735119,20120908,    96,  1,  52,   114, -1,  13
735119,20120908,   198,  1,  56,    76, -1,   0
735119,20120908,   104, -1,  56,    81,  1,  49
735119,20120908,    75,  1,  59,   165, -1,   3
735119,20120908,   187,  1,   9,   143, -1,   3
735119,20120908,   195,  1,  50,    54, -1,  13
735119,20120908,   206, -1,  58,   205,  1,  10
735119,20120908,   169, -1,  25,    95,  1,  24
735119,20120908,    98,  1,  47,    97, -1,  14
735119,20120908,   220,  0,  42,   197,  0,  29
735119,20120908,   110, -1,  36,   199,  1,  27
735119,20120908,   203,  1,  45,   141, -1,   0
735119,20120908,    63, -1,  20,   204,  1,  17
735119,20120908,   200,  1,  51,    74, -1,  13
735119,20120908,    47, -1,  30,    42,  1,  28
735119,20120908,   132, -1,  22,    43,  1,   7
735119,20120908,    39,  1,  52,    17, -1,  27
735119,20120908,   117, -1,  41,    29,  1,   7
735119,20120908,   212,  1,  45,   211, -1,  10
735119,20120908,   137, -1,  10,    45,  1,   7
735119,20120908,    22,  1,  21,    83, -1,  13
735119,20120908,    21,  1,  34,   107, -1,   3
735119,20120908,    31,  1,  50,   193, -1,  31
735119,20120908,    28,  1,  45,   238, -1,  13
735119,20120908,    86, -1,  31,    58,  1,  14
735119,20120908,   208, -1,  34,   244,  1,  31
735119,20120908,   188,  1,  48,    60, -1,  10
735119,20120908,    10,  1,  45,    85, -1,  14
735119,20120908,     9,  1,  59,   156, -1,  38
735119,20120908,   186,  1,  52,   185, -1,   0
735119,20120908,     3,  1,  35,   242, -1,   0
735119,20120908,    26,  1,  56,   127, -1,  34
735119,20120908,    66,  1,  55,   182, -1,   0
735119,20120908,   218,  0,  34,    12,  0,  31
735119,20120908,    13,  1,  33,   113, -1,  28
735119,20120908,   159,  1,  10,   241, -1,   7
735119,20120908,   158,  1,  42,    68, -1,  25
735119,20120908,   155,  1,  69,    64, -1,  13
735119,20120908,   153,  1,  51,   142, -1,  24
735119,20120908,   154,  1,  31,   216, -1,  16
735119,20120908,   148, -1,  17,   219,  1,  14
735119,20120908,   147,  1,  34,   213, -1,   7
735119,20120908,   133,  1,  35,   207, -1,   7
735119,20120908,    87, -1,  45,   111,  1,   6
735119,20120908,   116,  1,  31,     1, -1,  25
735119,20120908,   115,  1,  30,   175, -1,  14
735119,20120908,   120,  1,  28,    15, -1,  10
735119,20120908,    73, -1,  41,   121,  1,  20
735119,20120908,   129,  1,  31,    62, -1,  17
735119,20120908,   119,  1,  28,   224, -1,  10
735119,20120908,   118,  1,  44,   140, -1,   7
735119,20120908,   105,  1,  35,   122, -1,   7
735119,20120908,   109,  1,  52,   231, -1,  24
735119,20120908,   106,  1,  41,   236, -1,   3
735119,20120908,    65,  1,  41,     2, -1,  38
735119,20120908,   172,  1,  26,    82, -1,   0
735119,20120908,   190, -1,  32,   139,  1,  31
735119,20120908,   152,  1,  20,   167, -1,  17
735119,20120908,   181,  1,  45,   215, -1,  13
735119,20120908,   233,  1,  52,    56, -1,  21
735119,20120908,   180,  1,  42,    14, -1,   7
735119,20120908,   150,  1,  23,   226, -1,  13
735119,20120908,    40, -1,  47,    69,  1,  45
735119,20120908,   100,  1,  31,   164, -1,   0
735119,20120908,   170,  1,  41,    71, -1,   8
735119,20120908,    19, -1,  27,   173,  1,  14
735119,20120908,    33, -1,  42,   130,  1,  20
735119,20120908,   174, -1,  31,   183,  1,  14
735119,20120908,   157, -1,  45,    77,  1,   7
735119,20120908,    99, -1,  17,   240,  1,  14
735119,20120908,    61,  1,  34,   136, -1,  14
735119,20120908,   101, -1,  35,    34,  1,  14
735119,20120908,     8,  1,  35,   124, -1,  27
735119,20120908,   227,  1,  28,    67, -1,  13
735119,20120908,    25, -1,  19,   108,  1,  17
735119,20120908,     6, -1,  35,   171,  1,  10
735119,20120908,    55,  1,  17,    50, -1,   7
735119,20120908,   194,  1,  39,    24, -1,  28
735119,20120908,    72,  1,  13,   234, -1,  10
735119,20120908,   123,  1,  41,   168, -1,   6
735119,20120908,    92, -1,  31,    35,  1,  10
735119,20120908,   189,  1,  31,    41, -1,  21
735119,20120908,    51,  1,  38,    52, -1,  14
735119,20120908,   246,  1,  59,   225, -1,   0
735119,20120908,    57,  1,  24,   126, -1,  17
735119,20120908,    38,  1,  23,    70, -1,  21
735119,20120908,     5,  1,  29,   128, -1,   7
735119,20120908,     4, -1,  14,    11,  1,  10
735119,20120908,   146,  1,  45,   163, -1,  37
735119,20120908,    93,  1,  27,    36, -1,  24
735119,20120908,   125, -1,  34,    53,  1,  24
735119,20120908,   144, -1,  31,   102,  1,  24
735119,20120908,   201,  0,  38,    91,  0,  12
735119,20120908,    94,  1,  42,     7, -1,   3
735124,20120913,   172, -1,  23,   190,  1,  13
735124,20120913,   207,  1,  23,   183, -1,   6
735124,20120913,   128, -1,   6,   192,  1,   0
735125,20120914,   237, -1,  35,   219,  1,  27
735126,20120915,   138,  1,  42,    13, -1,  13
735126,20120915,   121,  1,  24,    10, -1,  20
735126,20120915,   139,  1,  45,   151, -1,  34
735126,20120915,   150,  1,  22,    21, -1,  13
735126,20120915,   154,  1,  35,    31, -1,  28
735126,20120915,   156,  1,  65,   103, -1,  24
735126,20120915,   158,  1,  63,   202, -1,  14
735126,20120915,   167,  1,  54,    58, -1,  16
735126,20120915,   161,  1,  34,   134, -1,   7
735126,20120915,   162,  1,  35,   229, -1,  17
735126,20120915,   106,  1,  63,    83, -1,  14
735126,20120915,   105,  1,  39,   145, -1,  34
735126,20120915,   118,  1,  28,   233, -1,  23
735126,20120915,   203, -1,  66,   119,  1,  31
735126,20120915,   114,  1,  38,    19, -1,  10
735126,20120915,   116,  1,  63,   111, -1,  13
735126,20120915,   129, -1,  48,   113,  1,  30
735126,20120915,   153, -1,  27,   109,  1,  24
735126,20120915,    45, -1,  24,   110,  1,  21
735126,20120915,   180,  1,  49,   146, -1,  41
735126,20120915,   188,  1,  49,   214, -1,   6
735126,20120915,   204, -1,  48,   186,  1,   3
735126,20120915,   221, -1,  38,    74,  1,  14
735126,20120915,     2,  1,  66,   127, -1,   6
735126,20120915,     9,  1,  56,   173, -1,   0
735126,20120915,     3, -1,  52,    12,  1,   0
735126,20120915,    15,  1,  31,   218, -1,  28
735126,20120915,    66,  1,  52,   235, -1,   0
735126,20120915,   216,  1,  33,    65, -1,  20
735126,20120915,    30, -1,  24,   244,  1,  22
735126,20120915,    54,  1,  54,   136, -1,  17
735126,20120915,    18,  1,  48,   177, -1,  23
735126,20120915,   206,  1,  49,   141, -1,  14
735126,20120915,   212,  1,  66,   143, -1,  16
735126,20120915,   208,  1,  27,    22, -1,  15
735126,20120915,    37,  1,  23,    52, -1,   7
735126,20120915,    39,  1,  41,    69, -1,   7
735126,20120915,   120, -1,  30,   210,  1,  24
735126,20120915,   236,  1,  52,   163, -1,  13
735126,20120915,   222,  1,  24,    28, -1,  21
735126,20120915,   217,  1,  37,    81, -1,   6
735126,20120915,   226,  1,  58,   165, -1,   0
735126,20120915,   224,  1,  41,   142, -1,  28
735126,20120915,   239,  0,  42,    94,  0,  12
735126,20120915,    96,  1,  35,   147, -1,  21
735126,20120915,    90,  1,  37,   232, -1,   3
735126,20120915,    85,  1,  44,    35, -1,   0
735126,20120915,   198, -1,  20,    95,  1,   6
735126,20120915,    89,  1,  27,   149, -1,  16
735126,20120915,    79,  1,  54,   100, -1,   2
735126,20120915,    75,  1,  56,   228, -1,  20
735126,20120915,    73,  1,  56,    62, -1,  20
735126,20120915,    63, -1,  37,   200,  1,  20
735126,20120915,   195,  1,  21,   220, -1,  14
735126,20120915,   197,  1,  28,   196, -1,  17
735126,20120915,   242, -1,  32,    98,  1,  31
735126,20120915,    60, -1,  24,   191,  1,  14
735126,20120915,   133, -1,  41,    14,  1,  40
735126,20120915,    20,  1,  39,   115, -1,  12
735126,20120915,   181,  1,  40,    43, -1,  20
735126,20120915,   137,  1,  31,   187, -1,   7
735126,20120915,   104,  1,  56,   169, -1,  37
735126,20120915,   152, -1,  20,   117,  1,   3
735126,20120915,   241,  1,  16,   223, -1,  14
735126,20120915,    68,  1,  69,    42, -1,  14
735126,20120915,    17, -1,  41,    87,  1,  39
735126,20120915,   201,  1,  34,    16, -1,  14
735126,20120915,    23, -1,  24,    80,  1,  21
735126,20120915,    86,  1,  54,    56, -1,  51
735126,20120915,   112, -1,  35,   238,  1,  21
735126,20120915,   227,  1,  31,   168, -1,  10
735126,20120915,    38, -1,  52,     8,  1,  28
735126,20120915,    64,  1,  44,    77, -1,  20
735126,20120915,    44,  1,  10,   108, -1,   9
735126,20120915,   125,  1,  43,   185, -1,  35
735126,20120915,   101,  1,  17,   166, -1,  14
735126,20120915,    57, -1,  35,    40,  1,  17
735126,20120915,   140,  1,  43,    34, -1,  10
735126,20120915,    78,  1,  28,   179, -1,  13
735126,20120915,   123, -1,  38,   234,  1,  17
735126,20120915,   194, -1,  57,   126,  1,  23
735126,20120915,    41,  1,  35,   176, -1,  14
735126,20120915,   107, -1,  51,    24,  1,   7
735126,20120915,    50,  1,  20,   171, -1,  14
735126,20120915,    67,  1,  34,    46, -1,  27
735126,20120915,   245, -1,  24,    72,  1,  21
735126,20120915,   170, -1,  47,   230,  1,   6
735126,20120915,    55, -1,  45,   225,  1,  17
735126,20120915,    88,  1,  27,    53, -1,  10
735126,20120915,   174,  1,  12,   215, -1,   8
735126,20120915,   178, -1,  44,    71,  1,  23
735126,20120915,    51,  1,  19,    25, -1,   3
735126,20120915,   124,  1,  34,   102, -1,  14
735126,20120915,    82, -1,  37,   144,  1,  36
735126,20120915,   246,  1,  31,     6, -1,  24
735126,20120915,    11, -1,  24,     7,  1,   6
735126,20120915,     5, -1,  19,    76,  1,  18
735126,20120915,    47,  1,  28,   131, -1,  17
735126,20120915,    99,  1,  28,   160, -1,  21
735126,20120915,   157,  1,  70,    32, -1,  14
735126,20120915,   175,  1,  35,   184, -1,  14
735126,20120915,     4,  1,  42,   164, -1,  30
735126,20120915,   243,  1,  49,   231, -1,  20
735126,20120915,    48,  1,  35,    27, -1,   7
735126,20120915,   209,  1,  20,   240, -1,  17
735126,20120915,   130, -1,  28,   122,  1,  23
735126,20120915,    91, -1,  45,   213,  1,  35
735130,20120919,    97, -1,  23,    26,  1,   7
735131,20120920,    20,  1,   7,    28, -1,   6
735131,20120920,    11, -1,  24,     5,  1,  21
735132,20120921,    18, -1,  47,   218,  1,  42
735132,20120921,    72, -1,  21,   166,  1,  20
735133,20120922,   133,  1,  30,    95, -1,  23
735133,20120922,   210, -1,  14,   147,  1,   7
735133,20120922,   219,  1,  38,     1, -1,  35
735133,20120922,   145,  1,  27,    60, -1,   6
735133,20120922,   120,  1,  30,   187, -1,  10
735133,20120922,   134,  1,  41,   230, -1,   3
735133,20120922,   138,  1,  73,    84, -1,   7
735133,20120922,   162,  1,  55,    71, -1,  10
735133,20120922,   161,  1,  24,   199, -1,  13
735133,20120922,   158,  1,  49,     9, -1,   0
735133,20120922,    96, -1,  24,   155,  1,  19
735133,20120922,   153,  1,  44,   144, -1,  10
735133,20120922,   154,  1,  29,   214, -1,  15
735133,20120922,   150,  1,  38,   189, -1,   7
735133,20120922,   117,  1,  23,    58, -1,   7
735133,20120922,   115,  1,  27,   111, -1,  16
735133,20120922,   105, -1,  28,    65,  1,  21
735133,20120922,   241,  1,  37,   224, -1,  26
735133,20120922,    66,  1,  49,    39, -1,  37
735133,20120922,   106, -1,  12,    15,  1,  10
735133,20120922,    17,  1,  31,   190, -1,  27
735133,20120922,   172, -1,  35,    12,  1,  26
735133,20120922,   109, -1,  54,   169,  1,  51
735133,20120922,   220,  1,  27,    31, -1,   9
735133,20120922,   188,  1,  31,   121, -1,  10
735133,20120922,   181, -1,  38,   180,  1,  34
735133,20120922,    10,  1,  37,   222, -1,   7
735133,20120922,     3,  1,  40,    62, -1,   7
735133,20120922,    54,  1,  38,   113, -1,  14
735133,20120922,    63,  1,  38,    98, -1,   0
735133,20120922,   223, -1,  31,    43,  1,  19
735133,20120922,   208,  1,  38,    40, -1,  28
735133,20120922,   119, -1,  39,   211,  1,   0
735133,20120922,    29, -1,  32,    89,  1,  31
735133,20120922,   239,  1,  31,   110, -1,  21
735133,20120922,   198,  1,  27,   228, -1,   7
735133,20120922,   212,  1,  27,    68, -1,  26
735133,20120922,   159, -1,  27,   217,  1,  20
735133,20120922,   229,  1,  37,    22, -1,   0
735133,20120922,    42, -1,  35,   237,  1,  34
735133,20120922,   235,  1,  49,    14, -1,  37
735133,20120922,   233,  1,  30,    45, -1,  24
735133,20120922,   205,  1,  41,   185, -1,  37
735133,20120922,   200,  1,  47,     2, -1,  26
735133,20120922,   204,  1,  70,   173, -1,  14
735133,20120922,    73,  1,  48,   226, -1,   3
735133,20120922,   114, -1,  42,    75,  1,  36
735133,20120922,   244, -1,  40,    83,  1,  37
735133,20120922,   137,  1,  52,    38, -1,  14
735133,20120922,    13,  1,  56,     7, -1,   0
735133,20120922,   104, -1,  52,    85,  1,  24
735133,20120922,   242,  1,  42,   191, -1,  17
735133,20120922,   152,  1,  13,   116, -1,   6
735133,20120922,   141, -1,  27,   142,  1,  14
735133,20120922,   118,  1,  17,   197, -1,  10
735133,20120922,   139, -1,  69,    79,  1,  24
735133,20120922,    59, -1,  32,   238,  1,  26
735133,20120922,    48, -1,  13,    80,  1,  10
735133,20120922,   157,  1,  64,   140, -1,  61
735133,20120922,   183,  1,  25,   112, -1,  24
735133,20120922,   196,  1,  32,    41, -1,  31
735133,20120922,   193, -1,  49,   163,  1,  42
735133,20120922,     6, -1,  30,   107,  1,  20
735133,20120922,   125,  1,  41,   131, -1,  16
735133,20120922,   227, -1,  24,   160,  1,   8
735133,20120922,   170, -1,  35,    74,  1,  14
735133,20120922,    69, -1,  31,   165,  1,  21
735133,20120922,   184,  1,  41,   202, -1,  38
735133,20120922,    67, -1,  20,    44,  1,  13
735133,20120922,    78, -1,  45,    23,  1,  31
735133,20120922,    51, -1,  51,   240,  1,  21
735133,20120922,   234, -1,  31,    34,  1,  13
735133,20120922,   201, -1,  21,    19,  1,  14
735133,20120922,    57,  1,  51,    93, -1,  21
735133,20120922,    99, -1,  20,    25,  1,  14
735133,20120922,   108,  1,  34,    49, -1,  21
735133,20120922,    92, -1,  21,    50,  1,  17
735133,20120922,    55, -1,  35,    24,  1,  21
735133,20120922,    94, -1,  32,   168,  1,   7
735133,20120922,    27,  1,  35,    32, -1,  14
735133,20120922,   123,  1,  27,   176, -1,  14
735133,20120922,    53,  1,  28,   126, -1,  25
735133,20120922,   175, -1,  14,   122,  1,   6
735133,20120922,     4, -1,  42,   213,  1,  13
735133,20120922,   174, -1,  24,    88,  1,  10
735133,20120922,    46,  1,  45,   245, -1,   6
735133,20120922,   148, -1,  41,   124,  1,  31
735133,20120922,   178, -1,  25,   231,  1,  21
735133,20120922,    86, -1,  23,   232,  1,   3
735133,20120922,   132,  1,  66,   164, -1,   7
735133,20120922,    33,  1,  24,   177, -1,  20
735133,20120922,   179,  1,  51,   225, -1,  14
735133,20120922,   192, -1,  28,    91,  1,  21
735133,20120922,    70,  1,  26,    61, -1,  23
735133,20120922,     8, -1,  34,    36,  1,  17
735133,20120922,    64, -1,  24,    52,  1,  22
735133,20120922,   151,  1,  45,   128, -1,  14
735133,20120922,   246,  1,  42,   149, -1,  35
735133,20120922,   101, -1,  28,   102,  1,  26
735133,20120922,   209,  1,  46,   194, -1,  17
735133,20120922,   136, -1,  45,   182,  1,  33
735133,20120922,   207, -1,  31,    16,  1,   6
735133,20120922,    56,  1,  50,   130, -1,  49
735133,20120922,   146, -1,  35,    47,  1,  13
735133,20120922,    30,  1,  28,   215, -1,  20
735138,20120927,   236,  1,  17,   195, -1,  13
735138,20120927,   177, -1,  50,   213,  1,   6
735138,20120927,   127, -1,  21,   135,  1,  18
735139,20120928,    28,  1,  47,    79, -1,   0
735139,20120928,    78,  1,  52,    80, -1,   3
735140,20120929,    54, -1,  34,   235,  1,  27
735140,20120929,   158,  0,  51,   237,  0,  26
735140,20120929,   208, -1,  37,   233,  1,  17
735140,20120929,   104, -1,  44,   228,  1,  38
735140,20120929,    81,  0,  35,   169,  0,  14
735140,20120929,   239,  1,  70,    18, -1,  63
735140,20120929,   161, -1,  35,    85,  1,   7
735140,20120929,    89,  1,  31,   118, -1,  13
735140,20120929,   206, -1,  24,    90,  1,  13
735140,20120929,   210, -1,  31,   187,  1,  10
735140,20120929,   129, -1,  49,    75,  1,  28
735140,20120929,    73,  1,  51,   200, -1,  44
735140,20120929,   204,  1,  58,    12, -1,  10
735140,20120929,   139, -1,  34,   205,  1,  21
735140,20120929,   105, -1,  21,   191,  1,  17
735140,20120929,   103,  1,  48,    65, -1,  20
735140,20120929,   188, -1,  38,    98,  1,  17
735140,20120929,    97,  1,  45,    17, -1,  43
735140,20120929,   154, -1,  17,   117,  1,  16
735140,20120929,   114,  1,  44,   137, -1,  37
735140,20120929,   153, -1,  37,   111,  1,  34
735140,20120929,    66, -1,  30,   190,  1,  17
735140,20120929,   147, -1,  20,    62,  1,  14
735140,20120929,   106,  1,  38,   209, -1,  22
735140,20120929,   145,  1,  66,    83, -1,   0
735140,20120929,   150,  1,  44,    87, -1,  29
735140,20120929,   133,  1,  55,    29, -1,  24
735140,20120929,   181, -1,  12,   134,  1,   0
735140,20120929,    20, -1,  32,   141,  1,  29
735140,20120929,   203, -1,  41,   156,  1,  36
735140,20120929,   167,  1,  51,   109, -1,  41
735140,20120929,   242, -1,  26,    13,  1,  13
735140,20120929,   212, -1,  49,   214,  1,  42
735140,20120929,   121, -1,  21,   216,  1,  16
735140,20120929,     3,  1,  33,   119, -1,  14
735140,20120929,   115, -1,  56,     2,  1,  49
735140,20120929,   159, -1,  38,     9,  1,  35
735140,20120929,   198, -1,  24,   186,  1,  16
735140,20120929,   218, -1,  63,   211,  1,  10
735140,20120929,     1,  1,  42,    43, -1,  21
735140,20120929,    45,  1,  24,    26, -1,  17
735140,20120929,   217, -1,  42,    42,  1,  14
735140,20120929,    37,  0,  27,   229,  0,  24
735140,20120929,    60,  1,  28,   224, -1,  18
735140,20120929,    68,  1,  52,   180, -1,  40
735140,20120929,    39, -1,  45,    21,  1,  31
735140,20120929,    22,  1,  48,   168, -1,   8
735140,20120929,    10, -1,  27,    31,  1,  17
735140,20120929,   196, -1,  23,    14,  1,   3
735140,20120929,   138,  1,  30,   241, -1,  27
735140,20120929,   221, -1,  35,   142,  1,  14
735140,20120929,   223,  1,  35,   219, -1,  13
735140,20120929,   192,  0,  21,    64,  0,  14
735140,20120929,   183, -1,  31,   100,  1,  21
735140,20120929,   227, -1,  35,   107,  1,  14
735140,20120929,    19, -1,  38,    77,  1,  26
735140,20120929,   101,  1,  34,    67, -1,  31
735140,20120929,   157, -1,  45,   170,  1,  37
735140,20120929,   173,  1,  14,   144, -1,   0
735140,20120929,   132, -1,  33,   149,  1,  21
735140,20120929,   130,  1,  70,   202, -1,  35
735140,20120929,   140,  1,  34,    51, -1,  14
735140,20120929,   243, -1,  49,    61,  1,  24
735140,20120929,   240,  1,  35,    74, -1,   3
735140,20120929,    41, -1,  47,   245,  1,  24
735140,20120929,   165, -1,  28,    49,  1,  13
735140,20120929,   166, -1,  33,    44,  1,   6
735140,20120929,     8,  1,  55,    40, -1,  14
735140,20120929,    92,  1,  26,   108, -1,  14
735140,20120929,     6,  1,  55,   123, -1,  24
735140,20120929,   215,  1,  37,   238, -1,  13
735140,20120929,    57, -1,  28,   207,  1,  16
735140,20120929,    55,  1,  24,   194, -1,  21
735140,20120929,   176,  1,  34,    34, -1,  21
735140,20120929,    27,  1,  21,    50, -1,  11
735140,20120929,   234,  1,  31,    24, -1,  21
735140,20120929,    53, -1,  35,    32,  1,   7
735140,20120929,    82,  1,  56,   182, -1,   9
735140,20120929,    69,  1,  45,   231, -1,  24
735140,20120929,   160, -1,  28,    48,  1,  21
735140,20120929,    23, -1,  37,    72,  1,  10
735140,20120929,    56,  1,  65,    16, -1,  15
735140,20120929,     5, -1,  54,     7,  1,  14
735140,20120929,    86, -1,  34,   189,  1,  31
735140,20120929,   125, -1,  24,   193,  1,  17
735140,20120929,    47, -1,  54,    84,  1,  31
735140,20120929,    93,  1,  31,   184, -1,  16
735140,20120929,    91,  1,  34,   164, -1,  13
735140,20120929,    70,  1,  35,   178, -1,  16
735140,20120929,    36, -1,  28,    38,  1,  10
735140,20120929,    46, -1,  15,    25,  1,  10
735140,20120929,   171,  1,  31,    99, -1,  28
735140,20120929,    59,  1,  32,   124, -1,  26
735140,20120929,     4,  1,  38,    76, -1,  17
735140,20120929,    30, -1,  35,   146,  1,  17
735140,20120929,    88, -1,  24,   175,  1,   3
735140,20120929,   174,  1,  17,   122, -1,   7
735140,20120929,   185,  1,  42,    33, -1,  37
735140,20120929,   201,  1,  40,    11, -1,  13
735140,20120929,   148,  1,  24,   163, -1,  10
735140,20120929,   112,  1,  30,   151, -1,  22
735145,20121004,   220, -1,  38,   222,  1,  28
735145,20121004,    13, -1,  34,    65,  1,  20
735145,20121004,   216,  1,  40,    60, -1,  20
735146,20121005,    28,  1,   6,   223, -1,   3
735146,20121005,   197,  1,  14,   162, -1,  13
735146,20121005,    30, -1,  45,   238,  1,  23
735147,20121006,    20, -1,  40,   191,  1,  14
735147,20121006,   199,  1,  37,   190, -1,  28
735147,20121006,   239, -1,  48,   203,  1,  45
735147,20121006,    96,  1,  56,    95, -1,  16
735147,20121006,   120, -1,  27,    98,  1,  14
735147,20121006,   103,  1,  41,   211, -1,  13
735147,20121006,   195,  1,  54,     9, -1,  48
735147,20121006,   117, -1,  31,    87,  1,  27
735147,20121006,    90, -1,  37,   198,  1,  23
735147,20121006,   186, -1,  17,   224,  1,   0
735147,20121006,    81,  1,  44,   147, -1,  21
735147,20121006,    31,  1,  43,   217, -1,  17
735147,20121006,    54,  1,  42,   228, -1,  17
735147,20121006,    63,  1,  14,   106, -1,   6
735147,20121006,    97, -1,  41,    58,  1,  14
735147,20121006,    68, -1,  28,    43,  1,   7
735147,20121006,    39,  1,  47,    75, -1,  31
735147,20121006,    37,  1,  52,   115, -1,  14
735147,20121006,   155, -1,  41,   206,  1,  20
735147,20121006,   208,  1,  50,    29, -1,  35
735147,20121006,    12, -1,  24,    15,  1,   7
735147,20121006,   133, -1,  35,    17,  1,  23
735147,20121006,   241,  1,  31,    85, -1,  14
735147,20121006,   214,  1,  52,   183, -1,   3
735147,20121006,    22, -1,  24,     2,  1,  10
735147,20121006,   188,  1,  35,    73, -1,   7
735147,20121006,   172,  1,  19,    45, -1,   3
735147,20121006,   104,  1,  58,   219, -1,  31
735147,20121006,   212, -1,  45,   109,  1,  38
735147,20121006,   113,  1,  14,   169, -1,  10
735147,20121006,   110,  1,  19,   235, -1,  14
735147,20121006,   218, -1,  31,   129,  1,  17
735147,20121006,   204, -1,  30,   119,  1,  27
735147,20121006,   226, -1,  19,   121,  1,  15
735147,20121006,   145,  1,  48,   229, -1,  34
735147,20121006,   137,  1,  17,    66, -1,  16
735147,20121006,   141,  1,  35,   205, -1,  14
735147,20121006,   139,  1,  35,   244, -1,  28
735147,20121006,   161,  1,  39,   150, -1,  28
735147,20121006,   159,  1,  19,   237, -1,   6
735147,20121006,   158,  1,  52,   236, -1,  21
735147,20121006,   153,  1,  38,    26, -1,  31
735147,20121006,   134, -1,  28,     1,  1,  21
735147,20121006,    14,  1,  34,    21, -1,  31
735147,20121006,   233,  1,  52,   111, -1,  14
735147,20121006,    83,  1,  26,   142, -1,  18
735147,20121006,   116, -1,  44,   167,  1,  13
735147,20121006,   152,  0,  41,   114,  0,   3
735147,20121006,   154,  1,  63,   138, -1,  38
735147,20121006,   180,  1,  52,    79, -1,  14
735147,20121006,    80,  1,  13,    25, -1,   6
735147,20121006,   201,  1,  23,    57, -1,  20
735147,20121006,    93, -1,  37,   202,  1,  28
735147,20121006,    94,  1,  13,   209, -1,  10
735147,20121006,   175, -1,  17,    86,  1,   0
735147,20121006,   196,  1,  49,    35, -1,   7
735147,20121006,   101,  1,  35,    44, -1,  14
735147,20121006,    47, -1,  27,   193,  1,  22
735147,20121006,   163,  1,  77,    84, -1,  10
735147,20121006,   240, -1,  34,   160,  1,  28
735147,20121006,   177,  0,  51,   185,  0,  43
735147,20121006,   140, -1,  44,    74,  1,  21
735147,20121006,    59,  1,  55,   146, -1,  17
735147,20121006,    19,  1,  28,   135, -1,  12
735147,20121006,    48, -1,  34,   245,  1,  14
735147,20121006,   243,  1,  20,    69, -1,  17
735147,20121006,   194,  1,  10,   171, -1,   3
735147,20121006,   207,  1,  51,    56, -1,  37
735147,20121006,   170, -1,  28,   227,  1,  17
735147,20121006,     8,  1,  35,    61, -1,  23
735147,20121006,     6, -1,  31,    24,  1,  14
735147,20121006,    67,  1,  38,    72, -1,  31
735147,20121006,    50, -1,  38,    49,  1,   3
735147,20121006,    23, -1,  17,   168,  1,   7
735147,20121006,    52, -1,  20,   144,  1,  17
735147,20121006,   234, -1,  12,   176,  1,   3
735147,20121006,    92, -1,  38,   126,  1,  17
735147,20121006,    82,  1,  17,    64, -1,  10
735147,20121006,    78,  1,  45,    46, -1,  13
735147,20121006,   230,  1,  17,   165, -1,   7
735147,20121006,   132,  1,  48,   246, -1,   7
735147,20121006,    27, -1,  56,   225,  1,  17
735147,20121006,     5,  1,  45,   213, -1,   0
735147,20121006,    53,  1,  38,   179, -1,  10
735147,20121006,   136,  0,  40,   173,  0,  10
735147,20121006,   178,  1,  38,    38, -1,   7
735147,20121006,     7,  1,  20,   192, -1,  17
735147,20121006,   232, -1,  24,   189,  1,  17
735147,20121006,     4, -1,  35,   128,  1,   0
735147,20121006,    88,  1,  31,   122, -1,  17
735147,20121006,    70, -1,  45,   231,  1,  13
735147,20121006,   102,  1,  42,    71, -1,  35
735147,20121006,   107, -1,  26,    51,  1,   3
735147,20121006,   124, -1,  40,   131,  1,  17
735147,20121006,   166, -1,  35,    99,  1,  14
735147,20121006,    33,  1,  34,   143, -1,  14
735147,20121006,    11,  1,  34,    91, -1,  24
735147,20121006,   151,  1,  30,   100, -1,  23
735147,20121006,   164,  0,  31,    76,  0,  14
735147,20121006,   127, -1,  45,   182,  1,   6
735147,20121006,   125, -1,  48,   215,  1,  41
735147,20121006,   130, -1,  52,    16,  1,  14
735152,20121011,    10, -1,  51,    42,  1,  17
735152,20121011,   242, -1,  31,   210,  1,  26
735152,20121011,   212,  1,  33,   224, -1,  11
735153,20121012,   134, -1,  31,    29,  1,  13
735154,20121013,   204,  0,  59,   104,  0,  57
735154,20121013,    37,  1,  49,    67, -1,  17
735154,20121013,   199, -1,  17,    45,  1,  14
735154,20121013,   206,  1,  49,   239, -1,  14
735154,20121013,   211,  1,  27,   186, -1,  26
735154,20121013,   208, -1,  52,    58,  1,  47
735154,20121013,    60,  1,  41,   113, -1,   7
735154,20121013,   159, -1,  42,    28,  1,  24
735154,20121013,    22,  1,  37,   115, -1,  12
735154,20121013,   198, -1,  49,    18,  1,  21
735154,20121013,   180,  1,  38,    43, -1,  14
735154,20121013,   172,  1,  23,   197, -1,  15
735154,20121013,   169,  1,  34,   221, -1,  14
735154,20121013,    17,  1,  30,   233, -1,  24
735154,20121013,    13,  1,  36,   187, -1,  29
735154,20121013,    12,  1,  49,    98, -1,   7
735154,20121013,    66,  1,  51,    21, -1,   7
735154,20121013,     1, -1,  28,   244,  1,  27
735154,20121013,   216,  1,  38,   191, -1,  31
735154,20121013,   153,  1,  34,     2, -1,  28
735154,20121013,   155,  0,  63,   203,  0,  21
735154,20121013,   105, -1,  45,   162,  1,  35
735154,20121013,   241, -1,  38,   167,  1,  14
735154,20121013,   139, -1,  42,   219,  1,  37
735154,20121013,     3, -1,  42,   121,  1,  10
735154,20121013,   133,  1,  45,    26, -1,   3
735154,20121013,   218,  1,  35,    62, -1,  14
735154,20121013,   120,  1,  41,   200, -1,  31
735154,20121013,   119,  1,  41,    15, -1,  20
735154,20121013,    89, -1,  19,   117,  1,  16
735154,20121013,   150, -1,  21,   118,  1,  13
735154,20121013,   145, -1,  18,   114,  1,  14
735154,20121013,   116,  1,  45,    85, -1,   0
735154,20121013,   106,  1,  23,   188, -1,  21
735154,20121013,   129, -1,  34,    65,  1,  30
735154,20121013,    31, -1,  31,   237,  1,  17
735154,20121013,   220, -1,  24,   236,  1,  14
735154,20121013,    63, -1,  31,   226,  1,  17
735154,20121013,   217,  1,  21,   222, -1,  14
735154,20121013,   110, -1,  27,   228,  1,  20
735154,20121013,   229,  1,  41,    54, -1,  20
735154,20121013,    81,  1,  39,   214, -1,  17
735154,20121013,    96, -1,  27,    90,  1,  21
735154,20121013,   156, -1,  20,    95,  1,  14
735154,20121013,   205,  1,  38,    83, -1,   7
735154,20121013,   141, -1,  35,    79,  1,  23
735154,20121013,    97, -1,  31,    14,  1,  17
735154,20121013,    20,  1,  20,    68, -1,  10
735154,20121013,   152,  1,  20,   195, -1,  13
735154,20121013,   223, -1,  49,   181,  1,  27
735154,20121013,   154, -1,  52,    87,  1,  49
735154,20121013,   136, -1,  24,   127,  1,  20
735154,20121013,    27, -1,  17,   108,  1,  14
735154,20121013,    41,  1,  51,    80, -1,  35
735154,20121013,    57,  1,  45,    16, -1,  14
735154,20121013,    34,  1,  38,    55, -1,  31
735154,20121013,    64,  1,  44,   182, -1,   3
735154,20121013,   166,  1,  19,    23, -1,   0
735154,20121013,   160,  1,  24,    44, -1,  20
735154,20121013,   140,  1,  44,   170, -1,  40
735154,20121013,   177, -1,  41,   143,  1,   0
735154,20121013,   207, -1,  66,   130,  1,  59
735154,20121013,   183,  1,  27,   151, -1,  22
735154,20121013,   196, -1,  27,    40,  1,  21
735154,20121013,    77,  1,  28,   144, -1,  14
735154,20121013,   193, -1,  30,   124,  1,  20
735154,20121013,    94,  1,  27,   240, -1,  26
735154,20121013,   192,  1,  34,   213, -1,   7
735154,20121013,    36, -1,  31,    69,  1,  10
735154,20121013,   227, -1,  38,   157,  1,  14
735154,20121013,    99, -1,  20,   245,  1,  10
735154,20121013,    46,  1,  41,   123, -1,  38
735154,20121013,    92, -1,  34,    49,  1,  24
735154,20121013,    50,  1,  41,   126, -1,  27
735154,20121013,   101, -1,  17,    72,  1,  14
735154,20121013,    24,  1,  38,   171, -1,  35
735154,20121013,     6,  1,  36,   194, -1,  13
735154,20121013,    74, -1,  41,   168,  1,   7
735154,20121013,    78,  1,  35,    25, -1,   7
735154,20121013,    52,  1,  31,   173, -1,  17
735154,20121013,   135,  1,  38,    82, -1,  10
735154,20121013,    35,  1,  32,   230, -1,  14
735154,20121013,   102, -1,  56,   165,  1,   7
735154,20121013,   176, -1,  27,    48,  1,  10
735154,20121013,    38,  1,  45,   231, -1,  31
735154,20121013,    91, -1,  37,     5,  1,  34
735154,20121013,     7, -1,  21,     4,  1,  20
735154,20121013,    53, -1,  35,   225,  1,  21
735154,20121013,    86,  1,  35,   246, -1,  28
735154,20121013,   122,  1,  27,   189, -1,  24
735154,20121013,    56,  1,  31,    93, -1,  28
735154,20121013,     8, -1,  28,   178,  1,  25
735154,20121013,   128,  1,  45,    76, -1,  21
735154,20121013,   175,  1,  34,   149, -1,  31
735154,20121013,    59, -1,  27,   125,  1,  24
735154,20121013,    88, -1,  17,   132,  1,  14
735154,20121013,   148, -1,  45,   146,  1,  38
735154,20121013,   179,  1,  44,    32, -1,   0
735154,20121013,   215, -1,  52,    84,  1,  45
735154,20121013,    70,  1,  17,   243, -1,   9
735154,20121013,   209,  1,  24,   107, -1,  19
735154,20121013,   201, -1,  40,   184,  1,  28
735154,20121013,   174,  1,  31,   232, -1,  10
735154,20121013,    33, -1,  27,   112,  1,  26
735154,20121013,    47,  1,  19,   238, -1,  14
735154,20121013,    30,  1,  56,   131, -1,  28
735157,20121016,   147,  1,  30,   103, -1,  23
735159,20121018,   158, -1,  43,    10,  1,  21
735159,20121018,   186,  1,  72,    81, -1,  42
735159,20121018,   136,  1,  37,    77, -1,  20
735160,20121019,   197,  1,  40,    45, -1,  10
735161,20121020,     3, -1,  44,   200,  1,  13
735161,20121020,   172, -1,  35,   199,  1,  10
735161,20121020,   203,  1,  56,    18, -1,  50
735161,20121020,   106, -1,  24,   204,  1,  19
735161,20121020,   109, -1,  59,   191,  1,  24
735161,20121020,    73, -1,  29,    98,  1,  24
735161,20121020,    97,  1,  41,   233, -1,  24
735161,20121020,   187,  1,  37,    62, -1,  34
735161,20121020,    75,  1,  37,    21, -1,  17
735161,20121020,   206, -1,  56,   198,  1,  53
735161,20121020,   224,  1,  24,   211, -1,  20
735161,20121020,    96, -1,  55,   239,  1,  14
735161,20121020,   226,  1,  17,    15, -1,  13
735161,20121020,   235, -1,  16,   228,  1,  10
735161,20121020,   210,  1,  38,    65, -1,  37
735161,20121020,     9,  1,  52,   236, -1,  17
735161,20121020,   133, -1,  37,     2,  1,   7
735161,20121020,   220,  1,  50,    42, -1,   6
735161,20121020,    60, -1,  42,   214,  1,  35
735161,20121020,   162, -1,  20,    26,  1,   6
735161,20121020,    68,  1,  42,   244, -1,  14
735161,20121020,   195, -1,  21,    31,  1,   3
735161,20121020,    54,  1,  33,   145, -1,  30
735161,20121020,   241,  1,  38,   118, -1,  13
735161,20121020,    58,  1,  48,    14, -1,  38
735161,20121020,    63,  1,  44,   188, -1,  11
735161,20121020,   212,  1,  28,   169, -1,  24
735161,20121020,   208,  1,  29,    37, -1,  23
735161,20121020,     1,  1,  28,   141, -1,  23
735161,20121020,    17, -1,  41,    29,  1,  30
735161,20121020,    39,  1,  38,   229, -1,  17
735161,20121020,   138, -1,  29,   150,  1,  28
735161,20121020,   134,  1,  31,    87, -1,  30
735161,20121020,   154,  1,  29,   167, -1,  22
735161,20121020,   155,  1,  52,    95, -1,   7
735161,20121020,   156,  1,  31,    90, -1,  10
735161,20121020,   159,  1,  21,   222, -1,   7
735161,20121020,   105,  1,  27,   190, -1,  25
735161,20121020,   116,  1,  12,   117, -1,  10
735161,20121020,   137, -1,  20,   110,  1,  18
735161,20121020,   216, -1,  35,   113,  1,  17
735161,20121020,    66, -1,  33,   114,  1,  20
735161,20121020,    22, -1,  24,   111,  1,   0
735161,20121020,   120,  1,  45,   129, -1,   3
735161,20121020,   223,  1,  41,   142, -1,   7
735161,20121020,   152,  1,  17,    28, -1,  14
735161,20121020,    20,  1,  32,   219, -1,   7
735161,20121020,   218, -1,  43,   242,  1,  42
735161,20121020,   181, -1,  52,   221,  1,  24
735161,20121020,   104,  1,  70,    83, -1,  28
735161,20121020,   161, -1,  38,    89,  1,  14
735161,20121020,   180, -1,  39,   139,  1,  38
735161,20121020,    57, -1,  42,   202,  1,  28
735161,20121020,    11, -1,  50,   192,  1,  21
735161,20121020,   140, -1,  28,   107,  1,  21
735161,20121020,   101,  1,  42,    25, -1,  19
735161,20121020,   196,  1,  41,    71, -1,  10
735161,20121020,   177,  1,  45,   112, -1,  10
735161,20121020,   170,  1,  35,    94, -1,  29
735161,20121020,   227, -1,  49,    74,  1,  24
735161,20121020,   149,  1,  27,   174, -1,   6
735161,20121020,   166,  1,  39,    78, -1,  34
735161,20121020,   243, -1,  38,     8,  1,  28
735161,20121020,    23,  1,  21,    46, -1,  14
735161,20121020,    41,  1,  57,    72, -1,  36
735161,20121020,    48, -1,  21,    44,  1,  16
735161,20121020,    61,  1,  42,   231, -1,  31
735161,20121020,   245,  1,  27,   160, -1,  13
735161,20121020,    59,  1,  31,    47, -1,  28
735161,20121020,   173, -1,  27,    64,  1,  20
735161,20121020,    19,  1,  48,   144, -1,   3
735161,20121020,   171,  1,  37,    34, -1,  31
735161,20121020,    55,  1,  35,   176, -1,   3
735161,20121020,   234, -1,  31,   194,  1,  24
735161,20121020,    50,  1,  45,   225, -1,   0
735161,20121020,   179, -1,  24,    92,  1,   7
735161,20121020,    99,  1,  30,    80, -1,  13
735161,20121020,    24, -1,  27,   123,  1,  24
735161,20121020,    82,  1,  21,   127, -1,  20
735161,20121020,    52,  1,  24,   135, -1,   0
735161,20121020,    40, -1,  34,   230,  1,   7
735161,20121020,    70, -1,  38,    69,  1,  17
735161,20121020,    35,  1,  31,   165, -1,  21
735161,20121020,   207, -1,  27,   184,  1,  17
735161,20121020,    53,  1,  34,   108, -1,  27
735161,20121020,   122, -1,  24,    86,  1,  17
735161,20121020,   185,  1,  44,   143, -1,  10
735161,20121020,   238, -1,  24,   193,  1,  22
735161,20121020,   164,  1,  52,     7, -1,  37
735161,20121020,   146,  1,  40,   124, -1,  34
735161,20121020,    51,  1,  47,   168, -1,  24
735161,20121020,   131,  1,  52,    84, -1,  14
735161,20121020,   175, -1,  38,   246,  1,  21
735161,20121020,    93,  1,  31,   201, -1,  28
735161,20121020,    91,  1,  14,   128, -1,   7
735161,20121020,    36,  1,  20,   178, -1,  13
735161,20121020,    49, -1,  28,    32,  1,  21
735161,20121020,    27,  1,  39,   126, -1,  35
735161,20121020,    33,  1,  24,   100, -1,  14
735161,20121020,   132,  0,  54,   189,  0,   0
735161,20121020,   157, -1,  31,   209,  1,  20
735161,20121020,    88, -1,  23,   232,  1,   7
735161,20121020,   148,  1,  21,   215, -1,   7
735161,20121020,    30,  1,  37,   163, -1,  25
735164,20121023,    13, -1,  50,   103,  1,  27
735166,20121025,    39, -1,  42,   235,  1,  13
735166,20121025,    52, -1,  28,   127,  1,  23
735167,20121026,     1,  1,  48,   139, -1,  31
735167,20121026,   105,  1,  34,    37, -1,  31
735168,20121027,   211,  1,  55,   214, -1,  45
735168,20121027,    29,  1,  35,     2, -1,  14
735168,20121027,    43,  1,  42,    79, -1,  27
735168,20121027,   134, -1,  56,    60,  1,  28
735168,20121027,    21,  1,  20,   110, -1,  17
735168,20121027,    22,  1,  24,    58, -1,   3
735168,20121027,    66,  1,  48,    54, -1,   7
735168,20121027,   117, -1,  16,   241,  1,  13
735168,20121027,   208, -1,  25,    26,  1,  20
735168,20121027,   119,  0,  30,    12,  0,  27
735168,20121027,   204, -1,  63,    15,  1,  21
735168,20121027,   188,  1,  38,   200, -1,  35
735168,20121027,   180,  1,  24,   219, -1,  13
735168,20121027,     3,  1,  38,   120, -1,   7
735168,20121027,   186,  1,  44,   113, -1,  13
735168,20121027,     9,  1,  39,   220, -1,  36
735168,20121027,   217, -1,  45,    10,  1,  43
735168,20121027,    68, -1,  49,   141,  1,  32
735168,20121027,   218,  1,  38,   187, -1,  24
735168,20121027,   145,  1,  43,   137, -1,  35
735168,20121027,   150,  1,  28,    89, -1,  17
735168,20121027,   156,  1,  36,   198, -1,  14
735168,20121027,   152, -1,  30,   155,  1,  13
735168,20121027,   158,  1,  70,    42, -1,  14
735168,20121027,   169,  1,  44,   191, -1,  17
735168,20121027,   162,  1,  47,   199, -1,  17
735168,20121027,   242, -1,  14,    65,  1,   6
735168,20121027,    62,  1,  34,   210, -1,  27
735168,20121027,   121,  1,  33,    98, -1,  10
735168,20121027,   118,  1,  44,   167, -1,  28
735168,20121027,   129,  1,  38,   147, -1,  21
735168,20121027,   216, -1,  54,   109,  1,  17
735168,20121027,   115,  1,  23,   153, -1,  20
735168,20121027,   226,  1,  49,   111, -1,   7
735168,20121027,   222,  1,  49,    31, -1,  27
735168,20121027,   236,  1,  20,   159, -1,  17
735168,20121027,   133, -1,  48,   233,  1,  34
735168,20121027,   203, -1,  21,    95,  1,  17
735168,20121027,    90,  1,  35,    18, -1,  21
735168,20121027,    81,  1,  45,   224, -1,  35
735168,20121027,    87, -1,  31,    85,  1,  17
735168,20121027,   195,  1,  24,   237, -1,  17
735168,20121027,    96,  1,  55,   206, -1,  24
735168,20121027,    28, -1,  41,    75,  1,  17
735168,20121027,    73,  0,  17,    63,  0,   9
735168,20121027,    17, -1,  30,    14,  1,  22
735168,20121027,   223, -1,  48,   221,  1,  17
735168,20121027,    97, -1,  35,   172,  1,  23
735168,20121027,    20, -1,  45,   244,  1,  14
735168,20121027,   181,  1,  31,   205, -1,  20
735168,20121027,   154, -1,  35,   161,  1,  23
735168,20121027,   104, -1,  28,   142,  1,  14
735168,20121027,   138,  1,  23,   116, -1,   9
735168,20121027,   201,  1,  22,   202, -1,  21
735168,20121027,    94,  1,  28,    74, -1,  21
735168,20121027,    67, -1,  36,    80,  1,  32
735168,20121027,   157,  1,  31,    51, -1,  26
735168,20121027,   177, -1,  56,   100,  1,   7
735168,20121027,    86, -1,  33,   149,  1,  21
735168,20121027,   160,  1,  20,    23, -1,  17
735168,20121027,   173,  1,  41,    82, -1,  23
735168,20121027,   234,  1,  23,   171, -1,  13
735168,20121027,    33, -1,  34,   183,  1,  14
735168,20121027,    77,  1,  21,   182, -1,  13
735168,20121027,   125,  1,  55,   146, -1,  10
735168,20121027,   209, -1,  49,   227,  1,  35
735168,20121027,   163, -1,  49,   215,  1,  21
735168,20121027,   196, -1,  56,   165,  1,  17
735168,20121027,    69, -1,  31,    61,  1,  17
735168,20121027,   107, -1,  24,   240,  1,  10
735168,20121027,   243,  1,  24,    38, -1,  21
735168,20121027,    19,  1,  42,   136, -1,  17
735168,20121027,    56, -1,  24,    57,  1,   7
735168,20121027,    44,  1,  26,   245, -1,  22
735168,20121027,    41, -1,  47,    25,  1,  33
735168,20121027,    27, -1,  31,    49,  1,  20
735168,20121027,    34,  1,  32,   194, -1,  30
735168,20121027,   123, -1,  28,    55,  1,  27
735168,20121027,   140, -1,  40,   168,  1,  20
735168,20121027,    46,  1,  37,   166, -1,  35
735168,20121027,   126,  1,  70,    32, -1,  28
735168,20121027,     6, -1,  23,   176,  1,  20
735168,20121027,   135,  1,  30,   144, -1,   9
735168,20121027,    71,  1,  38,   230, -1,   7
735168,20121027,   108, -1,  44,   225,  1,   7
735168,20121027,   122,  1,  42,   232, -1,   3
735168,20121027,    88,  1,  45,   189, -1,  14
735168,20121027,    40,  1,  36,   102, -1,  12
735168,20121027,   193,  1,  30,    59, -1,  27
735168,20121027,   174,  1,  41,   246, -1,  28
735168,20121027,     5,  0,  31,     4,  0,  13
735168,20121027,    11,  1,  10,   128, -1,   0
735168,20121027,   124,  1,  70,    84, -1,  24
735168,20121027,     8, -1,  38,   231,  1,  27
735168,20121027,   148, -1,  12,   131,  1,  10
735168,20121027,   132,  1,  23,   175, -1,  17
735168,20121027,    93,  1,  38,   130, -1,  35
735168,20121027,    78, -1,  31,    48,  1,  14
735168,20121027,   184, -1,  48,    16,  1,  27
735168,20121027,   164,  0,  49,   192,  0,  29
735168,20121027,    72, -1,  20,    99,  1,  17
735168,20121027,    70, -1,  39,    36,  1,  31
735168,20121027,   213,  1,  23,    76, -1,  20
735168,20121027,   151,  1,  27,   143, -1,  26
735168,20121027,   112,  1,  35,   185, -1,  24
735168,20121027,   179,  1,  41,    50, -1,   9
735168,20121027,    47,  1,  35,    30, -1,  29
735168,20121027,   197, -1,  37,   190,  1,  36
735173,20121101,   114,  1,  30,   229, -1,  12
735173,20121101,   153,  1,  45,    58, -1,  14
735173,20121101,   129, -1,  34,   242,  1,  29
735174,20121102,   236, -1,  21,    31,  1,  13
735175,20121103,    18,  1,  41,    95, -1,  14
735175,20121103,   244,  1,  45,    43, -1,  31
735175,20121103,    39, -1,  56,    54,  1,  20
735175,20121103,    60,  1,  48,    81, -1,  28
735175,20121103,    68,  1,  45,    79, -1,  10
735175,20121103,    63,  1,  14,   121, -1,   7
735175,20121103,   195, -1,  48,    42,  1,   0
735175,20121103,   233, -1,  42,    29,  1,  31
735175,20121103,    37,  1,  35,   197, -1,  24
735175,20121103,   169, -1,  49,   211,  1,  47
735175,20121103,   203, -1,  31,   206,  1,  22
735175,20121103,   158, -1,  62,   220,  1,  51
735175,20121103,    12,  1,  19,   212, -1,  15
735175,20121103,    15,  1,  42,   142, -1,   7
735175,20121103,    26,  1,  27,   115, -1,  24
735175,20121103,   216,  1,  42,   186, -1,  17
735175,20121103,   154,  1,  52,    85, -1,  22
735175,20121103,   161, -1,  34,   167,  1,   9
735175,20121103,   159,  1,  36,    10, -1,  26
735175,20121103,   219,  1,  35,   141, -1,   7
735175,20121103,   228, -1,  33,   137,  1,   6
735175,20121103,    13, -1,  37,   147,  1,  19
735175,20121103,   103, -1,  40,   218,  1,  24
735175,20121103,   133,  1,  63,   111, -1,   0
735175,20121103,    75, -1,  33,   110,  1,  13
735175,20121103,   109,  1,  38,   113, -1,  28
735175,20121103,   116, -1,  35,   118,  1,  13
735175,20121103,   138, -1,  28,   117,  1,  24
735175,20121103,   204, -1,  38,   120,  1,  13
735175,20121103,   105,  1,  45,   199, -1,  17
735175,20121103,     3, -1,  21,   106,  1,  17
735175,20121103,   190,  1,  13,    45, -1,   6
735175,20121103,   235,  1,  28,    21, -1,  14
735175,20121103,   222,  1,  49,   237, -1,   6
735175,20121103,   217,  1,  66,     9, -1,  10
735175,20121103,   198, -1,  39,   239,  1,  38
735175,20121103,   155, -1,  35,    90,  1,  20
735175,20121103,    96,  1,  44,   156, -1,  30
735175,20121103,    87,  1,  24,    89, -1,  21
735175,20121103,    65, -1,  28,   187,  1,  20
735175,20121103,    73,  1,  37,   119, -1,  10
735175,20121103,   226, -1,  40,    98,  1,   0
735175,20121103,    97,  1,  35,     2, -1,  24
735175,20121103,   214, -1,  27,   191,  1,  19
735175,20121103,   200,  1,  55,   210, -1,  48
735175,20121103,    14,  1,  41,     1, -1,  21
735175,20121103,   223,  1,  38,   205, -1,   7
735175,20121103,   134,  1,  24,    62, -1,  17
735175,20121103,   152,  1,  29,   162, -1,  26
735175,20121103,   104,  1,  51,   221, -1,  27
735175,20121103,   181, -1,  42,    83,  1,  13
735175,20121103,   180, -1,  21,    20,  1,  19
735175,20121103,   131, -1,  32,   163,  1,  28
735175,20121103,    27,  1,  19,    92, -1,  16
735175,20121103,   130,  1,  49,   201, -1,  28
735175,20121103,    94, -1,  31,   107,  1,   7
735175,20121103,   196,  1,  45,   230, -1,   7
735175,20121103,   160, -1,  28,   166,  1,  21
735175,20121103,   140,  1,  28,   240, -1,  25
735175,20121103,   112, -1,  42,   143,  1,  10
735175,20121103,   157, -1,  53,    74,  1,  27
735175,20121103,   177,  1,  70,   183, -1,   0
735175,20121103,   170,  1,  39,   168, -1,   0
735175,20121103,   171,  1,  17,    55, -1,  13
735175,20121103,   207,  1,  49,    93, -1,  47
735175,20121103,   234, -1,  30,     6,  1,   0
735175,20121103,    19, -1,  24,   127,  1,  13
735175,20121103,    23,  1,  20,   245, -1,   0
735175,20121103,    59,  1,  34,    30, -1,  17
735175,20121103,   101, -1,  36,    80,  1,  35
735175,20121103,    56, -1,  31,   202,  1,  24
735175,20121103,   225, -1,  41,    32,  1,  21
735175,20121103,    48, -1,  44,    46,  1,  28
735175,20121103,    41,  1,  65,    99, -1,  41
735175,20121103,    25,  1,  27,    67, -1,  24
735175,20121103,    24,  1,  34,   176, -1,  14
735175,20121103,    50,  1,  28,    53, -1,  13
735175,20121103,   126,  1,  49,    49, -1,  14
735175,20121103,    78,  1,  69,    44, -1,   0
735175,20121103,    82,  1,  20,    77, -1,  10
735175,20121103,   135,  1,  16,    64, -1,   3
735175,20121103,    40, -1,  55,    71,  1,  33
735175,20121103,    38,  1,  38,    61, -1,  24
735175,20121103,   246,  1,  13,   189, -1,  10
735175,20121103,   136,  1,  23,    52, -1,  20
735175,20121103,    57, -1,  31,   184,  1,   7
735175,20121103,     5, -1,  35,   164,  1,  21
735175,20121103,   144,  1,  33,   182, -1,  21
735175,20121103,   146,  1,  33,   193, -1,  29
735175,20121103,   128,  1,  33,     7, -1,   9
735175,20121103,   149, -1,  40,   232,  1,   0
735175,20121103,   132, -1,  21,   122,  1,  17
735175,20121103,     8, -1,  31,    70,  1,  28
735175,20121103,    86, -1,  17,    88,  1,  10
735175,20121103,    11, -1,  49,   213,  1,   3
735175,20121103,    91, -1,  53,    76,  1,  17
735175,20121103,   174, -1,  16,   175,  1,  12
735175,20121103,   178,  1,  24,   243, -1,  17
735175,20121103,   102,  1,  26,    35, -1,  12
735175,20121103,   209, -1,  34,    51,  1,  27
735175,20121103,   124, -1,  24,   238,  1,  21
735175,20121103,    36, -1,  45,   231,  1,  24
735175,20121103,   148, -1,  50,    84,  1,  10
735175,20121103,   185,  1,  40,   100, -1,  26
735175,20121103,   125, -1,  20,    47,  1,  17
735175,20121103,    33,  1,  35,   151, -1,  14
735175,20121103,     4,  1,  24,   192, -1,  23
735178,20121106,    17, -1,  34,   208,  1,  27
735179,20121107,    22, -1,  26,   153,  1,  14
735180,20121108,    13,  1,  45,   218, -1,  23
735180,20121108,    66, -1,  28,   229,  1,  22
735181,20121109,    45,  1,  24,   162, -1,  17
735182,20121110,   206,  1,  41,    95, -1,  34
735182,20121110,    39,  1,  45,   110, -1,  10
735182,20121110,    43,  1,  33,   219, -1,  11
735182,20121110,    29, -1,  34,    58,  1,  31
735182,20121110,    63,  1,  27,   103, -1,  20
735182,20121110,   152, -1,  21,    21,  1,   6
735182,20121110,   158, -1,  59,    31,  1,  17
735182,20121110,    28,  1,  52,    83, -1,  13
735182,20121110,    73, -1,  38,    15,  1,   0
735182,20121110,   214,  1,  38,   109, -1,  31
735182,20121110,    26,  1,  29,   233, -1,  24
735182,20121110,     9,  1,  56,    42, -1,  31
735182,20121110,   186,  1,  34,   191, -1,   6
735182,20121110,   111, -1,  22,     2,  1,  14
735182,20121110,   204, -1,  29,     3,  1,  24
735182,20121110,   220,  1,  38,    10, -1,  17
735182,20121110,   188,  1,  38,    12, -1,  20
735182,20121110,   172,  1,  28,    14, -1,   7
735182,20121110,   155,  1,  42,    18, -1,  34
735182,20121110,   156,  1,  55,   239, -1,  34
735182,20121110,   138,  1,  32,   161, -1,  23
735182,20121110,   244, -1,  28,   141,  1,  23
735182,20121110,   137,  1,  37,   235, -1,   6
735182,20121110,   147,  1,  24,   187, -1,  14
735182,20121110,    75, -1,  68,   145,  1,  50
735182,20121110,   106,  1,  37,   120, -1,  17
735182,20121110,   226, -1,  27,   119,  1,  26
735182,20121110,   113,  1,  37,   211, -1,  23
735182,20121110,    97, -1,  48,   115,  1,  32
735182,20121110,   116,  1,  38,   150, -1,  31
735182,20121110,   228,  1,  41,   114, -1,  40
735182,20121110,   236,  1,  34,   222, -1,  15
735182,20121110,   217, -1,  44,   237,  1,  36
735182,20121110,   210,  1,  41,   134, -1,  31
735182,20121110,   118, -1,  17,    85,  1,   3
735182,20121110,   212, -1,  41,    81,  1,   7
735182,20121110,    96, -1,  23,   198,  1,  10
735182,20121110,   216, -1,  31,   224,  1,  24
735182,20121110,   241, -1,  62,    87,  1,  14
735182,20121110,   167, -1,  27,    89,  1,  24
735182,20121110,    37, -1,  34,   199,  1,  10
735182,20121110,   197,  1,  45,   105, -1,  26
735182,20121110,   203,  1,  33,    90, -1,   7
735182,20121110,   121, -1,  51,   200,  1,  48
735182,20121110,   195,  1,  27,   159, -1,  23
735182,20121110,   104, -1,  62,   205,  1,  55
735182,20121110,   221,  1,  31,   112, -1,  24
735182,20121110,   181, -1,  47,   142,  1,   7
735182,20121110,   180,  1,  28,     1, -1,   9
735182,20121110,    62, -1,  37,   242,  1,  28
735182,20121110,    20, -1,  49,    79,  1,  14
735182,20121110,    68, -1,  52,   139,  1,  36
735182,20121110,   183,  1,  42,   185, -1,  27
735182,20121110,   234,  1,  31,    80, -1,  30
735182,20121110,   107,  1,  51,    74, -1,   7
735182,20121110,   170,  1,  23,    51, -1,  17
735182,20121110,   160,  1,  30,    78, -1,  21
735182,20121110,    50, -1,  21,   108,  1,  17
735182,20121110,   227,  1,  35,    94, -1,  20
735182,20121110,     8,  1,  33,    69, -1,  28
735182,20121110,    40, -1,  65,   165,  1,   7
735182,20121110,    44,  1,  34,    46, -1,  17
735182,20121110,    59,  1,  31,   215, -1,  28
735182,20121110,    57,  1,  55,   130, -1,  24
735182,20121110,    64,  1,  22,   136, -1,  21
735182,20121110,    24, -1,  28,    34,  1,  25
735182,20121110,   243,  1,  16,    36, -1,  13
735182,20121110,   166, -1,  29,   245,  1,   7
735182,20121110,   157,  1,  41,   240, -1,  31
735182,20121110,   100,  1,  34,   143, -1,  24
735182,20121110,   131, -1,  42,   238,  1,  34
735182,20121110,   202,  1,  45,   207, -1,  44
735182,20121110,     6, -1,  38,    55,  1,  31
735182,20121110,   171, -1,  21,   176,  1,  17
735182,20121110,   194, -1,  45,   123,  1,  31
735182,20121110,    41, -1,  35,   101,  1,  24
735182,20121110,   144,  1,  30,   127, -1,   0
735182,20121110,   149, -1,  24,   189,  1,  21
735182,20121110,    72,  1,  10,    25, -1,   3
735182,20121110,    67,  1,  36,    99, -1,  27
735182,20121110,    92,  1,  40,    32, -1,  14
735182,20121110,   178, -1,  26,    61,  1,  15
735182,20121110,    52,  1,  35,    77, -1,  27
735182,20121110,    23, -1,  28,    48,  1,  24
735182,20121110,    35,  1,  28,    71, -1,  10
735182,20121110,   135,  1,  17,   173, -1,   7
735182,20121110,    38, -1,  27,   230,  1,  24
735182,20121110,   246, -1,  31,   232,  1,   7
735182,20121110,    70,  1,  69,    82, -1,  26
735182,20121110,   128,  1,  22,   164, -1,  20
735182,20121110,    49, -1,  28,   225,  1,  27
735182,20121110,    53,  1,  45,    27, -1,  20
735182,20121110,    56,  1,  39,   184, -1,  20
735182,20121110,     7,  1,  34,   213, -1,  24
735182,20121110,    11, -1,  24,    76,  1,  17
735182,20121110,   125,  1,  65,   163, -1,  30
735182,20121110,   209,  1,  41,   168, -1,  10
735182,20121110,   102,  1,  28,   196, -1,  14
735182,20121110,    93,  1,  38,    16, -1,  23
735182,20121110,   132,  1,  20,   174, -1,  17
735182,20121110,     5, -1,  31,   192,  1,  30
735182,20121110,    91,  1,  35,     4, -1,  21
735182,20121110,    19, -1,  49,   182,  1,   7
735182,20121110,   177, -1,  52,   151,  1,  17
735182,20121110,   193, -1,  35,   148,  1,  29
735182,20121110,   179,  1,  41,   126, -1,  28
735182,20121110,    30,  1,  70,    84, -1,  14
735186,20121114,    17,  1,  52,   153, -1,  27
735186,20121114,   133,  1,  31,   208, -1,  24
735187,20121115,   145, -1,  37,   228,  1,  13
735187,20121115,   183, -1,  35,   143,  1,  16
735188,20121116,    65, -1,  34,    62,  1,  24
735188,20121116,     1,  1,  21,    79, -1,   7
735189,20121117,    60, -1,  28,   211,  1,  23
735189,20121117,   212,  1,  23,   216, -1,  21
735189,20121117,   236, -1,  38,    42,  1,   3
735189,20121117,    39,  1,  62,   137, -1,  48
735189,20121117,   172, -1,  10,    37,  1,   3
735189,20121117,    29,  1,  30,   115, -1,  16
735189,20121117,    18,  1,  52,    96, -1,  24
735189,20121117,    97, -1,  31,    22,  1,  24
735189,20121117,   229, -1,  30,    21,  1,  23
735189,20121117,    63,  1,  23,    93, -1,   0
735189,20121117,   154, -1,  21,   241,  1,  14
735189,20121117,   113, -1,  46,   214,  1,   9
735189,20121117,   169,  1,  36,   186, -1,  14
735189,20121117,   188,  1,  24,   243, -1,   7
735189,20121117,    10,  1,  46,   237, -1,   7
735189,20121117,     3,  1,  49,   231, -1,   0
735189,20121117,   106,  1,  41,   119, -1,  35
735189,20121117,   223, -1,  48,   104,  1,  41
735189,20121117,   109,  1,  44,    81, -1,  41
735189,20121117,   116,  1,  42,    89, -1,  17
735189,20121117,   114,  1,  40,   190, -1,   9
735189,20121117,    26, -1,  29,   111,  1,  19
735189,20121117,    66, -1,  41,   110,  1,  14
735189,20121117,   120,  1,  45,    12, -1,  14
735189,20121117,   197, -1,  31,   121,  1,  27
735189,20121117,   150, -1,  23,   117,  1,  20
735189,20121117,   218,  1,  42,   147, -1,  16
735189,20121117,   139, -1,  31,   141,  1,  24
735189,20121117,   244, -1,  28,   219,  1,  23
735189,20121117,   138,  1,  38,   118, -1,  14
735189,20121117,   134,  1,  21,   205, -1,  10
735189,20121117,   195, -1,  17,   158,  1,  14
735189,20121117,   159,  1,  62,    31, -1,  14
735189,20121117,   161,  1,  45,    87, -1,  22
735189,20121117,   156,  1,  59,   206, -1,  21
735189,20121117,   217,  1,  38,   220, -1,  28
735189,20121117,   226,  1,  41,   200, -1,  18
735189,20121117,     9, -1,  34,   222,  1,  24
735189,20121117,    58, -1,  29,   233,  1,  23
735189,20121117,    13, -1,  41,   210,  1,  34
735189,20121117,    90, -1,  51,    95,  1,  23
735189,20121117,   155, -1,  50,   239,  1,  49
735189,20121117,   167, -1,  20,    85,  1,  17
735189,20121117,    75,  1,  42,    54, -1,  24
735189,20121117,   129, -1,  20,   187,  1,  12
735189,20121117,   103,  1,  31,   242, -1,  27
735189,20121117,   224, -1,  34,   191,  1,  33
735189,20121117,    98,  1,  34,   178, -1,   3
735189,20121117,    73,  1,  45,    70, -1,  14
735189,20121117,   204,  1,  47,   177, -1,  28
735189,20121117,   199, -1,  63,    14,  1,  32
735189,20121117,    15,  1,  51,     4, -1,   7
735189,20121117,    20,  1,  42,    43, -1,  14
735189,20121117,   152,  1,  38,   235, -1,   0
735189,20121117,   181,  1,  20,    28, -1,  14
735189,20121117,   221, -1,  34,    83,  1,  27
735189,20121117,   209, -1,  64,   140,  1,  35
735189,20121117,   130,  1,  42,   184, -1,  35
735189,20121117,    48, -1,  35,   166,  1,  21
735189,20121117,   173,  1,  27,   182, -1,  13
735189,20121117,    59, -1,  41,   163,  1,  34
735189,20121117,   234,  1,  23,    55, -1,  17
735189,20121117,    40,  1,  41,    35, -1,  20
735189,20121117,    33,  1,  48,    56, -1,  30
735189,20121117,   170, -1,  21,   240,  1,  14
735189,20121117,    19,  0,  21,    64,  0,  16
735189,20121117,     6,  1,  63,    34, -1,  34
735189,20121117,   215,  1,  34,    47, -1,  27
735189,20121117,    77, -1,  27,   127,  1,  17
735189,20121117,   207,  1,  35,   201, -1,  26
735189,20121117,    38, -1,  42,    69,  1,  20
735189,20121117,   157, -1,  38,    94,  1,  28
735189,20121117,   128, -1,  34,   213,  1,   3
735189,20121117,    78,  1,  34,   245, -1,  24
735189,20121117,   194,  1,  44,   176, -1,  24
735189,20121117,   123, -1,  26,   171,  1,  21
735189,20121117,    53, -1,  32,    92,  1,  29
735189,20121117,   107, -1,  55,   168,  1,   6
735189,20121117,   160, -1,  35,    46,  1,  28
735189,20121117,   179, -1,  17,    49,  1,  10
735189,20121117,    25,  1,  24,    24, -1,  21
735189,20121117,    80, -1,  24,    72,  1,   0
735189,20121117,    41, -1,  41,    67,  1,  39
735189,20121117,   126,  1,  76,   225, -1,  24
735189,20121117,   101, -1,  38,    99,  1,  21
735189,20121117,   108, -1,  28,    32,  1,   7
735189,20121117,    82,  1,  41,    52, -1,  34
735189,20121117,   102, -1,  33,   230,  1,  14
735189,20121117,    23,  1,  22,    44, -1,   6
735189,20121117,    71,  1,  21,   165, -1,  15
735189,20121117,   246,  1,  27,    88, -1,   6
735189,20121117,    16,  1,  38,   202, -1,  31
735189,20121117,   135, -1,  22,   136,  1,  16
735189,20121117,   132, -1,  38,    86,  1,  20
735189,20121117,    91, -1,  37,     7,  1,  11
735189,20121117,    36,  1,  24,    61, -1,  17
735189,20121117,   131,  1,  28,   146, -1,  27
735189,20121117,   175,  1,  35,   232, -1,   0
735189,20121117,   174,  1,  31,   189, -1,   8
735189,20121117,    11,  1,  42,   164, -1,  41
735189,20121117,   125, -1,  16,   124,  1,   7
735189,20121117,   227, -1,  41,    51,  1,  10
735189,20121117,   149,  1,  38,   122, -1,  13
735189,20121117,   238, -1,  40,    84,  1,  14
735189,20121117,   185,  1,  34,   151, -1,  17
735189,20121117,    30, -1,  42,   148,  1,  34
735189,20121117,   112,  1,  35,   100, -1,   0
735192,20121120,   208,  1,  35,     2, -1,  23
735194,20121122,   198, -1,  20,   203,  1,  13
735195,20121123,    37,  1,  27,   190, -1,  10
735195,20121123,   222, -1,  42,    42,  1,  35
735195,20121123,   133, -1,  49,    58,  1,   7
735195,20121123,    22,  0,  21,    26,  0,   7
735195,20121123,    10, -1,  41,     9,  1,  34
735195,20121123,   106, -1,  20,    12,  1,  13
735195,20121123,    29, -1,  42,   111,  1,  21
735195,20121123,    17, -1,  31,   115,  1,  24
735195,20121123,   138, -1,  13,    89,  1,   7
735195,20121123,   237,  1,  31,   236, -1,  28
735195,20121123,   197, -1,  38,   199,  1,  20
735195,20121123,    97,  1,  28,   153, -1,   6
735195,20121123,   239, -1,  31,    90,  1,  24
735195,20121123,    60,  1,  65,   109, -1,  59
735196,20121124,   103,  1,  52,   187, -1,  30
735196,20121124,   200,  1,  37,    98, -1,  17
735196,20121124,    73,  1,  42,    75, -1,  10
735196,20121124,   204,  1,  59,   121, -1,  29
735196,20121124,    79,  1,  48,   219, -1,  10
735196,20121124,   226, -1,  55,   235,  1,  21
735196,20121124,   229,  1,  17,   228, -1,  14
735196,20121124,    81,  1,  40,   211, -1,  17
735196,20121124,   169, -1,  33,   224,  1,  24
735196,20121124,   113,  1,  42,   191, -1,  24
735196,20121124,   129,  1,  24,   210, -1,  21
735196,20121124,   117, -1,  26,   118,  1,  10
735196,20121124,   119,  1,  41,   120, -1,  24
735196,20121124,    45, -1,  23,   105,  1,  20
735196,20121124,   218, -1,  23,    65,  1,  17
735196,20121124,   154,  1,  26,   116, -1,  21
735196,20121124,   155,  1,  51,   156, -1,  48
735196,20121124,   162,  1,  27,   172, -1,   6
735196,20121124,   167,  1,  56,    87, -1,  35
735196,20121124,   158, -1,  48,   159,  1,  24
735196,20121124,   161,  1,  24,   241, -1,  21
735196,20121124,   150,  1,  50,    85, -1,  14
735196,20121124,   137,  1,  27,    21, -1,  10
735196,20121124,   145,  1,  45,   110, -1,  38
735196,20121124,    63, -1,  37,    66,  1,  26
735196,20121124,   216,  1,  49,   214, -1,  24
735196,20121124,     3,  1,  49,    15, -1,   0
735196,20121124,   186,  1,  35,   212, -1,  27
735196,20121124,   152, -1,  22,   220,  1,  13
735196,20121124,   114, -1,  52,    54,  1,  45
735196,20121124,   180, -1,  42,   244,  1,  28
735196,20121124,    43,  1,  24,   141, -1,  20
735196,20121124,   188, -1,  27,    39,  1,  17
735196,20121124,   195, -1,  35,   217,  1,  17
735196,20121124,    18,  0,  52,   206,  0,  45
735196,20121124,   242,  1,  25,   147, -1,  24
735196,20121124,   221,  1,  38,   205, -1,  31
735196,20121124,   223,  1,  45,    83, -1,   9
735196,20121124,    68,  1,  48,     1, -1,  15
735196,20121124,    28, -1,  50,   142,  1,  14
735196,20121124,   181,  1,  52,   104, -1,  43
735196,20121124,   192,  0,  38,    76,  0,  33
735196,20121124,   234,  1,  31,    41, -1,  20
735196,20121124,   196,  1,  20,   227, -1,  10
735196,20121124,    40, -1,  24,    19,  1,  14
735196,20121124,   174,  1,  58,    56, -1,  10
735201,20121129,   105, -1,  20,   172,  1,  17
735202,20121130,   133,  0,  44,    97,  0,  37
735202,20121130,   195,  1,  27,   217, -1,  24
735203,20121201,   162, -1,  27,   190,  1,   3
735203,20121201,   103, -1,  35,    62,  1,  21
735203,20121201,    20, -1,  27,   139,  1,  21
735203,20121201,    13,  1,  45,   129, -1,   0
735203,20121201,    18,  1,  41,   156, -1,  34
735203,20121201,    37, -1,  34,    45,  1,  17
735203,20121201,   239,  1,  59,    95, -1,  10
735203,20121201,   155, -1,  24,   198,  1,  17
735203,20121201,    96,  1,  42,   203, -1,  24
735203,20121201,    79,  1,  23,   187, -1,   7
735203,20121201,   205,  1,  66,   142, -1,  28
735203,20121201,   159,  1,  77,   143, -1,   3
735203,20121201,   179, -1,  34,   108,  1,  10
735203,20121201,   243,  1,  23,   140, -1,   7
735203,20121201,    70,  1,  24,    33, -1,  16
735203,20121201,   177,  1,  18,    30, -1,  16
735203,20121201,    86, -1,  38,     8,  1,  37
735203,20121201,    59,  1,  29,   234, -1,  19
735203,20121201,     3,  0,  32,    73,  0,  28
735203,20121201,    66,  0,  21,    75,  0,  15
735203,20121201,   125,  1,  16,   196, -1,  10
735203,20121201,   132,  1,  28,   174, -1,   3
735203,20121201,   157,  1,  63,    40, -1,  35
735203,20121201,   212,  1,  33,   216, -1,  27
735203,20121201,   241,  0,  70,   138,  0,  31
735209,20121207,   177, -1,  34,   125,  1,  16
735210,20121208,   134,  0,  17,    14,  0,  13
735210,20121208,    11,  0,  24,    91,  0,  21
735210,20121208,    59,  1,  51,    86, -1,  35
735210,20121208,   132,  1,  14,   243, -1,   7
735210,20121208,    70, -1,  49,   157,  1,  35
735216,20121214,   132,  1,  23,    70, -1,  20
735217,20121215,     9,  0,  49,   139,  0,  48
735217,20121215,   223,  0,  41,   208,  0,  15
735217,20121215,   177, -1,  45,    59,  1,  42
735222,20121220,    28, -1,  23,   180,  1,   6
735223,20121221,   216,  0,  38,    17,  0,  17
735224,20121222,    20,  0,  28,   236,  0,  26
735224,20121222,   103,  0,  43,    60,  0,  34
735226,20121224,   186,  0,  43,    68,  0,  10
735228,20121226,    29,  0,  24,   242,  0,  21
735229,20121227,   181,  0,  29,    22,  0,  20
735229,20121227,    37,  0,  48,    54,  0,  34
735229,20121227,    18,  0,  49,   217,  0,  26
735230,20121228,   153,  0,  45,   218,  0,  14
735230,20121228,   206,  0,  34,   118,  0,  31
735230,20121228,   229,  0,  13,   172,  0,  10
735231,20121229,    10,  0,  62,   134,  0,  28
735231,20121229,   169,  0,  33,     1,  0,  14
735231,20121229,   197,  0,  38,   239,  0,  14
735231,20121229,   117,  0,  17,   198,  0,  16
735231,20121229,   203,  0,  31,   159,  0,  27
735233,20121231,    39,  0,  25,   106,  0,  24
735233,20121231,    75,  0,  21,   220,  0,   7
735233,20121231,   212,  0,  31,    90,  0,  17
735233,20121231,   226,  1,  38,   137, -1,  24
735234,20130101,    66,  0,  31,   133,  0,  10
735234,20130101,    73,  0,  45,   138,  0,  31
735234,20130101,   150,  0,  34,   120,  0,  20
735234,20130101,   156,  0,  58,   167,  0,  14
735234,20130101,   188,  0,  33,   116,  0,  28
735234,20130101,   195,  0,  20,   241,  0,  14
735235,20130102,   105,  0,  33,    63,  0,  23
735236,20130103,   158,  0,  35,    96,  0,  17
735237,20130104,   204,  0,  41,   155,  0,  13
735238,20130105,   119,  0,  38,   162,  0,  17
735238,20130105,   132,  0,  39,   177,  0,  13
735239,20130106,    13,  0,  17,    97,  0,  13
735240,20130107,     3,  0,  42,   152,  0,  14
