735474,20130829,   134,  1,  45,   237, -1,  24
735474,20130829,   123,  1,  51,   225, -1,  23
735474,20130829,   186,  1,  24,    49, -1,   0
735474,20130829,    18,  1,  51,    89, -1,  28
735474,20130829,   222,  1,  38,     3, -1,   7
735474,20130829,    70,  1,  52,   177, -1,  51
735474,20130829,   215, -1,  33,    47,  1,  18
735474,20130829,   228,  1,  30,   229, -1,  26
735474,20130829,   241,  1,  31,   170, -1,   7
735474,20130829,    91,  1,  73,    92, -1,  35
735474,20130829,   226, -1,  30,    81,  1,  13
735474,20130829,   198, -1,  22,   192,  1,  21
735474,20130829,   101,  1,  17,   106, -1,  10
735474,20130829,   193,  1,  27,   150, -1,  10
735474,20130829,   124, -1,  39,   232,  1,  35
735474,20130829,   217,  1,  34,    95, -1,   7
735474,20130829,    23,  1,  34,   218, -1,   7
735474,20130829,   188,  1,  45,   189, -1,   7
735474,20130829,   130,  1,  42,   128, -1,  24
735474,20130829,   151,  1,  69,   231, -1,  10
735474,20130829,    59,  1,  38,   176, -1,   6
735474,20130829,   156, -1,  23,   127,  1,  17
735474,20130829,   213, -1,  31,    38,  1,  21
735474,20130829,   238,  1,  42,    79, -1,   9
735474,20130829,    69,  1,  51,   173, -1,  26
735474,20130829,   252,  1,  28,    52, -1,  10
735474,20130829,    53,  1,  51,    96, -1,  35
735474,20130829,    34,  1,  58,    90, -1,   7
735475,20130830,   183, -1,  31,    76,  1,  21
735475,20130830,    83,  1,  62,   197, -1,  13
735475,20130830,    10,  1,  35,   153, -1,   0
735475,20130830,   122,  1,  26,   239, -1,  13
735475,20130830,   119,  1,  34,    64, -1,   6
735475,20130830,    15,  1,  28,   132, -1,  12
735475,20130830,   212, -1,  41,   191,  1,  23
735475,20130830,   137, -1,  24,   100,  1,  21
735476,20130831,   211, -1,  22,   196,  1,  15
735476,20130831,   206,  1,  45,    17, -1,   0
735476,20130831,    77,  1,  70,    63, -1,   0
735476,20130831,   209,  1,  56,   147, -1,   7
735476,20130831,   210,  1,  52,   174, -1,  31
735476,20130831,   245,  1,  24,   246, -1,  17
735476,20130831,    88,  1,  42,   180, -1,  34
735476,20130831,   138, -1,  30,    93,  1,  27
735476,20130831,   154, -1,  28,    94,  1,  20
735476,20130831,   223,  1,  58,   144, -1,  20
735476,20130831,   234,  1,  19,    29, -1,  16
735476,20130831,   242,  1,  38,    21, -1,   6
735476,20130831,   248,  0,  35,   102,  0,  26
735476,20130831,    58, -1,  40,   185,  1,  19
735476,20130831,    14,  1,  62,    12, -1,  11
735476,20130831,    13,  1,  34,   107, -1,  14
735476,20130831,   216,  1,  34,   220, -1,  31
735476,20130831,    16,  1,  31,   243, -1,  24
735476,20130831,     2,  1,  38,    43, -1,  13
735476,20130831,   155, -1,  44,    32,  1,  30
735476,20130831,    39,  1,  42,   172, -1,   7
735476,20130831,    65,  1,  24,   214, -1,   6
735476,20130831,    60,  1,  34,    85, -1,  24
735476,20130831,    19,  1,  69,   249, -1,   3
735476,20130831,    22,  1,  24,   233, -1,  14
735476,20130831,   247,  1,  45,   115, -1,   0
735476,20130831,    56,  1,  45,   141, -1,   0
735476,20130831,    62,  1,  52,   162, -1,  38
735476,20130831,   121,  1,  59,    30, -1,   9
735476,20130831,   126,  1,  58,   135, -1,  14
735476,20130831,   116, -1,  53,   195,  1,  21
735476,20130831,   113,  1,  52,   120, -1,  14
735476,20130831,   114,  1,  43,    67, -1,  10
735476,20130831,   143,  1,  37,   250, -1,  34
735476,20130831,   227, -1,  21,   146,  1,  13
735476,20130831,   142,  1,  40,   108, -1,  14
735476,20130831,   152,  1,  40,    86, -1,   6
735476,20130831,   157,  1,  28,   205, -1,   6
735476,20130831,   159,  1,  40,    27, -1,  20
735476,20130831,   160,  1,  34,   224, -1,   0
735476,20130831,   161,  0,  21,   125,  0,   3
735476,20130831,   163,  1,  66,   148, -1,   3
735476,20130831,    61, -1,  49,   164,  1,  46
735476,20130831,   166,  0,  23,   203,  0,  17
735476,20130831,     4,  0,  35,   235,  0,  10
735476,20130831,    41,  1,  38,    75, -1,  35
735476,20130831,   110,  0,  37,   204,  0,  27
735476,20130831,    98,  1,  38,    35, -1,  14
735476,20130831,    72,  1,  77,   187, -1,   9
735476,20130831,   244,  1,  50,   190, -1,  40
735476,20130831,   194,  1,  10,   221, -1,   7
735476,20130831,    97, -1,  24,     6,  1,  22
735476,20130831,    25,  1,  17,    82, -1,  16
735476,20130831,   181, -1,  37,   112,  1,  21
735476,20130831,   240,  1,  28,    74, -1,  21
735476,20130831,   129,  1,  30,     9, -1,   6
735476,20130831,    42, -1,  27,   178,  1,  20
735476,20130831,   175,  1,  34,   236, -1,   0
735476,20130831,    37,  1,  52,    33, -1,   7
735476,20130831,    57,  1,  35,     7, -1,  24
735476,20130831,    73,  1,  28,    71, -1,  21
735476,20130831,   111, -1,  23,   149,  1,   6
735476,20130831,    36, -1,  32,    40,  1,  29
735476,20130831,     5, -1,  23,    78,  1,   9
735476,20130831,    31,  1,  38,   184, -1,  16
735476,20130831,   182,  1,  74,    84, -1,   0
735476,20130831,   179,  1,  55,    28, -1,  14
735476,20130831,   169, -1,  37,   219,  1,  13
735477,20130901,   109,  1,  49,   158, -1,   7
735477,20130901,    44,  0,  41,    45,  0,  27
735477,20130901,    20, -1,  12,   207,  1,   9
735477,20130901,    66,  0,  27,   133,  0,  10
735478,20130902,    68, -1,  41,   167,  1,  13
735481,20130905,    62,  1,  31,    64, -1,  13
735481,20130905,    11,  1,  55,    49, -1,   0
735482,20130906,    22,  1,  24,   241, -1,  10
735482,20130906,   222, -1,  38,    67,  1,   0
735483,20130907,    19,  1,  70,    27, -1,  13
735483,20130907,    70,  1,  41,    31, -1,  25
735483,20130907,   250,  1,  42,    86, -1,  10
735483,20130907,   247,  1,  48,   208, -1,   0
735483,20130907,    44,  1,  38,    34, -1,  24
735483,20130907,   229, -1,  52,     2,  1,  20
735483,20130907,   212,  1,  61,   190, -1,  13
735483,20130907,    41,  1,  52,   178, -1,  13
735483,20130907,    30,  1,  24,   145, -1,  21
735483,20130907,    32,  1,  37,   168, -1,  30
735483,20130907,    29,  1,  40,   209, -1,  21
735483,20130907,    13,  0,  31,   183,  0,  21
735483,20130907,    16,  1,  38,    14, -1,   9
735483,20130907,    18,  1,  40,    15, -1,  14
735483,20130907,    21,  1,  63,   213, -1,  14
735483,20130907,     3,  1,  35,    98, -1,  33
735483,20130907,    38, -1,  42,    76,  1,  14
735483,20130907,   191,  1,  31,   130, -1,  30
735483,20130907,   243, -1,  10,   226,  1,   7
735483,20130907,   177,  1,  38,   149, -1,   0
735483,20130907,   172,  1,  20,    92, -1,  14
735483,20130907,   166,  1,  45,    60, -1,   7
735483,20130907,   164,  1,  33,    81, -1,  14
735483,20130907,   160,  1,  16,   245, -1,   7
735483,20130907,   158,  1,  27,   152, -1,  21
735483,20130907,   159,  1,  42,   185, -1,   7
735483,20130907,   155,  1,  48,   203, -1,  27
735483,20130907,   142,  1,  23,   175, -1,  21
735483,20130907,   150,  1,  40,   134, -1,  20
735483,20130907,   123, -1,  44,   147,  1,  21
735483,20130907,    10, -1,  58,   225,  1,  13
735483,20130907,   144,  1,  36,   221, -1,   7
735483,20130907,   143,  1,  56,   196, -1,  13
735483,20130907,   114,  1,  47,   162, -1,  10
735483,20130907,   111, -1,  24,   115,  1,  14
735483,20130907,   113,  1,  55,    73, -1,   0
735483,20130907,   109,  1,  44,    59, -1,   7
735483,20130907,   110,  1,  56,   220, -1,  17
735483,20130907,   108,  1,  27,   104, -1,  14
735483,20130907,   126,  1,  38,   214, -1,  23
735483,20130907,   125,  1,  51,     8, -1,   7
735483,20130907,   124,  1,  31,   189, -1,  13
735483,20130907,   121,  1,  41,   157, -1,  30
735483,20130907,   122,  1,  21,   195, -1,   6
735483,20130907,   119,  1,  21,    65, -1,  16
735483,20130907,    56, -1,  28,   117,  1,  14
735483,20130907,   146, -1,  42,   230,  1,  35
735483,20130907,   204,  1,  38,   188, -1,  17
735483,20130907,   148, -1,  27,   239,  1,  23
735483,20130907,   216,  1,  66,   187, -1,   3
735483,20130907,   139, -1,  41,    91,  1,  35
735483,20130907,    93,  1,  28,   127, -1,  14
735483,20130907,    88,  1,  45,    39, -1,  17
735483,20130907,   232,  1,  38,    17, -1,   3
735483,20130907,   163, -1,  59,   234,  1,  10
735483,20130907,   235,  1,  45,   237, -1,   3
735483,20130907,   192, -1,  41,   217,  1,  39
735483,20130907,   218,  1,  30,    45, -1,  27
735483,20130907,   228,  1,  70,   244, -1,   7
735483,20130907,   210,  1,  65,   182, -1,  28
735483,20130907,    75,  1,  41,   193, -1,  30
735483,20130907,   161, -1,  56,   227,  1,  35
735483,20130907,   206,  1,  52,   248, -1,  20
735483,20130907,    83, -1,  22,   205,  1,  13
735483,20130907,   211,  1,  28,   169, -1,   3
735483,20130907,   200,  1,  34,   186, -1,  13
735483,20130907,   102,  1,  41,   120, -1,   7
735483,20130907,    99,  1,  31,   194, -1,  14
735483,20130907,    23, -1,  41,   101,  1,  22
735483,20130907,   100,  1,  48,   107, -1,  27
735483,20130907,   224,  1,  48,    78, -1,  10
735483,20130907,   179, -1,  35,   151,  1,  28
735483,20130907,   207, -1,  27,    66,  1,   7
735483,20130907,   246,  1,  31,    79, -1,   7
735483,20130907,    74,  1,  42,    51, -1,   6
735483,20130907,    52,  1,  23,    57, -1,  20
735483,20130907,    58, -1,  40,   180,  1,  37
735483,20130907,   156,  1,  55,   197, -1,  14
735483,20130907,   181, -1,  26,   103,  1,  24
735483,20130907,   105,  1,  51,    35, -1,  44
735483,20130907,    42,  1,  35,    71, -1,  28
735483,20130907,    72,  1,  59,   199, -1,  17
735483,20130907,    26,  1,  27,   112, -1,  14
735483,20130907,   215, -1,  49,    82,  1,   7
735483,20130907,   176,  1,  31,   132, -1,  14
735483,20130907,   202, -1,  24,   173,  1,   0
735483,20130907,   252,  1,  67,   131, -1,  13
735483,20130907,   154,  1,  45,    55, -1,  14
735483,20130907,    69,  1,  27,   233, -1,  24
735483,20130907,   140, -1,  24,     9,  1,  21
735483,20130907,     7, -1,  37,    43,  1,  34
735483,20130907,   249, -1,  21,    40,  1,  10
735483,20130907,    53,  1,  42,    54, -1,  21
735483,20130907,    95,  1,  30,     6, -1,  23
735483,20130907,   106,  1,  45,   128, -1,  15
735483,20130907,    97,  1,  48,    96, -1,  13
735483,20130907,   116,  1,  58,    12, -1,  14
735488,20130912,   217, -1,  24,   108,  1,  15
735488,20130912,    14,  1,  41,   216, -1,  34
735488,20130912,   212,  1,  20,   204, -1,  10
735489,20130913,    21,  1,  42,     2, -1,  20
735490,20130914,    68,  1,  62,   144, -1,   7
735490,20130914,    16,  1,  24,   125, -1,  20
735490,20130914,    13,  1,  24,   196, -1,   3
735490,20130914,    11,  1,  32,   247, -1,  30
735490,20130914,    10,  1,  38,   227, -1,  13
735490,20130914,   174,  1,  23,    99, -1,  14
735490,20130914,   157, -1,  31,   172,  1,  24
735490,20130914,   177,  1,  28,    60, -1,  10
735490,20130914,   193,  1,  35,   232, -1,  25
735490,20130914,   226,  1,  35,    22, -1,   7
735490,20130914,   214,  1,  33,    61, -1,  21
735490,20130914,    45,  1,  34,    31, -1,  17
735490,20130914,   114, -1,  32,    47,  1,  21
735490,20130914,   159, -1,  52,    32,  1,  34
735490,20130914,    39,  1,  66,   156, -1,   9
735490,20130914,    27,  1,  26,   202, -1,  23
735490,20130914,   250,  1,  35,   136, -1,   7
735490,20130914,    77, -1,  38,    56,  1,  14
735490,20130914,   235, -1,  15,    62,  1,  10
735490,20130914,    20, -1,  34,    67,  1,  13
735490,20130914,    64, -1,  28,   195,  1,  10
735490,20130914,   110,  1,  45,   101, -1,  13
735490,20130914,   122,  1,  55,   252, -1,  17
735490,20130914,   121,  1,  28,     3, -1,  24
735490,20130914,   134,  1,  17,   117, -1,  15
735490,20130914,   123,  1,  29,   238, -1,  12
735490,20130914,   152,  1,  34,    18, -1,  27
735490,20130914,   230, -1,  42,   147,  1,  21
735490,20130914,   225,  1,  31,    30, -1,  21
735490,20130914,   223, -1,  41,   143,  1,  21
735490,20130914,   158,  1,  34,   113, -1,  31
735490,20130914,   160,  1,  51,   218, -1,  20
735490,20130914,   161,  1,  59,   104, -1,   3
735490,20130914,   155,  1,  38,   239, -1,  17
735490,20130914,   163,  1,  59,   206, -1,  14
735490,20130914,   222, -1,  34,   166,  1,  31
735490,20130914,   167,  1,  49,   146, -1,  27
735490,20130914,   100,  1,  37,   115, -1,   7
735490,20130914,   109, -1,  27,   102,  1,  13
735490,20130914,   107,  1,  70,   148, -1,   7
735490,20130914,   203,  1,  54,   240, -1,   0
735490,20130914,     4, -1,  49,   210,  1,  42
735490,20130914,    69, -1,  30,   205,  1,  29
735490,20130914,   124, -1,  44,   209,  1,  23
735490,20130914,   192,  1,  31,   248, -1,  24
735490,20130914,   164, -1,  51,   228,  1,  48
735490,20130914,   229,  1,  70,   244, -1,   6
735490,20130914,   243,  1,  48,   198, -1,  10
735490,20130914,   224, -1,  21,   241,  1,  19
735490,20130914,   242,  0,  34,    88,  0,  24
735490,20130914,   138, -1,  45,    86,  1,  35
735490,20130914,    91,  1,  42,    23, -1,  10
735490,20130914,    93, -1,  27,    94,  1,  21
735490,20130914,   245,  1,  41,    76, -1,   7
735490,20130914,   200, -1,  34,    15,  1,  20
735490,20130914,   139,  1,  51,    53, -1,   7
735490,20130914,    82, -1,  52,    35,  1,  21
735490,20130914,   249,  1,  30,    72, -1,  20
735490,20130914,   112, -1,  43,    74,  1,  23
735490,20130914,   183, -1,  27,    66,  1,  20
735490,20130914,    42, -1,  51,    59,  1,  32
735490,20130914,    58,  1,  57,    89, -1,  24
735490,20130914,   213,  1,  24,    34, -1,  23
735490,20130914,   215,  1,  49,    54, -1,   7
735490,20130914,   153, -1,  21,   221,  1,  10
735490,20130914,   129, -1,  55,   151,  1,  17
735490,20130914,   173, -1,  19,     7,  1,  13
735490,20130914,   246, -1,  34,   103,  1,   6
735490,20130914,   111,  1,  35,    25, -1,  22
735490,20130914,   179,  1,  34,   188, -1,  26
735490,20130914,     6, -1,  40,    12,  1,  39
735490,20130914,   178,  1,  32,     5, -1,   0
735490,20130914,   135,  1,  41,   127, -1,  38
735490,20130914,    40, -1,  28,   237,  1,  21
735490,20130914,   162,  1,  76,    85, -1,  19
735490,20130914,    71,  1,  21,   170, -1,  20
735490,20130914,    98,  1,  24,   199, -1,  20
735490,20130914,   197,  1,  62,   169, -1,  59
735490,20130914,   141, -1,  40,    37,  1,  13
735490,20130914,   145,  1,  53,    43, -1,  23
735490,20130914,    52, -1,  21,   176,  1,  14
735490,20130914,    96,  1,  69,   131, -1,  19
735490,20130914,   105, -1,  28,   128,  1,  25
735490,20130914,     8,  1,  35,   133, -1,  28
735490,20130914,   208, -1,  30,    79,  1,  27
735490,20130914,   140,  1,  23,    63, -1,  10
735490,20130914,    73,  1,  12,   175, -1,  10
735490,20130914,    36, -1,  30,    33,  1,  10
735490,20130914,    38,  1,  42,    17, -1,  10
735490,20130914,   207,  0,  26,    95,  0,  16
735490,20130914,   106,  1,  38,   132, -1,  10
735490,20130914,   182,  1,  55,   219, -1,  17
735495,20130919,    41, -1,  26,   142,  1,  14
735495,20130919,    95,  1,  35,   219, -1,   7
735496,20130920,    70,  1,  41,    21, -1,  40
735497,20130921,    18, -1,  51,    60,  1,  20
735497,20130921,    65,  1,  31,   206, -1,  17
735497,20130921,    19,  1,  70,   224, -1,   7
735497,20130921,   167, -1,  58,    56,  1,  55
735497,20130921,   220,  1,  52,   156, -1,  28
735497,20130921,   247,  1,  41,   172, -1,  10
735497,20130921,   214, -1,  38,    30,  1,  17
735497,20130921,    23,  1,  48,   135, -1,   7
735497,20130921,   228, -1,  20,    29,  1,  13
735497,20130921,   121, -1,  24,    47,  1,  21
735497,20130921,   250, -1,  56,     2,  1,  23
735497,20130921,    68,  1,  54,    20, -1,   6
735497,20130921,   226,  1,  17,   229, -1,  14
735497,20130921,    97, -1,  32,    76,  1,  26
735497,20130921,   107, -1,  35,     3,  1,  30
735497,20130921,     4,  1,  31,    45, -1,   6
735497,20130921,   177,  1,  28,    13, -1,  24
735497,20130921,   164, -1,  34,   185,  1,  30
735497,20130921,    83,  1,  31,   174, -1,  26
735497,20130921,   138,  1,  43,    58, -1,  39
735497,20130921,   225,  1,  38,   238, -1,   7
735497,20130921,   143,  1,  59,   179, -1,  20
735497,20130921,   144,  1,  31,    81, -1,   9
735497,20130921,   166,  1,  34,   101, -1,   0
735497,20130921,   155,  1,  35,   111, -1,  21
735497,20130921,   157,  1,  17,   122, -1,  13
735497,20130921,   159,  1,  76,    66, -1,   0
735497,20130921,   158,  1,  38,    17, -1,   0
735497,20130921,   123,  1,  43,   186, -1,  24
735497,20130921,   125,  1,  62,   216, -1,   7
735497,20130921,   117,  1,  31,    14, -1,   7
735497,20130921,    39, -1,  14,   120,  1,   0
735497,20130921,   119,  1,  77,   187, -1,   7
735497,20130921,   134, -1,  42,    64,  1,  35
735497,20130921,   109,  1,  72,    67, -1,   0
735497,20130921,   110,  1,  35,    16, -1,  21
735497,20130921,   232, -1,  24,   115,  1,   7
735497,20130921,   114,  0,  37,   245,  0,   0
735497,20130921,   227, -1,  32,   230,  1,  13
735497,20130921,   248,  1,  58,   132, -1,  17
735497,20130921,   126, -1,  45,    91,  1,  28
735497,20130921,    93,  1,  59,   239, -1,   3
735497,20130921,   242,  1,  56,    87, -1,   0
735497,20130921,   243,  1,  42,    86, -1,   0
735497,20130921,   235,  1,  29,   113, -1,  21
735497,20130921,   234,  1,  49,   236, -1,   0
735497,20130921,   223,  1,  59,   147, -1,  13
735497,20130921,   212,  1,  33,   211, -1,   7
735497,20130921,   210,  1,  42,   191, -1,  13
735497,20130921,    75,  1,  45,   152, -1,  21
735497,20130921,    77,  1,  28,   150, -1,  20
735497,20130921,   203,  1,  52,   217, -1,  17
735497,20130921,   209,  1,  31,   100, -1,  21
735497,20130921,   200,  1,  42,    11, -1,  28
735497,20130921,    99,  1,  13,   108, -1,  10
735497,20130921,   241, -1,  25,    15,  1,  11
735497,20130921,   197, -1,  17,   133,  1,   7
735497,20130921,    42,  1,  50,    79, -1,  17
735497,20130921,   154, -1,  26,   136,  1,   7
735497,20130921,   198, -1,  24,    49,  1,  21
735497,20130921,   137,  1,  51,    54, -1,   0
735497,20130921,   105, -1,  29,   171,  1,  28
735497,20130921,   169,  1,  28,     5, -1,  26
735497,20130921,     8, -1,  21,    12,  1,  16
735497,20130921,   165,  1,  27,   103, -1,  21
735497,20130921,   153,  1,  22,   194, -1,  16
735497,20130921,     6,  1,  52,    78, -1,  21
735497,20130921,    35, -1,  20,     7,  1,  17
735497,20130921,   233,  1,  35,   202, -1,   6
735497,20130921,   188, -1,  34,   183,  1,  31
735497,20130921,   168, -1,  41,   221,  1,  10
735497,20130921,    24,  1,  45,    74, -1,   7
735497,20130921,     9, -1,  31,    63,  1,  21
735497,20130921,   246,  1,  20,   173, -1,   0
735497,20130921,    73, -1,   3,   249,  1,   0
735497,20130921,    89,  1,  31,     1, -1,  17
735497,20130921,   128, -1,  21,    82,  1,  14
735497,20130921,    48,  1,  45,    26, -1,  13
735497,20130921,   162,  1,  59,    40, -1,  58
735497,20130921,   251, -1,  39,    43,  1,  22
735497,20130921,    69,  1,  52,    46, -1,   7
735497,20130921,   180,  0,  36,   189,  0,  19
735497,20130921,   215, -1,  35,   141,  1,  17
735497,20130921,    80, -1,  42,   184,  1,  20
735497,20130921,   252,  1,  59,    57, -1,  17
735497,20130921,    36, -1,  20,   149,  1,  12
735497,20130921,   175,  1,  30,   106, -1,  21
735497,20130921,    50, -1,  30,    28,  1,  23
735497,20130921,    53,  1,  49,   240, -1,   9
735497,20130921,   190,  1,  52,   130, -1,  38
735497,20130921,    34, -1,  17,   127,  1,  13
735497,20130921,   182,  1,  52,    90, -1,  21
735497,20130921,    59, -1,  56,   131,  1,  24
735497,20130921,   116,  1,  43,   244, -1,   6
735497,20130921,   207, -1,  41,   208,  1,  21
735497,20130921,    98,  1,  34,    37, -1,   7
735502,20130926,   235, -1,  17,    77,  1,  10
735502,20130926,    94, -1,  38,   218,  1,  21
735502,20130926,    31, -1,  38,   168,  1,  34
735502,20130926,   140,  1,  27,    85, -1,  19
735503,20130927,   229, -1,  40,   186,  1,  12
735503,20130927,    29,  1,  37,   134, -1,  10
735504,20130928,    41,  1,  56,   241, -1,   7
735504,20130928,    45,  1,  59,   230, -1,  42
735504,20130928,    27,  1,  41,    47, -1,  12
735504,20130928,   193, -1,  28,   222,  1,  25
735504,20130928,    56,  1,  38,   216, -1,  31
735504,20130928,    68, -1,  48,    22,  1,  34
735504,20130928,    23,  1,  31,     3, -1,  14
735504,20130928,   174,  1,  18,    64, -1,  14
735504,20130928,   138, -1,  55,   172,  1,  24
735504,20130928,     4,  1,  25,   124, -1,   0
735504,20130928,   210, -1,  45,    13,  1,  33
735504,20130928,    11,  1,  62,   226, -1,  41
735504,20130928,    18,  1,  31,   214, -1,  24
735504,20130928,    21,  1,  60,   196, -1,   7
735504,20130928,    15,  0,  35,   108,  0,  16
735504,20130928,   119, -1,  49,   195,  1,  21
735504,20130928,   126,  1,  41,    14, -1,  19
735504,20130928,    93, -1,  23,   123,  1,   7
735504,20130928,   159,  1,  31,   247, -1,  24
735504,20130928,   160, -1,  35,   157,  1,  21
735504,20130928,   142,  1,  48,    30, -1,  14
735504,20130928,   167,  1,  14,   234, -1,   3
735504,20130928,   164,  1,  44,    44, -1,  17
735504,20130928,   163,  1,  55,    32, -1,  16
735504,20130928,   225, -1,  56,   146,  1,  42
735504,20130928,   144,  1,  45,     2, -1,  42
735504,20130928,   217, -1,  31,   224,  1,  14
735504,20130928,    62, -1,  55,   150,  1,  31
735504,20130928,   185, -1,  26,   147,  1,  16
735504,20130928,   232,  1,  52,   220, -1,  24
735504,20130928,   200,  0,  55,   243,  0,  17
735504,20130928,   242,  1,  31,    10, -1,  13
735504,20130928,    88,  1,  50,   120, -1,  14
735504,20130928,    86,  1,  26,   205, -1,  24
735504,20130928,   248,  1,  19,   139, -1,   7
735504,20130928,   101, -1,  32,   239,  1,  14
735504,20130928,   245,  1,  30,   161, -1,  21
735504,20130928,   204,  1,  48,   191, -1,  17
735504,20130928,    70, -1,  42,    81,  1,  37
735504,20130928,   206,  1,  31,   192, -1,  24
735504,20130928,    75,  1,  44,   110, -1,  41
735504,20130928,    83, -1,  59,   227,  1,  28
735504,20130928,   211,  1,  42,   250, -1,  21
735504,20130928,    65, -1,  24,   102,  1,   7
735504,20130928,   198, -1,  27,   136,  1,  21
735504,20130928,     5,  1,  12,   219, -1,  10
735504,20130928,    25, -1,  47,   240,  1,  28
735504,20130928,   105,  1,  34,   145, -1,  27
735504,20130928,   215, -1,  35,   202,  1,  21
735504,20130928,   154,  1,  41,   116, -1,   6
735504,20130928,   137, -1,  20,   179,  1,   0
735504,20130928,   252, -1,  28,   180,  1,  27
735504,20130928,   178,  1,  30,    79, -1,   6
735504,20130928,   111, -1,  28,   175,  1,  21
735504,20130928,   251,  1,  38,    48, -1,  23
735504,20130928,    58,  1,  42,    59, -1,   7
735504,20130928,   171, -1,  50,    74,  1,  22
735504,20130928,    42, -1,  53,    63,  1,  28
735504,20130928,   112, -1,  31,    52,  1,  20
735504,20130928,    54, -1,  24,   187,  1,  22
735504,20130928,   221,  1,  30,    87, -1,  13
735504,20130928,    37, -1,  45,   170,  1,  21
735504,20130928,   183,  1,  62,   237, -1,  23
735504,20130928,   149, -1,  27,   132,  1,  21
735504,20130928,   233,  1,  35,   165, -1,   6
735504,20130928,   213, -1,  17,   189,  1,   7
735504,20130928,     6,  1,  49,     8, -1,  30
735504,20130928,   130, -1,  63,   151,  1,  20
735504,20130928,    72,  1,  23,    38, -1,  21
735504,20130928,   162,  1,  66,     7, -1,  10
735504,20130928,    80,  1,  41,    24, -1,  23
735504,20130928,    49, -1,  31,   244,  1,   3
735504,20130928,   181, -1,  16,    26,  1,   0
735504,20130928,    69, -1,  38,   199,  1,  20
735504,20130928,   128, -1,  37,    46,  1,  14
735504,20130928,    28, -1,  45,    96,  1,  27
735504,20130928,   173,  1,  42,    35, -1,   7
735504,20130928,   118,  1,  31,    55, -1,  17
735504,20130928,   184, -1,  59,   201,  1,   0
735504,20130928,   131,  1,  45,    51, -1,  14
735504,20130928,   176, -1,  37,   236,  1,  31
735504,20130928,   127,  1,  37,    89, -1,  10
735504,20130928,   231,  1,  49,    33, -1,  42
735504,20130928,    36, -1,  27,     9,  1,  24
735504,20130928,   135, -1,  35,    97,  1,  34
735504,20130928,   182,  1,  49,    61, -1,  34
735504,20130928,   238,  1,  24,   194, -1,  10
735504,20130928,    53,  1,  29,    98, -1,  22
735504,20130928,    71, -1,  24,    40,  1,  17
735504,20130928,    82, -1,  31,    50,  1,  28
735504,20130928,    95, -1,  19,   197,  1,  14
735504,20130928,   169, -1,  56,   190,  1,  48
735504,20130928,   104, -1,  27,    78,  1,  16
735504,20130928,   208,  1,  38,    92, -1,  37
735504,20130928,   153,  1,  34,   129, -1,  16
735509,20131003,   209, -1,  31,    94,  1,  30
735509,20131003,   223, -1,  34,   228,  1,  27
735509,20131003,   248, -1,  31,   224,  1,  10
735510,20131004,   185,  1,  51,   144, -1,  44
735510,20131004,    29, -1,  31,   229,  1,  14
735511,20131005,   126, -1,  51,   232,  1,  28
735511,20131005,   217,  1,  24,   152, -1,  21
735511,20131005,   174, -1,  30,   218,  1,  27
735511,20131005,   241,  1,  28,   142, -1,  13
735511,20131005,    18, -1,  48,   234,  1,  27
735511,20131005,   235,  1,  27,   150, -1,  17
735511,20131005,   122, -1,  26,    93,  1,  14
735511,20131005,    70, -1,  61,    86,  1,  14
735511,20131005,    91,  1,  44,   166, -1,  24
735511,20131005,   108, -1,  38,   230,  1,  35
735511,20131005,   216,  1,  34,   192, -1,  33
735511,20131005,   138, -1,  38,   101,  1,  24
735511,20131005,    67, -1,  24,   196,  1,  23
735511,20131005,   212, -1,  54,    99,  1,  16
735511,20131005,    41, -1,  49,   203,  1,  14
735511,20131005,   200,  1,  31,   242, -1,  28
735511,20131005,   107,  1,  48,   211, -1,  24
735511,20131005,    75, -1,  34,   206,  1,  31
735511,20131005,   109, -1,  30,   205,  1,   7
735511,20131005,   186, -1,  37,    81,  1,  27
735511,20131005,   193,  1,  35,   102, -1,  28
735511,20131005,   158, -1,  43,     3,  1,   3
735511,20131005,   177, -1,  55,   191,  1,  52
735511,20131005,    68,  1,  63,   114, -1,   0
735511,20131005,    16,  1,  30,   124, -1,  22
735511,20131005,   157,  0,  37,    11,  0,  34
735511,20131005,     4,  1,  45,    76, -1,   3
735511,20131005,    23,  1,  28,   115, -1,   7
735511,20131005,    19,  1,  73,   245, -1,  42
735511,20131005,    65,  1,  30,    13, -1,  10
735511,20131005,    27,  1,  42,    60, -1,  14
735511,20131005,    64, -1,  37,   220,  1,  23
735511,20131005,   163, -1,  57,    44,  1,  16
735511,20131005,   214,  1,  47,   239, -1,  20
735511,20131005,    22,  1,  48,    15, -1,  27
735511,20131005,   243, -1,  44,    32,  1,  22
735511,20131005,   146,  1,  66,   147, -1,  17
735511,20131005,   143,  1,  39,    88, -1,  19
735511,20131005,   161,  1,  33,   100, -1,  29
735511,20131005,   159, -1,  40,   155,  1,  30
735511,20131005,   160,  1,  20,   204, -1,  17
735511,20131005,   110, -1,  59,   125,  1,  26
735511,20131005,    30, -1,  21,   120,  1,   9
735511,20131005,   222, -1,  24,   117,  1,  17
735511,20131005,   119,  1,  45,    77, -1,  30
735511,20131005,   113,  1,  34,   227, -1,  10
735511,20131005,   121,  1,  42,   123, -1,  13
735511,20131005,    62, -1,  24,   134,  1,  17
735511,20131005,   195,  1,  26,    39, -1,  20
735511,20131005,   139,  1,  28,     2, -1,  10
735511,20131005,   135,  1,  35,   208, -1,  24
735511,20131005,   165,  1,  37,    50, -1,  31
735511,20131005,   178,  0,  29,   140,  0,  24
735511,20131005,   171,  1,  53,    46, -1,   7
735511,20131005,   180, -1,  27,   179,  1,  24
735511,20131005,   103,  1,  31,    26, -1,   7
735511,20131005,   240, -1,  23,   181,  1,  20
735511,20131005,   202,  1,  21,    25, -1,  13
735511,20131005,    49,  1,  37,   136, -1,  21
735511,20131005,   129,  1,  55,   168, -1,  27
735511,20131005,   130,  1,  36,   153, -1,   7
735511,20131005,   111,  1,  62,    53, -1,  28
735511,20131005,   137,  1,  24,   154, -1,  23
735511,20131005,   221, -1,  21,   198,  1,   3
735511,20131005,   188,  1,  35,    90, -1,   3
735511,20131005,   183,  1,  44,    72, -1,  34
735511,20131005,   215,  1,  44,   145, -1,  28
735511,20131005,   233,  1,  20,   246, -1,  16
735511,20131005,   132,  1,  34,    66, -1,  21
735511,20131005,   194,  1,  17,   127, -1,  14
735511,20131005,    24,  1,  31,   173, -1,  14
735511,20131005,    59,  1,  38,    17, -1,   3
735511,20131005,    61,  1,  41,   244, -1,  19
735511,20131005,   249,  1,  55,   170, -1,  14
735511,20131005,    35,  1,  38,   199, -1,  29
735511,20131005,   184,  1,  45,   118, -1,  13
735511,20131005,    97, -1,  41,   213,  1,  27
735511,20131005,    52,  1,  40,    51, -1,   8
735511,20131005,   112,  1,  37,   231, -1,   0
735511,20131005,   207,  1,  40,   189, -1,  16
735511,20131005,   251, -1,  24,    31,  1,  10
735511,20131005,    98,  1,  40,     7, -1,  13
735511,20131005,    43, -1,  41,    48,  1,  20
735511,20131005,    80, -1,  41,    82,  1,  35
735511,20131005,   252, -1,  35,    92,  1,  24
735511,20131005,    89,  1,  35,   238, -1,  21
735511,20131005,   151, -1,  28,    87,  1,  25
735511,20131005,    37,  1,  53,    73, -1,  51
735511,20131005,    69,  1,  52,   105, -1,  34
735511,20131005,   128,  1,  35,   176, -1,   9
735511,20131005,    28,  1,  35,   201, -1,  15
735511,20131005,   149,  1,  26,   187, -1,  24
735511,20131005,   131, -1,  45,    33,  1,  36
735511,20131005,   141, -1,  37,    85,  1,  28
735511,20131005,    63, -1,  28,    71,  1,  25
735511,20131005,    55,  1,  27,    96, -1,  17
735511,20131005,    40,  1,  31,     9, -1,  28
735511,20131005,    20, -1,  21,    54,  1,   7
735511,20131005,   133, -1,  28,     5,  1,   9
735511,20131005,   162,  1,  21,   106, -1,  17
735511,20131005,   116, -1,  59,    34,  1,  28
735511,20131005,    38,  1,  42,   237, -1,  21
735511,20131005,     6, -1,  34,   219,  1,   2
735511,20131005,    95,  1,  42,    12, -1,  33
735511,20131005,   169,  0,  31,    78,  0,   3
735516,20131010,   109,  1,  24,   177, -1,  10
735516,20131010,   185, -1,  27,     2,  1,  20
735516,20131010,   226,  1,  38,    10, -1,  31
735516,20131010,   213, -1,  28,   208,  1,  17
735516,20131010,    58, -1,  63,    17,  1,   7
735516,20131010,   178, -1,  44,   141,  1,   3
735517,20131011,    39,  1,  38,   205, -1,  20
735518,20131012,    41,  1,  24,    22, -1,  14
735518,20131012,    29,  1,  38,    77, -1,  20
735518,20131012,   212,  1,  42,    94, -1,  35
735518,20131012,   186, -1,  34,    45,  1,  27
735518,20131012,   195, -1,  13,    47,  1,  10
735518,20131012,   247,  1,  35,   155, -1,   6
735518,20131012,   250,  1,  38,   146, -1,  31
735518,20131012,    56,  1,  35,   139, -1,   7
735518,20131012,   216, -1,  35,    76,  1,  28
735518,20131012,   143, -1,  44,   172,  1,   7
735518,20131012,    11,  1,  54,    44, -1,  13
735518,20131012,   193, -1,  52,    13,  1,   7
735518,20131012,    14,  1,  48,    86, -1,  24
735518,20131012,    16,  1,  62,   237, -1,   3
735518,20131012,    18,  1,  27,   101, -1,  24
735518,20131012,   110,  1,  17,    65, -1,   6
735518,20131012,   114,  1,  27,   234, -1,  26
735518,20131012,   115,  1,  17,   120, -1,  10
735518,20131012,   220, -1,  27,    67,  1,  24
735518,20131012,   113, -1,  24,    64,  1,  23
735518,20131012,   122,  1,  42,    91, -1,  28
735518,20131012,   125,  1,  21,    23, -1,  20
735518,20131012,   210, -1,  41,   124,  1,  38
735518,20131012,   225,  1,  39,    81, -1,  37
735518,20131012,   152,  1,  34,   134, -1,   7
735518,20131012,   138,  1,  27,     3, -1,  20
735518,20131012,   203, -1,  24,   142,  1,  10
735518,20131012,    30, -1,  26,   158,  1,  23
735518,20131012,   166,  1,  43,   121, -1,  40
735518,20131012,   174, -1,  27,   227,  1,  21
735518,20131012,   126, -1,  41,    75,  1,  26
735518,20131012,   209,  0,  36,   160,  0,  20
735518,20131012,   224, -1,  21,   211,  1,  14
735518,20131012,    19, -1,  35,   100,  1,  25
735518,20131012,     4, -1,  48,   102,  1,   7
735518,20131012,    27, -1,  33,   239,  1,   0
735518,20131012,   218, -1,  34,   230,  1,  20
735518,20131012,   204,  1,  27,    99, -1,  17
735518,20131012,    83,  1,  25,   117, -1,  15
735518,20131012,   235,  1,  19,   167, -1,   9
735518,20131012,   163, -1,  45,   242,  1,  24
735518,20131012,   164, -1,  52,   243,  1,  24
735518,20131012,   223,  1,  37,    32, -1,  10
735518,20131012,   228,  1,  27,   200, -1,  21
735518,20131012,   217,  1,  36,    62, -1,  33
735518,20131012,    21, -1,  34,   229,  1,  23
735518,20131012,    15,  1,  50,    60, -1,  25
735518,20131012,    31,  1,  47,   244, -1,   0
735518,20131012,    72,  1,  28,    40, -1,  21
735518,20131012,    98,  1,  38,   175, -1,  31
735518,20131012,   197,  1,  20,     5, -1,  17
735518,20131012,    87,  1,  40,   136, -1,  26
735518,20131012,    80, -1,  34,    48,  1,  24
735518,20131012,   105, -1,  24,    46,  1,  10
735518,20131012,    82, -1,  51,    26,  1,  27
735518,20131012,   180, -1,  24,   154,  1,  17
735518,20131012,   148,  1,  33,   156, -1,  21
735518,20131012,   219, -1,  41,    12,  1,  28
735518,20131012,    61, -1,  35,   151,  1,  14
735518,20131012,     1, -1,  69,    84,  1,  12
735518,20131012,   118,  1,  35,   231, -1,  21
735518,20131012,   171,  1,  42,   103, -1,  26
735518,20131012,   188,  1,  56,   190, -1,  14
735518,20131012,    42,  1,  42,    73, -1,   7
735518,20131012,   198,  1,  17,   168, -1,   7
735518,20131012,   137,  1,  41,   127, -1,  26
735518,20131012,   153, -1,  39,    49,  1,  38
735518,20131012,   181,  1,  59,    35, -1,  36
735518,20131012,    69, -1,  34,    74,  1,  12
735518,20131012,   184,  1,  35,   112, -1,  33
735518,20131012,   249,  1,  31,    63, -1,  27
735518,20131012,   246,  1,  27,   165, -1,  14
735518,20131012,   129, -1,  42,   221,  1,   7
735518,20131012,    24, -1,  41,    25,  1,  14
735518,20131012,   233, -1,  45,   215,  1,  35
735518,20131012,     6,  1,  48,   169, -1,  42
735518,20131012,   194,  1,  17,    92, -1,  14
735518,20131012,   189,  1,  37,   135, -1,  34
735518,20131012,   199,  1,  28,   128, -1,  10
735518,20131012,   145,  1,  59,   173, -1,  19
735518,20131012,    55, -1,  27,    51,  1,   6
735518,20131012,    20, -1,  27,    85,  1,   6
735518,20131012,    52, -1,  49,   201,  1,  20
735518,20131012,    28,  1,  35,    33, -1,  14
735518,20131012,    57,  1,  34,   240, -1,   7
735518,20131012,    36, -1,  25,   236,  1,  17
735518,20131012,    50,  1,  20,   251, -1,  13
735518,20131012,    54,  1,  14,   149, -1,   7
735518,20131012,    79,  1,  31,   140, -1,  26
735518,20131012,    95, -1,  26,   133,  1,  17
735518,20131012,   182,  1,  14,   104, -1,   3
735518,20131012,   183, -1,  34,     9,  1,  10
735518,20131012,    53,  1,  33,     7, -1,  30
735518,20131012,   179, -1,  38,   238,  1,  14
735518,20131012,   207, -1,  31,    97,  1,  15
735518,20131012,     8,  0,  48,    78,  0,   0
735518,20131012,    66, -1,  27,   187,  1,  14
735518,20131012,   202, -1,  27,    43,  1,   3
735518,20131012,    38,  1,  31,    71, -1,   9
735518,20131012,   252,  1,  59,    89, -1,  21
735521,20131015,   107, -1,  37,   248,  1,  20
735523,20131017,   119, -1,  27,   150,  1,  23
735524,20131018,   222, -1,  38,   109,  1,  35
735525,20131019,   152, -1,  28,   108,  1,  13
735525,20131019,   124,  1,  27,   110, -1,  24
735525,20131019,   126,  1,  36,    65, -1,  17
735525,20131019,   122,  1,  14,   172, -1,   0
735525,20131019,   121,  1,  63,    91, -1,  47
735525,20131019,     3, -1,  24,   120,  1,  17
735525,20131019,   191, -1,  34,   117,  1,  29
735525,20131019,   174, -1,  45,   147,  1,  19
735525,20131019,   123, -1,  20,   155,  1,  17
735525,20131019,   229, -1,  45,   146,  1,  10
735525,20131019,   167,  1,  35,   162, -1,  24
735525,20131019,   163,  1,  62,   243, -1,  38
735525,20131019,   161,  1,  24,   204, -1,  10
735525,20131019,   157,  1,  14,   226, -1,  10
735525,20131019,   159,  1,  34,    93, -1,  24
735525,20131019,    11,  1,  53,   242, -1,  24
735525,20131019,    10,  1,  35,   228, -1,  24
735525,20131019,    21,  1,  34,   144, -1,  17
735525,20131019,     4,  1,  52,    13, -1,   0
735525,20131019,    62,  1,  55,   196, -1,  14
735525,20131019,    45, -1,  52,   250,  1,  22
735525,20131019,    27,  1,  32,   115, -1,   3
735525,20131019,   158, -1,  56,    60,  1,  28
735525,20131019,    70,  1,  38,   225, -1,  14
735525,20131019,    19,  1,  71,    94, -1,   7
735525,20131019,   214,  1,  45,   139, -1,  44
735525,20131019,   164, -1,  49,    32,  1,  17
735525,20131019,    68, -1,  51,    41,  1,  14
735525,20131019,    39,  1,  41,    47, -1,  16
735525,20131019,   138, -1,  38,    30,  1,  17
735525,20131019,   241,  1,  34,   114, -1,  10
735525,20131019,    56, -1,  35,   234,  1,  22
735525,20131019,   232,  1,  31,    75, -1,  27
735525,20131019,   247, -1,  56,    88,  1,  32
735525,20131019,    29, -1,  47,    83,  1,  46
735525,20131019,   212, -1,  37,   245,  1,  27
735525,20131019,    18, -1,  38,   239,  1,  17
735525,20131019,   160, -1,  34,    99,  1,  19
735525,20131019,   211,  1,  24,    76, -1,  17
735525,20131019,   200,  1,  24,   223, -1,  10
735525,20131019,   205,  1,  33,    15, -1,  14
735525,20131019,   206,  1,  23,   193, -1,  21
735525,20131019,    16, -1,  45,   210,  1,  41
735525,20131019,   192,  1,  38,   101, -1,  21
735525,20131019,    77,  1,  56,   203, -1,   0
735525,20131019,    58,  1,  55,   189, -1,  33
735525,20131019,    61,  1,  34,   198, -1,  10
735525,20131019,    69, -1,  52,   251,  1,  31
735525,20131019,    85, -1,  21,    66,  1,  10
735525,20131019,   171, -1,  39,    24,  1,  17
735525,20131019,    38, -1,  20,    63,  1,   9
735525,20131019,    52,  1,  45,   184, -1,  38
735525,20131019,   197, -1,  29,    12,  1,  21
735525,20131019,    49, -1,  31,   151,  1,   7
735525,20131019,   215, -1,  44,     7,  1,  17
735525,20131019,   181, -1,  56,    25,  1,  28
735525,20131019,   170,  1,  49,   236, -1,  35
735525,20131019,   207, -1,  29,   213,  1,  15
735525,20131019,   221, -1,  34,   136,  1,  18
735525,20131019,   111,  1,  34,   246, -1,  20
735525,20131019,   129,  1,  21,    31, -1,  14
735525,20131019,   105,  1,  45,    74, -1,  24
735525,20131019,   169,  1,  51,   133, -1,  14
735525,20131019,   137, -1,  31,   180,  1,  10
735525,20131019,   135,  1,  31,    17, -1,   3
735525,20131019,   153,  1,  39,    87, -1,  30
735525,20131019,   194, -1,  38,   154,  1,  31
735525,20131019,   188, -1,  37,   156,  1,  22
735525,20131019,    71,  1,  27,     9, -1,  10
735525,20131019,    34, -1,  26,   104,  1,  24
735525,20131019,    80,  1,  35,   103, -1,  16
735525,20131019,   165, -1,  21,    46,  1,   7
735525,20131019,   112, -1,  42,    51,  1,  14
735525,20131019,    43, -1,  28,    82,  1,  24
735525,20131019,   130, -1,  34,   244,  1,  16
735525,20131019,   249, -1,  21,   237,  1,  17
735525,20131019,    89,  1,  55,    92, -1,  14
735525,20131019,   145,  1,  29,   233, -1,  28
735525,20131019,    54, -1,  12,   140,  1,   7
735525,20131019,    79, -1,  27,   149,  1,  17
735525,20131019,   173,  1,  12,   175, -1,  10
735525,20131019,    28,  1,  24,    55, -1,  14
735525,20131019,   128,  1,  48,    48, -1,  23
735525,20131019,    96, -1,  52,    33,  1,  45
735525,20131019,    26, -1,  17,    50,  1,  14
735525,20131019,   127,  1,  35,   179, -1,  21
735525,20131019,   131, -1,  42,   231,  1,  28
735525,20131019,   132, -1,  34,   141,  1,  22
735525,20131019,     1,  1,  40,    90, -1,   6
735525,20131019,    59,  1,  24,   208, -1,  10
735525,20131019,     8, -1,  20,   219,  1,  13
735525,20131019,    42, -1,  55,   106,  1,  52
735525,20131019,   252,  1,  24,   238, -1,  14
735525,20131019,    20,  1,  48,   187, -1,  21
735525,20131019,   190,  1,  55,   148, -1,  41
735525,20131019,    57, -1,  21,   176,  1,  20
735525,20131019,   116,  1,  31,   182, -1,  23
735525,20131019,    44,  1,  43,    36, -1,  10
735528,20131022,   107, -1,  23,    14,  1,   7
735530,20131024,   134,  1,  51,   113, -1,  49
735530,20131024,   125,  1,  28,   102, -1,  22
735531,20131025,    29,  1,  37,    21, -1,  20
735532,20131026,    10, -1,  44,    44,  1,  20
735532,20131026,   157, -1,  45,     2,  1,  10
735532,20131026,   214, -1,  28,    23,  1,  25
735532,20131026,   222,  1,  62,    47, -1,  17
735532,20131026,    68,  1,  49,   142, -1,  17
735532,20131026,    16,  1,  45,    64, -1,  10
735532,20131026,     4,  1,  45,   206, -1,  10
735532,20131026,    18, -1,  42,     3,  1,  24
735532,20131026,   191,  1,  59,   205, -1,  49
735532,20131026,   226,  1,  19,   228, -1,   3
735532,20131026,   174,  1,  45,   230, -1,   7
735532,20131026,    83, -1,  49,   177,  1,  14
735532,20131026,   186,  1,  51,   250, -1,  44
735532,20131026,    70, -1,  35,   185,  1,  28
735532,20131026,   193, -1,  27,   126,  1,  24
735532,20131026,   123,  1,  34,   143, -1,  23
735532,20131026,   124,  1,  59,    86, -1,  14
735532,20131026,   119,  1,  24,   241, -1,  21
735532,20131026,   239, -1,  31,   115,  1,  30
735532,20131026,    41, -1,  40,   114,  1,  27
735532,20131026,   109, -1,  34,   195,  1,   3
735532,20131026,   108, -1,  23,    67,  1,   7
735532,20131026,   110,  1,  48,    71, -1,  16
735532,20131026,   159,  1,  63,   166, -1,  14
735532,20131026,   160,  1,  38,   212, -1,  30
735532,20131026,   158,  1,  41,   120, -1,  16
735532,20131026,   200, -1,  20,   164,  1,  12
735532,20131026,   163,  1,  42,   223, -1,  14
735532,20131026,   225, -1,  27,   144,  1,  22
735532,20131026,   138,  1,  59,    60, -1,  20
735532,20131026,   224,  1,  38,    76, -1,  10
735532,20131026,   150,  1,  34,    22, -1,  10
735532,20131026,    45, -1,  35,    81,  1,  28
735532,20131026,   210,  1,  56,   232, -1,  24
735532,20131026,   227,  1,  52,   220, -1,  31
735532,20131026,   211,  1,  33,   192, -1,  31
735532,20131026,   100,  1,  35,   245, -1,  12
735532,20131026,    19, -1,  59,    99,  1,  14
735532,20131026,    27, -1,  41,   101,  1,  21
735532,20131026,   152, -1,  55,   196,  1,  14
735532,20131026,   216, -1,  32,   248,  1,  26
735532,20131026,   209, -1,  30,   204,  1,   7
735532,20131026,   122, -1,  42,    88,  1,   3
735532,20131026,   161, -1,  58,    94,  1,  27
735532,20131026,    93,  1,  17,   155, -1,  10
735532,20131026,   217,  1,  14,   218, -1,   7
735532,20131026,    77, -1,  35,   234,  1,  25
735532,20131026,    56, -1,  13,   235,  1,  10
735532,20131026,   242,  1,  41,    32, -1,  17
735532,20131026,   139,  1,  24,   167, -1,  21
735532,20131026,   147,  1,  34,     1, -1,  29
735532,20131026,    12, -1,  38,   133,  1,  18
735532,20131026,    61, -1,  42,   129,  1,  37
735532,20131026,   130,  1,  34,   221, -1,  17
735532,20131026,   168,  1,  14,   151, -1,  10
735532,20131026,   145, -1,  31,   202,  1,  13
735532,20131026,   188,  1,  56,   104, -1,  34
735532,20131026,   176, -1,  17,   240,  1,  13
735532,20131026,   198,  1,  19,    87, -1,   9
735532,20131026,    42,  1,  66,   236, -1,  27
735532,20131026,   215, -1,  48,   175,  1,  32
735532,20131026,   179,  1,  37,   154, -1,  34
735532,20131026,   165,  1,  28,   251, -1,  17
735532,20131026,   116, -1,  55,   148,  1,  30
735532,20131026,    43, -1,  34,    74,  1,  14
735532,20131026,   183, -1,  34,   249,  1,  27
735532,20131026,   246,  1,  17,    98, -1,   7
735532,20131026,   184,  1,  42,    28, -1,  14
735532,20131026,   140, -1,  20,    66,  1,  13
735532,20131026,   111, -1,  37,   233,  1,  35
735532,20131026,     6,  0,  31,     5,  0,   7
735532,20131026,   213, -1,  38,    17,  1,  14
735532,20131026,    59, -1,  31,   189,  1,   7
735532,20131026,   153, -1,  17,    31,  1,  13
735532,20131026,     8, -1,  44,   197,  1,  38
735532,20131026,    58, -1,  34,   207,  1,  16
735532,20131026,    38,  1,  28,    40, -1,  24
735532,20131026,   171, -1,  51,    80,  1,  48
735532,20131026,    89,  1,  28,   194, -1,  14
735532,20131026,   137, -1,  56,    92,  1,  10
735532,20131026,   237,  1,  27,    63, -1,  24
735532,20131026,   103, -1,  41,    82,  1,  23
735532,20131026,    24, -1,  42,    48,  1,  35
735532,20131026,    26,  1,  48,   105, -1,  10
735532,20131026,   199,  1,  24,   181, -1,  10
735532,20131026,    53, -1,  35,   173,  1,  13
735532,20131026,    52, -1,  42,   131,  1,  14
735532,20131026,   162, -1,  27,   149,  1,  24
735532,20131026,    79,  1,  30,    54, -1,   7
735532,20131026,   112,  1,  27,   201, -1,   0
735532,20131026,    96,  1,  56,    51, -1,  13
735532,20131026,    25,  1,  42,    57, -1,  14
735532,20131026,    85,  1,  28,   132, -1,  14
735532,20131026,    50,  1,  56,    46, -1,   0
735532,20131026,    36,  1,  36,    37, -1,  14
735532,20131026,   106, -1,  24,    73,  1,   0
735532,20131026,    55,  1,  23,   231, -1,  10
735532,20131026,   141, -1,  24,   187,  1,  10
735532,20131026,    97, -1,  34,   208,  1,  14
735532,20131026,   219, -1,  23,    78,  1,  17
735532,20131026,   182,  1,  44,   156, -1,  10
735532,20131026,     9,  1,  38,    72, -1,  14
735532,20131026,    20,  1,  14,   178, -1,   3
735532,20131026,   118, -1,  38,    33,  1,  31
735532,20131026,    95,  0,  51,   169,  0,  38
735532,20131026,   127, -1,  38,   238,  1,  27
735532,20131026,    90,  1,  24,    84, -1,   3
735532,20131026,    34,  1,  66,   190, -1,  31
735536,20131030,    39, -1,  34,   117,  1,  21
735537,20131031,   152,  1,  28,   174, -1,  16
735537,20131031,    11, -1,  55,   243,  1,  21
735537,20131031,    83,  1,  35,   195, -1,  23
735537,20131031,   224, -1,  49,   216,  1,  37
735538,20131101,   226, -1,  31,   164,  1,  14
735538,20131101,   197, -1,  31,   219,  1,  24
735539,20131102,   159, -1,  56,   172,  1,   0
735539,20131102,   166,  1,  24,    88, -1,  17
735539,20131102,   157,  1,  38,   139, -1,  34
735539,20131102,   150, -1,  27,   142,  1,  19
735539,20131102,   143,  1,  27,   155, -1,  24
735539,20131102,   186, -1,  34,   225,  1,  24
735539,20131102,   122,  1,  29,   121, -1,   6
735539,20131102,   126,  1,  31,   206, -1,   3
735539,20131102,    62, -1,  34,    67,  1,  13
735539,20131102,    64,  1,  34,   217, -1,  17
735539,20131102,   138, -1,  63,   115,  1,  19
735539,20131102,   113,  1,  61,   196, -1,  13
735539,20131102,   185,  1,  35,   146, -1,  30
735539,20131102,   177,  1,  23,   205, -1,  20
735539,20131102,   193,  1,  34,   125, -1,  16
735539,20131102,   248, -1,  44,    76,  1,  28
735539,20131102,     3,  1,  16,   101, -1,   7
735539,20131102,    68,  1,  41,   119, -1,  14
735539,20131102,    16, -1,  35,    13,  1,  17
735539,20131102,    22,  1,  34,   235, -1,  27
735539,20131102,    70,  1,  41,   144, -1,  23
735539,20131102,    75,  0,  23,    65,  0,  20
735539,20131102,   134, -1,  24,   220,  1,  21
735539,20131102,   161, -1,  52,   212,  1,  34
735539,20131102,   214,  1,  55,    60, -1,  16
735539,20131102,     2,  1,  42,    15, -1,  28
735539,20131102,    21, -1,  42,    45,  1,  30
735539,20131102,    10, -1,  33,    32,  1,  28
735539,20131102,   245, -1,  30,   204,  1,  27
735539,20131102,   247, -1,  28,    93,  1,   9
735539,20131102,   123, -1,  42,    91,  1,  39
735539,20131102,   211, -1,  37,    86,  1,  21
735539,20131102,    41, -1,  59,   234,  1,  10
735539,20131102,   227, -1,  34,   218,  1,  15
735539,20131102,   223,  1,  45,    44, -1,  23
735539,20131102,   229,  1,  47,    81, -1,  10
735539,20131102,   102,  1,  48,     6, -1,  14
735539,20131102,   100,  1,  41,    94, -1,   7
735539,20131102,   107,  1,  49,   147, -1,  35
735539,20131102,   203,  1,  13,   241, -1,   0
735539,20131102,    14, -1,  17,   192,  1,  16
735539,20131102,   210,  1,  57,   230, -1,   7
735539,20131102,   209,  1,  35,    99, -1,  13
735539,20131102,    77,  1,  21,   167, -1,  10
735539,20131102,   153,  1,  48,   151, -1,  27
735539,20131102,   156,  1,  31,    34, -1,  28
735539,20131102,   171,  1,  53,    48, -1,  20
735539,20131102,   175,  1,  27,     7, -1,  10
735539,20131102,   130, -1,  35,   136,  1,  28
735539,20131102,    42,  1,  50,    37, -1,  25
735539,20131102,    35, -1,  52,   240,  1,  17
735539,20131102,   129, -1,  51,    49,  1,  48
735539,20131102,   168,  1,  45,   244, -1,  24
735539,20131102,   111,  1,  19,   202, -1,  14
735539,20131102,    24,  1,  27,   165, -1,   0
735539,20131102,   251,  1,  53,    46, -1,  12
735539,20131102,   246,  1,  17,   145, -1,   0
735539,20131102,    59,  1,  44,   207, -1,   0
735539,20131102,   112,  1,  42,    96, -1,  35
735539,20131102,   103, -1,  45,    74,  1,  27
735539,20131102,   252, -1,  38,   194,  1,  34
735539,20131102,    97, -1,  42,    17,  1,  10
735539,20131102,    31, -1,  34,   221,  1,  16
735539,20131102,    36, -1,  27,   170,  1,  16
735539,20131102,   132,  1,  30,    79, -1,  27
735539,20131102,    53, -1,  32,   215,  1,  31
735539,20131102,   213,  1,  45,   135, -1,  17
735539,20131102,   104,  1,  56,   148, -1,  34
735539,20131102,   162,  1,  66,   173, -1,  14
735539,20131102,    80,  1,  24,    50, -1,  21
735539,20131102,    71, -1,  16,    72,  1,  14
735539,20131102,    98,  1,  31,   233, -1,  21
735539,20131102,   180, -1,  34,   238,  1,  28
735539,20131102,    61, -1,  55,    87,  1,  34
735539,20131102,    89,  1,  13,   154, -1,   3
735539,20131102,   118, -1,  51,    51,  1,  26
735539,20131102,   176,  1,  24,    25, -1,   3
735539,20131102,    55,  1,  56,   131, -1,  14
735539,20131102,    28, -1,  33,    52,  1,  30
735539,20131102,    58,  1,  56,   208, -1,  21
735539,20131102,    69,  1,  32,    82, -1,  30
735539,20131102,   181,  1,  24,   128, -1,  21
735539,20131102,    33, -1,  19,   201,  1,  18
735539,20131102,    26, -1,  28,    43,  1,   7
735539,20131102,   178, -1,  45,   187,  1,   9
735539,20131102,    20, -1,  38,   141,  1,  14
735539,20131102,    66, -1,  16,   149,  1,   6
735539,20131102,   184, -1,  58,   231,  1,  14
735539,20131102,    40,  1,  28,   183, -1,  26
735539,20131102,    54,  1,  22,    85, -1,  20
735539,20131102,   127,  1,  49,    92, -1,   7
735539,20131102,    78,  1,  47,   133, -1,  40
735539,20131102,    38, -1,  35,     9,  1,  28
735539,20131102,   106,  1,  17,   236, -1,   7
735539,20131102,   182,  0,  56,   190,  0,  49
735539,20131102,     5, -1,  19,     8,  1,  18
735539,20131102,    57,  1,  21,   199, -1,  10
735539,20131102,   188, -1,  41,   116,  1,   7
735542,20131105,    27,  1,  30,   158, -1,   3
735542,20131105,    23, -1,  45,   120,  1,   3
735543,20131106,    18,  1,  44,    30, -1,  24
735544,20131107,    19,  1,  41,   160, -1,  12
735544,20131107,   107,  1,  41,   216, -1,  36
735544,20131107,   200,  1,  26,   163, -1,  20
735544,20131107,     8,  1,  50,   169, -1,  35
735545,20131108,   109, -1,  31,    47,  1,  10
735545,20131108,   146,  1,  45,     2, -1,  37
735546,20131109,    22, -1,  48,   147,  1,  34
735546,20131109,   229, -1,  28,   225,  1,  24
735546,20131109,   152,  1,  41,   230, -1,   7
735546,20131109,    14, -1,  42,   224,  1,  14
735546,20131109,   150,  1,  45,   234, -1,  14
735546,20131109,   161,  1,  42,    99, -1,   6
735546,20131109,   167,  1,  28,   157, -1,  21
735546,20131109,   235, -1,  42,   119,  1,  24
735546,20131109,   117,  1,  21,   213, -1,   6
735546,20131109,   143, -1,  17,   121,  1,  13
735546,20131109,   124,  1,  34,    13, -1,  24
735546,20131109,   123,  1,  24,   166, -1,  10
735546,20131109,   134,  1,  48,    67, -1,   0
735546,20131109,   108,  1,  36,   196, -1,  13
735546,20131109,   113,  1,  56,   220, -1,  14
735546,20131109,   203, -1,  20,   114,  1,   3
735546,20131109,    45,  1,  38,   144, -1,  17
735546,20131109,   100, -1,  49,   212,  1,  26
735546,20131109,   226, -1,  62,    32,  1,  28
735546,20131109,    39,  1,  28,   191, -1,  25
735546,20131109,   232, -1,  34,    65,  1,  17
735546,20131109,   247,  1,  27,    29, -1,  17
735546,20131109,    56,  1,  38,   142, -1,  20
735546,20131109,    62,  1,  58,   218, -1,  24
735546,20131109,    60,  1,  35,   239, -1,  32
735546,20131109,    70, -1,  48,   250,  1,  10
735546,20131109,   222,  1,  19,    83, -1,  14
735546,20131109,   223, -1,  31,    10,  1,  26
735546,20131109,     4,  1,  38,   110, -1,  17
735546,20131109,    93, -1,  38,   172,  1,  14
735546,20131109,   185, -1,  34,   186,  1,  30
735546,20131109,    16, -1,  55,   206,  1,  23
735546,20131109,   126, -1,  48,   102,  1,  17
735546,20131109,   210,  1,  51,   125, -1,  41
735546,20131109,    75,  1,  45,     9, -1,   6
735546,20131109,   227,  1,  10,   217, -1,   7
735546,20131109,    11, -1,  20,   228,  1,  19
735546,20131109,   242,  1,  59,    44, -1,   7
735546,20131109,    68, -1,  59,   241,  1,   3
735546,20131109,   162, -1,  59,    86,  1,  38
735546,20131109,    91,  1,  52,    88, -1,  35
735546,20131109,   204, -1,  21,    94,  1,  17
735546,20131109,   209, -1,  47,   245,  1,  40
735546,20131109,   248, -1,  21,    15,  1,  17
735546,20131109,   139,  1,  42,    81, -1,  28
735546,20131109,   197, -1,  31,     6,  1,  28
735546,20131109,   151,  1,  24,   136, -1,  21
735546,20131109,    12,  1,  45,    78, -1,  42
735546,20131109,   129, -1,  31,   194,  1,  27
735546,20131109,   111, -1,  33,     7,  1,  27
735546,20131109,   132,  1,  24,   140, -1,  23
735546,20131109,   176, -1,  54,    35,  1,  21
735546,20131109,    40, -1,  35,    63,  1,  10
735546,20131109,    61,  1,  54,   130, -1,  29
735546,20131109,   251,  1,  24,    24, -1,  17
735546,20131109,   105,  1,  34,    82, -1,  20
735546,20131109,   181,  1,  10,    57, -1,   0
735546,20131109,    43, -1,  28,   103,  1,  24
735546,20131109,   175, -1,  39,   202,  1,  31
735546,20131109,   133,  1,  20,   219, -1,  17
735546,20131109,   137,  1,  28,    89, -1,  10
735546,20131109,   178,  1,  25,    66, -1,  21
735546,20131109,   179,  1,  29,    92, -1,   0
735546,20131109,   127, -1,  37,   180,  1,  27
735546,20131109,   118,  1,  45,    96, -1,  42
735546,20131109,   171, -1,  38,   165,  1,  26
735546,20131109,   156,  1,  37,   104, -1,  28
735546,20131109,   154,  1,  22,   252, -1,  20
735546,20131109,    58, -1,  37,   135,  1,  17
735546,20131109,    80, -1,  34,    46,  1,   0
735546,20131109,   168, -1,  38,    87,  1,  31
735546,20131109,   198, -1,  27,   244,  1,  21
735546,20131109,    38,  1,  20,   249, -1,  10
735546,20131109,    72,  1,  35,   237, -1,  19
735546,20131109,    31,  1,  42,    49, -1,   7
735546,20131109,   207,  1,  31,    17, -1,   6
735546,20131109,   246, -1,  24,    53,  1,  10
735546,20131109,   145,  1,  33,    98, -1,  17
735546,20131109,   128, -1,  23,   240,  1,   6
735546,20131109,   199, -1,  23,    25,  1,  20
735546,20131109,   233, -1,  45,   173,  1,   0
735546,20131109,   201,  1,  26,    51, -1,  13
735546,20131109,    28,  1,  72,   231, -1,  12
735546,20131109,   184, -1,  56,   131,  1,   3
735546,20131109,    79,  1,  29,   141, -1,  21
735546,20131109,    69,  1,  23,    26, -1,  21
735546,20131109,    85,  1,  42,   187, -1,  14
735546,20131109,   112, -1,  55,    33,  1,  28
735546,20131109,    71,  1,  35,   183, -1,  17
735546,20131109,   236,  1,  27,    73, -1,   9
735546,20131109,    50,  1,  34,    48, -1,   6
735546,20131109,    36,  1,  31,    42, -1,  26
735546,20131109,   208, -1,  41,   189,  1,  16
735546,20131109,    55,  1,  36,    52, -1,  10
735546,20131109,    95, -1,  26,     5,  1,  20
735546,20131109,   182,  1,  49,   148, -1,  24
735546,20131109,    90,  1,  34,     1, -1,  31
735546,20131109,   106,  1,  35,   170, -1,  14
735546,20131109,    97,  1,  68,    59, -1,  10
735546,20131109,   149, -1,  27,    20,  1,  24
735546,20131109,   116, -1,  69,   190,  1,  38
735546,20131109,   188, -1,  58,    34,  1,  31
735549,20131112,    23,  1,  49,   158, -1,   0
735549,20131112,   214,  1,  51,    27, -1,  41
735550,20131113,   138,  1,  48,    18, -1,  27
735550,20131113,   101,  1,  24,   120, -1,   6
735551,20131114,   113, -1,  45,   218,  1,  34
735551,20131114,    41,  1,  55,    77, -1,  31
735551,20131114,   178,  1,  38,   132, -1,   3
735552,20131115,   223,  1,  41,   242, -1,  31
735553,20131116,   114, -1,  27,   235,  1,  24
735553,20131116,   232,  1,  22,   102, -1,   6
735553,20131116,    30, -1,  27,   239,  1,  22
735553,20131116,   230,  1,  33,    67, -1,  10
735553,20131116,   159, -1,  60,    88,  1,  35
735553,20131116,   100,  1,  33,   204, -1,  31
735553,20131116,    99,  1,  31,   245, -1,  19
735553,20131116,    64, -1,  41,   196,  1,   7
735553,20131116,   161, -1,  38,   209,  1,  13
735553,20131116,   222, -1,  39,   205,  1,  36
735553,20131116,   185, -1,  28,    81,  1,  21
735553,20131116,    44,  1,  41,    32, -1,  24
735553,20131116,    29,  1,  59,    87, -1,  13
735553,20131116,    56,  1,  48,   119, -1,  30
735553,20131116,    62,  1,  63,   220, -1,  14
735553,20131116,   247,  1,  51,    91, -1,   3
735553,20131116,    19,  0,  63,   212,  0,  34
735553,20131116,    22,  1,  38,   142, -1,  21
735553,20131116,    16,  1,  43,    75, -1,  38
735553,20131116,    14,  1,  38,   211, -1,  21
735553,20131116,   243, -1,  24,    10,  1,  17
735553,20131116,    11,  1,  30,   164, -1,  17
735553,20131116,    21,  1,  48,   250, -1,   7
735553,20131116,    68,  1,  59,   203, -1,   3
735553,20131116,   193,  1,  19,    65, -1,  14
735553,20131116,   174,  1,  52,   108, -1,  14
735553,20131116,    39, -1,  52,   177,  1,  17
735553,20131116,   226,  1,  20,   200, -1,  17
735553,20131116,   191,  1,  38,    47, -1,  21
735553,20131116,   107, -1,  35,    76,  1,  21
735553,20131116,   122, -1,  41,   143,  1,  28
735553,20131116,    45, -1,  66,   146,  1,  42
735553,20131116,   144,  1,  38,   186, -1,  16
735553,20131116,   150, -1,  34,   167,  1,  27
735553,20131116,   166,  1,  45,   172, -1,  21
735553,20131116,   163,  1,  44,   228, -1,  21
735553,20131116,   160,  1,  48,    94, -1,  10
735553,20131116,   121, -1,  27,   155,  1,  19
735553,20131116,     4, -1,  20,   125,  1,   7
735553,20131116,   124,  1,  51,   216, -1,  21
735553,20131116,     3, -1,  14,   115,  1,  13
735553,20131116,   109,  1,  20,    83, -1,  13
735553,20131116,   117, -1,  23,   195,  1,  10
735553,20131116,   139,  1,  42,   192, -1,  14
735553,20131116,    42,  1,  46,   170, -1,  13
735553,20131116,   188,  1,  34,   182, -1,  21
735553,20131116,     5,  1,  50,    12, -1,  42
735553,20131116,    49, -1,  43,   168,  1,  42
735553,20131116,   103,  1,  27,    69, -1,  14
735553,20131116,   198, -1,  22,   130,  1,  14
735553,20131116,   129,  1,  42,   244, -1,   6
735553,20131116,     6, -1,  19,   133,  1,   7
735553,20131116,   111,  1,  41,   173, -1,   0
735553,20131116,   171,  1,  59,   251, -1,  23
735553,20131116,   180,  1,  24,    89, -1,  17
735553,20131116,    34, -1,  17,   148,  1,  10
735553,20131116,   153,  1,  24,   136, -1,   7
735553,20131116,     1, -1,  65,   169,  1,  45
735553,20131116,    54, -1,  29,    66,  1,  21
735553,20131116,   213, -1,  16,    59,  1,   7
735553,20131116,    26,  1,  17,    74, -1,   7
735553,20131116,    50, -1,  24,    24,  1,  20
735553,20131116,    58,  1,  52,    97, -1,  14
735553,20131116,    72, -1,  38,    63,  1,  20
735553,20131116,   215, -1,  15,   246,  1,   9
735553,20131116,     9, -1,  33,   249,  1,  21
735553,20131116,   112,  1,  33,   118, -1,   7
735553,20131116,   183,  1,  17,    38, -1,  14
735553,20131116,   221,  1,  34,   151, -1,  18
735553,20131116,   189, -1,  36,    17,  1,  34
735553,20131116,   145, -1,  37,     7,  1,  20
735553,20131116,   179, -1,  27,   194,  1,  12
735553,20131116,    61, -1,  35,    31,  1,  22
735553,20131116,   207,  1,  17,   135, -1,  10
735553,20131116,   202, -1,  41,    98,  1,  38
735553,20131116,   104,  1,  46,   190, -1,  45
735553,20131116,    48,  1,  24,    46, -1,   9
735553,20131116,   238, -1,  21,    92,  1,  14
735553,20131116,    71, -1,  32,   237,  1,  20
735553,20131116,   175, -1,  46,    53,  1,  43
735553,20131116,    80,  1,  38,   165, -1,  30
735553,20131116,   128, -1,  21,    25,  1,  18
735553,20131116,   181, -1,  42,   176,  1,  25
735553,20131116,   240, -1,  10,   199,  1,   7
735553,20131116,    57,  1,  24,    35, -1,  21
735553,20131116,    96,  1,  45,   201, -1,  24
735553,20131116,   140,  1,  41,   187, -1,  14
735553,20131116,    28, -1,  58,   131,  1,  27
735553,20131116,   105, -1,  31,    43,  1,  14
735553,20131116,    40,  1,  31,   236, -1,  10
735553,20131116,    73,  1,  27,    36, -1,  10
735553,20131116,   137, -1,  35,   252,  1,  17
735553,20131116,   141,  1,  24,   149, -1,  13
735553,20131116,    52, -1,  45,   231,  1,  20
735553,20131116,   154, -1,  17,   127,  1,  10
735553,20131116,    85, -1,  40,   219,  1,   6
735553,20131116,     8, -1,  48,    95,  1,  33
735553,20131116,    20,  1,  42,    79, -1,  12
735553,20131116,   184,  1,  23,    55, -1,  13
735553,20131116,   116,  1,  43,   156, -1,  17
735553,20131116,   162,  1,  42,    33, -1,  14
735556,20131119,    27, -1,  44,   120,  1,   7
735556,20131119,   101, -1,  44,   158,  1,  13
735557,20131120,   138, -1,  35,   214,  1,  17
735558,20131121,   225, -1,  41,     2,  1,  21
735558,20131121,   222,  1,  41,   177, -1,  17
735558,20131121,   174, -1,  37,   220,  1,  34
735558,20131121,   188,  1,  52,   148, -1,  27
735559,20131122,   139, -1,  58,   186,  1,  52
735560,20131123,   250,  1,  59,    81, -1,  56
735560,20131123,    70,  1,  69,   146, -1,  28
735560,20131123,    23, -1,  58,    60,  1,   7
735560,20131123,    72, -1,  26,    65,  1,  20
735560,20131123,   217,  1,  45,   230, -1,   3
735560,20131123,   226, -1,  47,    44,  1,  29
735560,20131123,    30,  1,  37,   115, -1,   0
735560,20131123,    41,  1,  52,    40, -1,   6
735560,20131123,     4,  1,  49,    38, -1,   0
735560,20131123,   193,  1,  70,    42, -1,  10
735560,20131123,   185,  1,  34,    21, -1,  31
735560,20131123,    68,  1,  80,    86, -1,  14
735560,20131123,    10,  1,  42,   163, -1,  16
735560,20131123,   125,  0,  24,    13,  0,  17
735560,20131123,    14,  1,  35,    76, -1,  33
735560,20131123,   122, -1,  30,   155,  1,   6
735560,20131123,   157,  1,  23,    29, -1,  13
735560,20131123,   159,  1,  42,    91, -1,  14
735560,20131123,   161,  1,  49,    19, -1,  17
735560,20131123,   242, -1,  69,   164,  1,  27
735560,20131123,   143, -1,  23,   166,  1,  20
735560,20131123,    88, -1,  20,   172,  1,  16
735560,20131123,   227, -1,  21,   152,  1,  13
735560,20131123,   150,  1,  80,   162, -1,  20
735560,20131123,    62, -1,  42,   142,  1,  28
735560,20131123,   119,  1,  45,   234, -1,  26
735560,20131123,   126, -1,  24,   124,  1,  10
735560,20131123,   247, -1,  20,   123,  1,   7
735560,20131123,   191, -1,  16,   195,  1,   6
735560,20131123,   113, -1,  48,    67,  1,  10
735560,20131123,    64,  1,  55,   147, -1,  10
735560,20131123,   110,  1,  34,   210, -1,  10
735560,20131123,   109,  1,  24,   117, -1,  17
735560,20131123,   218, -1,  24,   108,  1,  14
735560,20131123,    22, -1,  29,   114,  1,  26
735560,20131123,    77,  1,  66,     5, -1,   7
735560,20131123,    75,  1,  59,   102, -1,  17
735560,20131123,   232, -1,  14,   206,  1,  10
735560,20131123,   192,  1,  36,   224, -1,  14
735560,20131123,    47, -1,  28,   205,  1,  21
735560,20131123,   167, -1,  17,   203,  1,  16
735560,20131123,   200,  1,  63,    32, -1,  13
735560,20131123,   134, -1,  42,   196,  1,  21
735560,20131123,   248, -1,  38,   211,  1,   7
735560,20131123,   160, -1,  41,   100,  1,  31
735560,20131123,    94,  1,  34,    99, -1,   0
735560,20131123,    93,  1,  24,   121, -1,  21
735560,20131123,    39, -1,  24,    83,  1,  17
735560,20131123,    56, -1,  28,   241,  1,  21
735560,20131123,   243,  1,  49,   228, -1,  37
735560,20131123,    11, -1,  38,   223,  1,  33
735560,20131123,   229,  1,  13,    45, -1,   0
735560,20131123,    31, -1,  42,   136,  1,  14
735560,20131123,   153, -1,  20,   198,  1,  10
735560,20131123,   221, -1,  34,    49,  1,   7
735560,20131123,   137,  1,  42,   194, -1,   0
735560,20131123,   103, -1,  50,   105,  1,  28
735560,20131123,    85, -1,  42,    79,  1,  39
735560,20131123,   202,  1,  24,     7, -1,   3
735560,20131123,   129, -1,  28,   130,  1,  14
735560,20131123,   135,  1,  34,    59, -1,  27
735560,20131123,    48, -1,  42,   165,  1,  41
735560,20131123,   154,  1,  28,   238, -1,  13
735560,20131123,   156,  1,  40,   190, -1,  27
735560,20131123,   169,  1,  43,    12, -1,  23
735560,20131123,   175,  1,  31,   246, -1,  20
735560,20131123,    25, -1,  29,    35,  1,  16
735560,20131123,    20,  0,  29,    66,  0,  10
735560,20131123,    80, -1,  34,   251,  1,   7
735560,20131123,    61,  1,  42,   168, -1,  41
735560,20131123,   233,  0,  35,    53,  0,  34
735560,20131123,   215,  1,  28,    98, -1,  17
735560,20131123,    58, -1,  70,   213,  1,  22
735560,20131123,   183,  1,  33,    63, -1,  32
735560,20131123,    73, -1,  20,   170,  1,  13
735560,20131123,   180, -1,  31,    92,  1,   9
735560,20131123,   244,  1,  32,    87, -1,   7
735560,20131123,    74, -1,  28,    82,  1,  21
735560,20131123,    24, -1,  48,    46,  1,   7
735560,20131123,   116, -1,  42,   104,  1,  38
735560,20131123,    71,  1,  27,   249, -1,  14
735560,20131123,   199,  1,  23,   176, -1,   3
735560,20131123,   145,  1,  24,   111, -1,   3
735560,20131123,    57, -1,  33,   128,  1,  23
735560,20131123,    37, -1,  61,   131,  1,  17
735560,20131123,   140,  1,  28,   141, -1,   0
735560,20131123,   178, -1,  17,   149,  1,   3
735560,20131123,   118,  1,  41,   201, -1,  14
735560,20131123,    69, -1,  56,    43,  1,  19
735560,20131123,    26, -1,  35,   236,  1,  23
735560,20131123,    50,  1,  28,   171, -1,  24
735560,20131123,   106, -1,  56,    36,  1,  14
735560,20131123,   179, -1,  42,   252,  1,  13
735560,20131123,   132, -1,  31,    54,  1,  26
735560,20131123,   208,  1,  34,    17, -1,   0
735560,20131123,     9,  1,  48,   237, -1,  27
735560,20131123,    97,  1,  42,   189, -1,  34
735560,20131123,    34,  1,  49,   182, -1,  31
735560,20131123,    33, -1,  47,    51,  1,  14
735563,20131126,   138,  1,  33,   239, -1,  14
735565,20131128,   209,  1,  41,   212, -1,  16
735565,20131128,   125,  1,  17,   124, -1,  10
735566,20131129,    64,  1,  21,    67, -1,   6
735566,20131129,    93, -1,  38,   143,  1,  17
735566,20131129,   119, -1,  41,   167,  1,  31
735566,20131129,   163,  1,  36,   164, -1,  35
735566,20131129,   158,  1,  51,   115, -1,  23
735566,20131129,   222,  1,  23,   195, -1,  20
735566,20131129,    18,  1,  55,   120, -1,  14
735566,20131129,   186,  1,  62,    70, -1,  52
735566,20131129,     3,  1,  31,   214, -1,  29
735566,20131129,    30,  1,  42,    60, -1,  10
735566,20131129,    23, -1,  24,    27,  1,   7
735566,20131129,   242,  1,  27,   243, -1,  17
735566,20131129,   216,  1,  42,   211, -1,  28
735566,20131129,    83,  1,  34,   191, -1,   0
735566,20131129,   110,  1,  31,    13, -1,  27
735566,20131129,   113,  1,  59,    62, -1,  28
735567,20131130,    91,  1,  56,   172, -1,  36
735567,20131130,   155, -1,  37,    88,  1,  34
735567,20131130,   100, -1,  31,    99,  1,  10
735567,20131130,    94, -1,  52,   245,  1,  44
735567,20131130,   248,  1,  34,    14, -1,  31
735567,20131130,    19, -1,  41,   204,  1,  38
735567,20131130,   235, -1,  16,   234,  1,   6
735567,20131130,   228,  1,  24,    44, -1,  17
735567,20131130,   229,  1,  35,   250, -1,   7
735567,20131130,   232,  1,  23,   241, -1,  21
735567,20131130,   152, -1,  42,   218,  1,  10
735567,20131130,   203,  1,  34,    22, -1,  31
735567,20131130,   200,  1,  27,   157, -1,  20
735567,20131130,   224, -1,  31,   107,  1,  28
735567,20131130,   206, -1,  27,   102,  1,  14
735567,20131130,   227,  1,  30,   108, -1,  10
735567,20131130,    75, -1,  41,    77,  1,  34
735567,20131130,    81,  1,  49,    15, -1,  42
735567,20131130,   166, -1,  31,   247,  1,  24
735567,20131130,    68, -1,  37,    65,  1,   7
735567,20131130,    45,  1,  58,     2, -1,  13
735567,20131130,    47,  1,  28,   177, -1,  17
735567,20131130,   192, -1,  38,    76,  1,  17
735567,20131130,   223, -1,  35,   226,  1,  14
735567,20131130,   193,  1,  31,    41, -1,  17
735567,20131130,   174,  1,  17,   217, -1,  13
735567,20131130,    16,  1,  34,     4, -1,  28
735567,20131130,   196, -1,  62,   220,  1,  27
735567,20131130,    21,  1,  45,   146, -1,  17
735567,20131130,    11,  1,  58,    10, -1,  21
735567,20131130,   225,  1,  45,   185, -1,  19
735567,20131130,    29, -1,  28,   144,  1,  23
735567,20131130,   147,  1,  24,    86, -1,  16
735567,20131130,   114, -1,  41,   142,  1,  21
735567,20131130,    56, -1,  27,   150,  1,  25
735567,20131130,   205, -1,  41,   117,  1,  21
735567,20131130,   126,  1,  28,   210, -1,  21
735567,20131130,   159, -1,  42,   121,  1,  41
735567,20131130,   122,  1,  14,   123, -1,   3
735567,20131130,   134,  1,  48,   230, -1,  17
735567,20131130,   197,  0,  40,    78,  0,  17
735567,20131130,    97,  1,  55,   183, -1,  14
735567,20131130,   179, -1,  26,   153,  1,   7
735567,20131130,   182,  1,  51,   198, -1,  20
735567,20131130,   207, -1,  31,    28,  1,   0
735567,20131130,    69,  1,  37,   181, -1,  27
735567,20131130,    42,  1,  48,    20, -1,  24
735567,20131130,    71, -1,  30,   178,  1,  20
735567,20131130,   145,  1,  45,   103, -1,   7
735572,20131205,   109, -1,  31,    39,  1,  24
735573,20131206,    23,  0,  47,   138,  0,  27
735574,20131207,    47,  1,  45,   117, -1,  10
735574,20131207,    19,  1,  30,   209, -1,  10
735574,20131207,   177,  1,  31,   195, -1,   6
735574,20131207,   160, -1,  33,   161,  1,  24
735574,20131207,   192,  1,  30,   107, -1,   8
735574,20131207,   222, -1,  17,   191,  1,  13
735574,20131207,   174,  1,  41,   113, -1,  24
735574,20131207,    16,  0,  59,   126,  0,  42
735574,20131207,   200, -1,  38,    11,  1,  14
735574,20131207,    68,  0,  45,    56,  0,   7
735574,20131207,   122,  0,  34,   159,  0,  24
735574,20131207,    70,  1,  24,   229, -1,  17
735574,20131207,   137,  1,  38,    71, -1,   7
735574,20131207,    42, -1,  42,   129,  1,  35
735574,20131207,    61,  1,  41,   179, -1,  17
735574,20131207,    97, -1,  31,   116,  1,  10
735574,20131207,   145, -1,  41,   111,  1,  27
735574,20131207,   215,  1,  48,    69, -1,  28
735574,20131207,    58,  1,  51,   207, -1,  10
735574,20131207,   188,  1,  30,   182, -1,  29
735574,20131207,   197,  0,  34,    95,  0,  27
735580,20131213,   215, -1,  49,    58,  1,  39
735581,20131214,   139,  0,  34,    15,  0,   7
735581,20131214,   137,  1,  48,    42, -1,  14
735581,20131214,    61,  1,  35,    97, -1,  24
735581,20131214,   145, -1,  20,   188,  1,  17
735587,20131220,   137,  1,  52,   145, -1,  14
735588,20131221,   107,  0,  24,   217,  0,  21
735588,20131221,   185,  0,  49,    27,  0,  24
735588,20131221,   226,  0,  45,    70,  0,  20
735588,20131221,    45,  0,  48,   243,  0,  45
735588,20131221,   215, -1,  35,    61,  1,  31
735590,20131223,    62,  0,  37,   158,  0,  20
735591,20131224,   164,  0,  38,    21,  0,  23
735593,20131226,   229,  0,  21,   138,  0,  14
735593,20131226,   167,  0,  30,    23,  0,  27
735594,20131227,   242,  0,  31,    29,  0,  16
735594,20131227,   203,  0,  21,   123,  0,  17
735594,20131227,   113,  0,  31,   114,  0,  20
735595,20131228,   100,  0,  31,   121,  0,  14
735595,20131228,   109,  0,  36,   119,  0,   9
735595,20131228,   150,  0,  39,    39,  0,  17
735595,20131228,   157,  0,  29,   177,  0,  16
735597,20131230,   212,  0,  37,    11,  0,  23
735597,20131230,   163,  0,  30,   209,  0,   7
735597,20131230,   124,  0,  25,    77,  0,  17
735597,20131230,   139,  0,  24,   134,  0,   6
735598,20131231,   210,  0,  52,    56,  0,  48
735598,20131231,   125,  0,  44,   174,  0,   7
735598,20131231,   223,  0,  42,   235,  0,  12
735598,20131231,    10,  0,  42,    22,  0,  19
735599,20140101,   222,  0,  52,    19,  0,  42
735599,20140101,   122,  0,  24,   200,  0,  20
735599,20140101,   110,  0,  21,    93,  0,  14
735599,20140101,   193,  0,  34,   247,  0,  24
735599,20140101,   152,  0,  36,   225,  0,  14
735599,20140101,   143,  0,  24,    75,  0,  19
735600,20140102,   160,  0,  45,     4,  0,  31
735601,20140103,    41,  0,  40,   159,  0,  35
735601,20140103,   126,  0,  41,   161,  0,  31
735602,20140104,   232,  0,  41,    83,  0,  24
735602,20140104,   137,  0,  35,   215,  0,   7
735603,20140105,    14,  0,  23,    18,  0,  20
735604,20140106,    68,  0,  34,    16,  0,  31
