736932,20170826,    67,  1,  29,   221, -1,   7
736932,20170826,    29,  1,  20,   170, -1,   6
736932,20170826,    98,  0,  27,    38,  0,  13
736932,20170826,    43, -1,  20,    31,  1,  14
736932,20170826,    82, -1,  38,   117,  1,  35
736932,20170826,    45,  1,  58,   166, -1,  27
736932,20170826,   197, -1,  42,   188,  1,  22
736932,20170826,   202,  0,  62,   176,  0,   7
736937,20170831,    30,  1,  30,   175, -1,  27
736937,20170831,    39,  1,  26,    17, -1,  14
736937,20170831,    47,  1,  27,    83, -1,  20
736937,20170831,    53,  1,  22,    54, -1,   3
736937,20170831,   209, -1,  17,    77,  1,  10
736937,20170831,   120,  1,  48,    97, -1,   7
736937,20170831,   216,  1,  47,    63, -1,  13
736937,20170831,   243,  1,  51,   172, -1,   7
736937,20170831,   150,  1,  37,   118, -1,  35
736937,20170831,   185,  1,  28,   102, -1,  23
736937,20170831,   181,  1,  51,    57, -1,  13
736937,20170831,   240, -1,  41,   210,  1,  14
736937,20170831,   230,  1,  37,   153, -1,  16
736937,20170831,    87,  1,  28,    49, -1,   6
736937,20170831,    58, -1,  22,    93,  1,  20
736937,20170831,   147,  1,  24,   113, -1,  23
736937,20170831,    13,  1,  49,    67, -1,   7
736937,20170831,   161, -1,  49,    92,  1,  21
736937,20170831,   119,  1,  37,   226, -1,  29
736937,20170831,   125,  1,  17,    27, -1,   7
736937,20170831,    11,  1,  37,   149, -1,  31
736937,20170831,   224,  1,  61,    68, -1,  17
736937,20170831,   163,  1,  59,   220, -1,  24
736938,20170901,   205,  1,  50,    35, -1,   7
736938,20170901,    15,  1,  64,    70, -1,   6
736938,20170901,    60,  1,  24,    37, -1,   7
736938,20170901,   244, -1,  30,   179,  1,  14
736938,20170901,    22, -1,  23,   140,  1,  20
736938,20170901,   249,  1,  59,   231, -1,  10
736938,20170901,    44,  0,  17,    45,  0,   3
736938,20170901,   141, -1,  42,    65,  1,  19
736938,20170901,   184,  0,  48,   177,  0,  34
736939,20170902,    26,  1,  45,   114, -1,   6
736939,20170902,    56,  1,  60,   143, -1,   7
736939,20170902,    99, -1,  34,    62,  1,  14
736939,20170902,   235, -1,  38,   107,  1,  35
736939,20170902,   121,  1,  41,    20, -1,  13
736939,20170902,   160,  1,  59,    80, -1,   0
736939,20170902,   164,  1,  31,     7, -1,  17
736939,20170902,   169,  1,  28,   254, -1,  21
736939,20170902,   178,  1,  13,    52, -1,  10
736939,20170902,   197,  1,  31,   204, -1,  17
736939,20170902,   217,  1,  10,   134, -1,   0
736939,20170902,   236,  1,  28,   248, -1,  10
736939,20170902,   251,  1,  24,    72, -1,  23
736939,20170902,   108, -1,  48,    19,  1,  45
736939,20170902,    95,  1,  42,   156, -1,  24
736939,20170902,   100,  1,  38,   191, -1,  16
736939,20170902,   101,  1,  55,    34, -1,  19
736939,20170902,   109,  1,  51,   190, -1,  48
736939,20170902,   110,  1,  52,   158, -1,  24
736939,20170902,   127,  1,  49,    36, -1,   0
736939,20170902,   128,  1,  72,   129, -1,  43
736939,20170902,   139,  1,  72,   135, -1,   7
736939,20170902,   154,  1,  59,   106, -1,  14
736939,20170902,   193,  1,  58,   192, -1,  14
736939,20170902,   206,  1,  63,    96, -1,   0
736939,20170902,   213,  1,  20,    85, -1,  11
736939,20170902,   214,  1,  56,    61, -1,  10
736939,20170902,   219,  1,  43,    79, -1,  14
736939,20170902,   250,  1,  31,    59, -1,  17
736939,20170902,     2,  1,  62,   238, -1,   0
736939,20170902,   131,  1,  45,   233, -1,  23
736939,20170902,   148,  1,  38,     1, -1,  14
736939,20170902,    10,  1,  62,   155, -1,  24
736939,20170902,    71,  1,  66,    91, -1,   0
736939,20170902,   130,  1,  31,   105, -1,  12
736939,20170902,   165,  1,  77,   200, -1,  21
736939,20170902,   166,  1,  35,   170, -1,  32
736939,20170902,   188,  1,  34,    31, -1,  13
736939,20170902,    86, -1,  43,   227,  1,  40
736939,20170902,   245,  1,  31,   132, -1,   0
736939,20170902,   142, -1,  45,    74,  1,   3
736939,20170902,    82,  1,  41,   239, -1,  18
736939,20170902,   183,  1,  42,   203, -1,   3
736939,20170902,   196, -1,  77,    55,  1,   7
736939,20170902,    90,  1,  45,    28, -1,   0
736939,20170902,   187,  1,  38,   223, -1,  17
736939,20170902,   222,  1,  38,     5, -1,   7
736939,20170902,    41,  1,  56,   103, -1,   3
736939,20170902,    42,  1,  38,   117, -1,  28
736939,20170902,     4,  0,  24,    69,  0,   7
736939,20170902,    76,  1,  31,     9, -1,  10
736939,20170902,   115,  1,  31,   122, -1,  26
736939,20170902,   124,  1,  35,    23, -1,  10
736939,20170902,    32, -1,  35,   152,  1,  30
736939,20170902,   195,  0,  35,   144,  0,  28
736939,20170902,   168,  1,  52,     3, -1,   0
736939,20170902,   111,  0,  35,   174,  0,  28
736939,20170902,    16,  1,  41,    73, -1,   7
736939,20170902,   112,  1,  27,    29, -1,   0
736939,20170902,   123,  0,  33,    66,  0,  17
736939,20170902,    89,  1,  24,    18, -1,  21
736939,20170902,    94,  1,  24,   252, -1,   3
736939,20170902,   145,  1,  43,    14, -1,  36
736939,20170902,   157,  1,  31,   146, -1,  20
736939,20170902,   162,  1,  56,   232, -1,   7
736939,20170902,   126,  1,  47,   194, -1,  27
736939,20170902,   116, -1,  51,   211,  1,  41
736939,20170902,    21,  1,  24,   218, -1,  13
736939,20170902,   228,  1,  49,   241, -1,  31
736939,20170902,   159,  1,  49,   207, -1,  16
736939,20170902,   104, -1,  24,   198,  1,  17
736939,20170902,   234, -1,  28,   136,  1,   6
736940,20170903,   199,  1,  14,   180, -1,   8
736940,20170903,   225,  1,  45,   212, -1,  44
736940,20170903,   237,  0,  31,   247,  0,  24
736941,20170904,   208,  0,  42,    78,  0,  41
736944,20170907,   231,  1,  51,    88, -1,  13
736944,20170907,    85, -1,  24,   221,  1,  17
736944,20170907,   184, -1,  44,   171,  1,  31
736945,20170908,    80,  1,  28,    54, -1,  15
736945,20170908,    68,  0,  17,     8,  0,  10
736945,20170908,   174,  1,  44,   160, -1,  21
736945,20170908,   163, -1,  44,   194,  1,   7
736946,20170909,     3,  1,  52,    12, -1,   3
736946,20170909,     9,  1,  54,   189, -1,   7
736946,20170909,   196, -1,  35,    23,  1,  27
736946,20170909,    83, -1,  20,    26,  1,   0
736946,20170909,    70, -1,  38,    35,  1,  31
736946,20170909,   177, -1,  20,    43,  1,  17
736946,20170909,    63, -1,  34,    72,  1,  31
736946,20170909,    78,  1,  37,    98, -1,  10
736946,20170909,    99,  1,  52,    64, -1,  10
736946,20170909,   103,  1,  38,    86, -1,  31
736946,20170909,   104,  1,  27,    59, -1,  16
736946,20170909,   108,  1,  58,   133, -1,  17
736946,20170909,   113,  1,  60,    25, -1,  12
736946,20170909,   114,  1,  38,   203, -1,  17
736946,20170909,   116,  1,  63,   217, -1,  17
736946,20170909,   251, -1,  28,   120,  1,  27
736946,20170909,   122,  1,  31,    17, -1,  10
736946,20170909,     7, -1,  26,   134,  1,   0
736946,20170909,   204, -1,  35,   175,  1,  18
736946,20170909,   201,  1,  31,   242, -1,   6
736946,20170909,   207,  1,  16,   235, -1,  13
736946,20170909,   208,  1,  42,    93, -1,   7
736946,20170909,   237,  1,  27,    53, -1,   0
736946,20170909,   239,  1,  63,    51, -1,  17
736946,20170909,    52,  1,  25,   191, -1,  23
736946,20170909,   209,  0,  17,    96,  0,  15
736946,20170909,   112,  1,  45,    38, -1,  10
736946,20170909,   130,  1,  46,   107, -1,  27
736946,20170909,    34, -1,  41,   137,  1,  13
736946,20170909,   153,  1,  34,   129, -1,   0
736946,20170909,   140,  1,  38,    58, -1,  10
736946,20170909,   126,  1,  45,   215, -1,  23
736946,20170909,   198,  1,  45,   199, -1,   0
736946,20170909,   212,  1,  24,   150, -1,  14
736946,20170909,   218,  1,  34,     6, -1,   7
736946,20170909,   234,  1,  42,     5, -1,   0
736946,20170909,    45,  1,  38,     1, -1,  10
736946,20170909,   181, -1,  31,   132,  1,  27
736946,20170909,    57, -1,  45,   233,  1,  40
736946,20170909,   252,  1,  27,    74, -1,   0
736946,20170909,   254,  1,  30,   178, -1,   0
736946,20170909,    32,  1,  33,   246, -1,  20
736946,20170909,   240, -1,  38,   155,  1,  20
736946,20170909,    49,  1,  56,    91, -1,  22
736946,20170909,   223,  1,  35,   186, -1,   7
736946,20170909,   244,  1,  63,   131, -1,   7
736946,20170909,   139, -1,  40,    61,  1,  13
736946,20170909,   156,  1,  45,    31, -1,  38
736946,20170909,    75, -1,  16,    33,  1,  10
736946,20170909,    40, -1,  48,   172,  1,   7
736946,20170909,   147,  0,  22,    73,  0,  12
736946,20170909,   183, -1,  38,   105,  1,  24
736946,20170909,   248, -1,  20,   151,  1,   6
736946,20170909,    79,  1,  23,   158, -1,  10
736946,20170909,   102,  1,  27,   210, -1,  14
736946,20170909,   182,  1,  55,   135, -1,   3
736946,20170909,   200, -1,  51,   192,  1,  14
736946,20170909,    20, -1,  28,   190,  1,  23
736946,20170909,    15,  1,  21,    27, -1,  17
736946,20170909,    18,  1,  51,   222, -1,  31
736946,20170909,   243, -1,  34,    22,  1,  10
736946,20170909,    41,  1,  14,    16, -1,   6
736946,20170909,    56,  1,  41,   157, -1,  17
736946,20170909,   164, -1,  17,   117,  1,   7
736946,20170909,   123,  1,  36,    39, -1,  14
736946,20170909,   124,  1,  28,   241, -1,  14
736946,20170909,   141,  1,  23,   219, -1,  21
736946,20170909,   111, -1,  47,   152,  1,  35
736946,20170909,   144,  1,  37,   115, -1,  20
736946,20170909,   162, -1,  31,   161,  1,  16
736946,20170909,   168,  1,  33,   169, -1,  14
736946,20170909,    60, -1,  16,   179,  1,  13
736946,20170909,   136, -1,  30,   205,  1,  23
736946,20170909,    92, -1,  34,   236,  1,  17
736946,20170909,   247,  1,  56,    62, -1,  20
736946,20170909,     4,  1,  41,    71, -1,  10
736946,20170909,   206, -1,  28,    13,  1,   7
736946,20170909,   229, -1,  17,    19,  1,  10
736946,20170909,    89,  1,  20,   250, -1,   7
736946,20170909,    94, -1,  44,    95,  1,  41
736946,20170909,    30, -1,  45,   100,  1,  27
736946,20170909,   101,  1,  55,    37, -1,   7
736946,20170909,   195, -1,  31,   128,  1,  13
736946,20170909,   193,  1,  54,   154, -1,  32
736946,20170909,   211,  1,  56,   188, -1,   0
736946,20170909,   220,  1,  66,   109, -1,  42
736946,20170909,   249,  1,  31,    65, -1,  14
736946,20170909,   230, -1,  19,    29,  1,  13
736946,20170909,    44,  1,  37,   213, -1,   3
736946,20170909,   149, -1,  30,   148,  1,  28
736946,20170909,   176, -1,  31,   232,  1,  14
736946,20170909,    84, -1,  19,    10,  1,  16
736946,20170909,   187, -1,  30,    11,  1,  20
736946,20170909,   227, -1,  44,    87,  1,  16
736946,20170909,   216, -1,  37,   146,  1,  24
736946,20170909,   165,  1,  42,   145, -1,  35
736946,20170909,   125, -1,  48,   166,  1,  14
736946,20170909,   225,  1,  56,    82, -1,  23
736946,20170909,   228,  1,  42,   202, -1,  24
736946,20170909,   245,  1,  47,    21, -1,  44
736946,20170909,   127, -1,  57,   110,  1,  21
736946,20170909,    76, -1,  20,   159,  1,  19
736951,20170914,    21,  1,  28,   148, -1,  14
736952,20170915,   197,  1,  47,    89, -1,  23
736952,20170915,   207,  1,  29,   117, -1,  21
736952,20170915,    10, -1,  63,   232,  1,  16
736953,20170916,     7,  1,  28,   130, -1,  14
736953,20170916,    18,  1,  28,   210, -1,  13
736953,20170916,    24,  1,  28,    25, -1,  23
736953,20170916,    27,  1,  33,    43, -1,  10
736953,20170916,   142, -1,  35,    37,  1,  31
736953,20170916,    46,  1,  17,   242, -1,  14
736953,20170916,    53,  1,  41,    48, -1,  14
736953,20170916,    40, -1,  31,    64,  1,  25
736953,20170916,    63,  1,  19,    36, -1,  17
736953,20170916,    65,  1,  45,    20, -1,   0
736953,20170916,   114, -1,  14,    75,  1,  12
736953,20170916,    76,  1,  42,   185, -1,  14
736953,20170916,    83,  1,  51,   147, -1,  26
736953,20170916,    99,  1,  75,   151, -1,  14
736953,20170916,   253, -1,  56,   107,  1,  28
736953,20170916,   108,  1,  42,    93, -1,  41
736953,20170916,   144,  1,  49,    72, -1,  16
736953,20170916,   172,  1,  28,    33, -1,  16
736953,20170916,   173,  1,  27,   186, -1,  17
736953,20170916,   175,  1,  17,    81, -1,  10
736953,20170916,   177,  1,  68,    86, -1,  21
736953,20170916,   179,  1,  65,   134, -1,   0
736953,20170916,    50, -1,  38,   203,  1,   7
736953,20170916,   204,  1,  45,   183, -1,   7
736953,20170916,   235,  1,  59,   105, -1,   0
736953,20170916,   247,  1,  59,    54, -1,  16
736953,20170916,   248,  1,  30,    26, -1,   9
736953,20170916,    14,  1,  48,    12, -1,   3
736953,20170916,    16,  1,  24,   120, -1,  10
736953,20170916,    17,  1,  69,   133, -1,  13
736953,20170916,    34,  1,  38,   190, -1,   6
736953,20170916,    57, -1,  28,    52,  1,  23
736953,20170916,    90, -1,  44,    58,  1,  13
736953,20170916,    61, -1,  56,    70,  1,  21
736953,20170916,   129,  1,  28,   137, -1,  21
736953,20170916,   150,  1,  44,   171, -1,  13
736953,20170916,   194,  1,  45,     5, -1,   0
736953,20170916,   196,  1,  45,   153, -1,   7
736953,20170916,   181,  1,  51,    55, -1,  10
736953,20170916,   209, -1,  24,    67,  1,  13
736953,20170916,   229,  1,  51,   199, -1,  17
736953,20170916,    44,  1,  41,   138, -1,  21
736953,20170916,   131,  1,  56,   189, -1,   3
736953,20170916,   200,  1,  24,   156, -1,  21
736953,20170916,   254,  1,  59,    35, -1,   9
736953,20170916,    88, -1,  30,   146,  1,  28
736953,20170916,   223, -1,  37,   170,  1,  14
736953,20170916,   178,  1,  23,   238, -1,   0
736953,20170916,   246, -1,  31,    49,  1,  24
736953,20170916,   215, -1,  21,    38,  1,   7
736953,20170916,   239, -1,  42,    74,  1,  27
736953,20170916,     1,  1,  24,    85, -1,   3
736953,20170916,   118, -1,  34,     8,  1,  27
736953,20170916,    79,  1,  36,    96, -1,  21
736953,20170916,   158,  1,  35,   106, -1,  28
736953,20170916,   217, -1,  16,   201,  1,  14
736953,20170916,   182, -1,  35,   191,  1,  17
736953,20170916,   192,  1,  37,    91, -1,  31
736953,20170916,   102, -1,  20,     6,  1,  14
736953,20170916,    95, -1,  41,     3,  1,  14
736953,20170916,   159, -1,  49,    22,  1,  20
736953,20170916,    56,  1,  34,    19, -1,  20
736953,20170916,   237, -1,  64,    62,  1,  17
736953,20170916,    66,  1,  26,   208, -1,  20
736953,20170916,    41, -1,  47,   111,  1,  21
736953,20170916,   115,  1,  21,   103, -1,   0
736953,20170916,    39, -1,  21,   122,  1,  17
736953,20170916,   123,  1,  29,     2, -1,  13
736953,20170916,   160,  1,  42,   100, -1,  30
736953,20170916,   161,  1,  38,    15, -1,   7
736953,20170916,   152, -1,  53,   164,  1,  23
736953,20170916,   168,  1,  56,    77, -1,   0
736953,20170916,   163, -1,  59,   169,  1,  21
736953,20170916,   104, -1,  23,   195,  1,  13
736953,20170916,   205,  1,  41,    30, -1,  17
736953,20170916,   216,  1,  54,   220, -1,  51
736953,20170916,   236,  1,  38,    47, -1,  18
736953,20170916,   243,  1,  46,   231, -1,  10
736953,20170916,   241,  1,  37,    87, -1,  28
736953,20170916,     4,  1,  41,    45, -1,  23
736953,20170916,    84,  1,  38,   176, -1,   3
736953,20170916,    94,  1,  31,   154, -1,  14
736953,20170916,   198, -1,  28,   226,  1,  17
736953,20170916,   119,  1,  48,   225, -1,  45
736953,20170916,   125,  1,  34,   136, -1,   3
736953,20170916,   127,  1,  37,   112, -1,   7
736953,20170916,   174, -1,  35,   128,  1,   3
736953,20170916,   140, -1,  21,   145,  1,  17
736953,20170916,   157,  1,  49,    23, -1,   7
736953,20170916,   162,  1,  56,   219, -1,  14
736953,20170916,   206,  1,  56,   193, -1,  36
736953,20170916,   212,  1,  45,   109, -1,  21
736953,20170916,     9, -1,  20,   213,  1,  13
736953,20170916,   214,  1,  52,    11, -1,  45
736953,20170916,   222,  1,  30,    42, -1,  23
736953,20170916,   234,  1,  14,   101, -1,   7
736953,20170916,   110, -1,  23,   250,  1,  22
736953,20170916,   249, -1,  40,    29,  1,   6
736953,20170916,   218, -1,  27,   149,  1,  24
736953,20170916,   230,  1,  54,   188, -1,  16
736953,20170916,    32,  1,  27,   126, -1,  16
736953,20170916,   228,  1,  27,   211, -1,  24
736953,20170916,   244,  1,  48,    71, -1,  16
736953,20170916,   245,  1,  52,   166, -1,  23
736953,20170916,   165, -1,  49,   252,  1,  13
736953,20170916,   187,  1,  20,   202, -1,  17
736958,20170921,   143,  1,  33,   180, -1,  28
736958,20170921,   197,  1,  43,   207, -1,   7
736959,20170922,   230, -1,  30,    10,  1,  24
736959,20170922,   236, -1,  42,    21,  1,  23
736960,20170923,     7,  1,  19,   235, -1,  10
736960,20170923,    26,  1,  34,   183, -1,  31
736960,20170923,   240, -1,  52,    42,  1,  10
736960,20170923,    72, -1,  45,    43,  1,  14
736960,20170923,    46,  1,  35,    75, -1,  14
736960,20170923,    50,  1,  27,    83, -1,  26
736960,20170923,    64,  1,  26,   120, -1,  23
736960,20170923,    59,  1,  24,   210, -1,  21
736960,20170923,    81,  1,  45,    24, -1,  28
736960,20170923,    86,  1,  26,    20, -1,  24
736960,20170923,    99,  1,  28,   113, -1,  10
736960,20170923,   167, -1,  65,   107,  1,  47
736960,20170923,    97, -1,  44,   114,  1,  37
736960,20170923,   133,  1,  34,    52, -1,  28
736960,20170923,   142, -1,  49,   134,  1,  17
736960,20170923,    63, -1,  36,   177,  1,  33
736960,20170923,    33, -1,  49,   203,  1,  21
736960,20170923,   204,  1,  25,   217, -1,  17
736960,20170923,    38, -1,  63,   238,  1,   7
736960,20170923,   239,  1,  38,   185, -1,  34
736960,20170923,   241,  1,  49,   242, -1,  14
736960,20170923,   251,  1,  27,    74, -1,  24
736960,20170923,   253,  1,  49,    48, -1,  24
736960,20170923,   192, -1,  20,     1,  1,  10
736960,20170923,     5,  1,  30,   221, -1,  13
736960,20170923,    25,  1,  45,    70, -1,  40
736960,20170923,    12, -1,  34,    96,  1,  27
736960,20170923,   118,  1,  27,    85, -1,  12
736960,20170923,   119,  1,  44,   182, -1,  31
736960,20170923,    90, -1,  34,   129,  1,   9
736960,20170923,    17, -1,  27,   137,  1,   7
736960,20170923,   132, -1,  49,   153,  1,  21
736960,20170923,   139,  1,  56,   178, -1,   0
736960,20170923,   184,  1,  66,   150, -1,  17
736960,20170923,   215,  1,  31,   209, -1,  16
736960,20170923,   151, -1,  17,    54,  1,   7
736960,20170923,    55,  1,  38,   233, -1,  13
736960,20170923,    61, -1,  48,   131,  1,  41
736960,20170923,   138,  1,  43,    88, -1,  42
736960,20170923,   246,  1,  41,   223, -1,   3
736960,20170923,    49,  1,  54,   200, -1,  27
736960,20170923,   186,  1,  38,    28, -1,  17
736960,20170923,   147,  1,  28,   175, -1,  14
736960,20170923,   130, -1,  30,    80,  1,  23
736960,20170923,   173, -1,  38,   105,  1,  17
736960,20170923,    67, -1,  20,   189,  1,  14
736960,20170923,     8,  1,  48,   199, -1,  31
736960,20170923,    58,  1,  19,   191, -1,  16
736960,20170923,    98,  1,  31,   108, -1,  10
736960,20170923,    79, -1,  38,   135,  1,   6
736960,20170923,   171, -1,  34,     6,  1,   0
736960,20170923,   190,  1,  49,   106, -1,  21
736960,20170923,   155, -1,  28,    31,  1,  10
736960,20170923,   243, -1,  20,     9,  1,  19
736960,20170923,    27,  1,  34,    65, -1,  31
736960,20170923,   122, -1,  31,    30,  1,  14
736960,20170923,    77, -1,  28,    37,  1,   0
736960,20170923,    41,  1,  34,    22, -1,   7
736960,20170923,   160, -1,  27,    60,  1,  20
736960,20170923,   144, -1,  27,    69,  1,  21
736960,20170923,    76,  1,  31,   127, -1,   3
736960,20170923,    78,  1,  35,   169, -1,  17
736960,20170923,    92,  1,  52,    73, -1,  17
736960,20170923,    66, -1,  28,   104,  1,  27
736960,20170923,   111,  1,  42,   103, -1,   3
736960,20170923,   224, -1,  38,   116,  1,  10
736960,20170923,   121,  1,  52,   216, -1,  30
736960,20170923,   159, -1,  38,   124,  1,  18
736960,20170923,   141,  1,  42,    39, -1,  32
736960,20170923,    56, -1,  27,   152,  1,  17
736960,20170923,   161,  1,  54,   227, -1,  21
736960,20170923,   123, -1,  28,   174,  1,  10
736960,20170923,   195,  1,  17,   110, -1,  16
736960,20170923,   208,  1,  17,   117, -1,  13
736960,20170923,   237,  1,  38,   164, -1,   0
736960,20170923,   162, -1,  49,    19,  1,  41
736960,20170923,   214, -1,  27,    84,  1,  24
736960,20170923,   168, -1,  21,    94,  1,  19
736960,20170923,   247, -1,  56,   100,  1,  34
736960,20170923,   112,  1,  35,   205, -1,  26
736960,20170923,   226, -1,  56,   109,  1,  50
736960,20170923,   136,  1,  24,    23, -1,  13
736960,20170923,    16, -1,  51,   128,  1,  14
736960,20170923,   145,  1,  27,   179, -1,  17
736960,20170923,   154,  1,  46,   222, -1,  43
736960,20170923,   206, -1,  44,   163,  1,  31
736960,20170923,    68, -1,  13,   176,  1,   7
736960,20170923,   193,  1,  44,    14, -1,  21
736960,20170923,    87, -1,  29,   194,  1,  23
736960,20170923,   212,  0,  50,    13,  0,  43
736960,20170923,   229, -1,  44,   213,  1,  14
736960,20170923,   218,  1,  22,     3, -1,  17
736960,20170923,   219,  1,  21,    15, -1,  17
736960,20170923,   148, -1,  16,   220,  1,  13
736960,20170923,     4, -1,  59,   234,  1,   0
736960,20170923,   250,  1,  33,    18, -1,  21
736960,20170923,   244, -1,  37,    44,  1,  10
736960,20170923,   149,  1,  41,   232, -1,  14
736960,20170923,   252,  1,  28,    82, -1,  21
736960,20170923,    11,  1,  37,   165, -1,  35
736960,20170923,   228, -1,  30,    32,  1,  20
736960,20170923,   231, -1,  61,   188,  1,  10
736960,20170923,   202,  1,  58,   225, -1,  34
736960,20170923,   245,  1,  45,   146, -1,   7
736960,20170923,   187, -1,  28,     2,  1,  24
736961,20170924,    62, -1,  41,    47,  1,  38
736965,20170928,   143, -1,  21,    67,  1,  14
736965,20170928,   211, -1,  17,    95,  1,   7
736966,20170929,     8, -1,  24,   221,  1,  17
736966,20170929,    50, -1,  16,   167,  1,  13
736966,20170929,   121, -1,  31,    56,  1,   6
736966,20170929,   145, -1,  28,    89,  1,   6
736966,20170929,   245,  1,  30,   228, -1,  27
736966,20170929,   231,  1,  40,    29, -1,  24
736967,20170930,    24,  1,  24,   175, -1,  21
736967,20170930,   130, -1,  35,    26,  1,  13
736967,20170930,    55, -1,  27,    28,  1,  16
736967,20170930,    46, -1,  28,   173,  1,  24
736967,20170930,    43, -1,  21,    48,  1,   7
736967,20170930,   114, -1,  31,    51,  1,   9
736967,20170930,    99, -1,  20,    53,  1,  10
736967,20170930,    63,  1,   6,     7, -1,   0
736967,20170930,   253, -1,  41,    70,  1,  10
736967,20170930,    72,  1,  56,    64, -1,  35
736967,20170930,    81, -1,  41,    75,  1,   2
736967,20170930,   105, -1,  10,    83,  1,   7
736967,20170930,   201, -1,  13,   108,  1,   7
736967,20170930,   111,  1,  55,   137, -1,  10
736967,20170930,   120,  1,  49,   238, -1,  14
736967,20170930,   251, -1,  31,   172,  1,   7
736967,20170930,   235, -1,  24,   217,  1,   9
736967,20170930,   242,  1,  37,   107, -1,  20
736967,20170930,   204, -1,  21,   248,  1,  18
736967,20170930,     5,  1,  27,    12, -1,  14
736967,20170930,    17,  1,   7,   215, -1,   0
736967,20170930,    34,  1,  41,   184, -1,  30
736967,20170930,   186, -1,  23,    52,  1,   7
736967,20170930,     1, -1,  45,    91,  1,  20
736967,20170930,   150, -1,  41,   106,  1,  14
736967,20170930,   139,  1,  38,   129, -1,  11
736967,20170930,   185,  1,  35,    40, -1,  14
736967,20170930,    58, -1,  19,   209,  1,  16
736967,20170930,    98, -1,  34,   210,  1,   7
736967,20170930,    33,  1,  38,   133, -1,   0
736967,20170930,    88,  1,  38,    31, -1,  34
736967,20170930,   246, -1,  25,   132,  1,  17
736967,20170930,   233,  1,  27,   203, -1,  24
736967,20170930,    61,  1,  52,    49, -1,  31
736967,20170930,   155,  1,  48,   138, -1,  20
736967,20170930,   131, -1,  45,   170,  1,  33
736967,20170930,   223,  1,  48,   153, -1,  24
736967,20170930,    20,  1,  24,   189, -1,  12
736967,20170930,   196, -1,  38,   240,  1,  33
736967,20170930,   171,  1,  38,    96, -1,   9
736967,20170930,    35, -1,  26,   183,  1,  15
736967,20170930,    36,  1,  58,   135, -1,   7
736967,20170930,   239, -1,  45,    38,  1,   7
736967,20170930,   147,  1,  45,    25, -1,  17
736967,20170930,   142, -1,  21,   180,  1,   7
736967,20170930,   190, -1,  49,   158,  1,  20
736967,20170930,   191,  1,  29,    59, -1,  10
736967,20170930,   156, -1,  24,   182,  1,  17
736967,20170930,   118, -1,  35,   192,  1,   0
736967,20170930,   254,  1,  19,   181, -1,   7
736967,20170930,    90,  1,  24,    93, -1,  13
736967,20170930,    22,  1,  28,    30, -1,   8
736967,20170930,     3, -1,  34,    23,  1,  23
736967,20170930,   115, -1,  38,    39,  1,  21
736967,20170930,   197, -1,  61,    62,  1,  31
736967,20170930,    68,  1,  30,    37, -1,  29
736967,20170930,    66,  1,  38,   234, -1,  24
736967,20170930,    65,  1,  38,   136, -1,  20
736967,20170930,    78,  1,  33,   152, -1,   7
736967,20170930,    27, -1,  27,   103,  1,  13
736967,20170930,   104,  1,  24,    60, -1,  20
736967,20170930,   160, -1,  58,   117,  1,  50
736967,20170930,   124,  1,  17,    94, -1,  10
736967,20170930,   144,  1,  33,   205, -1,  25
736967,20170930,   168,  1,  45,    92, -1,  14
736967,20170930,   169,  1,  42,   176, -1,  10
736967,20170930,   161, -1,  56,   179,  1,   0
736967,20170930,    84, -1,  20,   207,  1,  13
736967,20170930,    76, -1,  41,   208,  1,   0
736967,20170930,    41, -1,  31,   237,  1,  17
736967,20170930,    69, -1,  26,   243,  1,  19
736967,20170930,   241,  1,  55,    18, -1,   3
736967,20170930,     4,  1,  66,   126, -1,   3
736967,20170930,    13,  1,  42,   149, -1,  24
736967,20170930,    16,  1,  49,   127, -1,  10
736967,20170930,   101,  1,  33,    19, -1,  20
736967,20170930,   218, -1,  24,   112,  1,  21
736967,20170930,   110,  1,  34,   194, -1,  16
736967,20170930,   226,  1,  51,    42, -1,  43
736967,20170930,   116, -1,  31,   125,  1,  24
736967,20170930,   193,  1,  49,    47, -1,  28
736967,20170930,   154, -1,  43,   198,  1,  28
736967,20170930,   212,  1,  24,   195, -1,  17
736967,20170930,   163, -1,  41,   214,  1,  34
736967,20170930,   141, -1,  31,   220,  1,  21
736967,20170930,   249,  1,  33,   157, -1,  24
736967,20170930,   252,  1,  45,   213, -1,  10
736967,20170930,    71,  1,  41,   146, -1,  21
736967,20170930,   165,  1,  45,    32, -1,  24
736967,20170930,   244, -1,  42,   166,  1,   7
736967,20170930,   202,  1,  34,    11, -1,  24
736967,20170930,   225,  1,  27,    44, -1,  23
736967,20170930,   227,  1,  41,   188, -1,  13
736967,20170930,    15,  1,  35,   232, -1,  21
736967,20170930,   159,  1,  52,   122, -1,  17
736967,20170930,    45, -1,  51,    82,  1,  21
736967,20170930,   148,  1,  56,     2, -1,  38
736967,20170930,   187,  1,  34,   140, -1,  28
736967,20170930,   224,  1,  40,   119, -1,  13
736971,20171004,    14, -1,  43,    73,  1,  25
736972,20171005,     8, -1,  24,     6,  1,  10
736972,20171005,   144,  1,  39,   111, -1,  25
736973,20171006,   180,  1,  35,   134, -1,  14
736973,20171006,   119, -1,  70,    47,  1,  31
736973,20171006,    21, -1,  24,    29,  1,   7
736974,20171007,   107, -1,  41,    43,  1,  38
736974,20171007,    48,  1,  17,    81, -1,  14
736974,20171007,    50,  1,  28,   253, -1,  27
736974,20171007,    64,  1,  16,   178, -1,   3
736974,20171007,   209, -1,  45,    59,  1,  21
736974,20171007,    63,  1,  25,   248, -1,  17
736974,20171007,   130, -1,  48,    83,  1,  36
736974,20171007,   143, -1,  13,    86,  1,   7
736974,20171007,   139, -1,  52,    93,  1,   0
736974,20171007,    97,  1,  35,    51, -1,  21
736974,20171007,    46, -1,  41,   114,  1,  17
736974,20171007,    28, -1,  44,   133,  1,   6
736974,20171007,   172,  1,  26,   201, -1,  14
736974,20171007,   173,  1,  50,    75, -1,  30
736974,20171007,   177,  1,  41,     7, -1,  38
736974,20171007,   203,  1,  17,    24, -1,  13
736974,20171007,    53, -1,  24,   204,  1,  20
736974,20171007,   185, -1,  26,   238,  1,   7
736974,20171007,   235,  1,  31,   113, -1,   0
736974,20171007,    57,  1,  38,   242, -1,   0
736974,20171007,   251,  1,  35,   239, -1,  28
736974,20171007,   118, -1,  13,     1,  1,   7
736974,20171007,    98, -1,  34,    17,  1,  14
736974,20171007,    35,  1,  42,   167, -1,  21
736974,20171007,   150,  1,  14,   158, -1,  10
736974,20171007,   142,  1,  44,    54, -1,   3
736974,20171007,   153,  1,  48,   138, -1,  38
736974,20171007,    79,  0,  34,   171,  0,  21
736974,20171007,   196,  1,  31,   254, -1,  28
736974,20171007,   181,  1,  49,   182, -1,  14
736974,20171007,   199,  1,  35,     5, -1,  14
736974,20171007,   137, -1,  13,   215,  1,  10
736974,20171007,   120, -1,  24,    40,  1,  14
736974,20171007,    52, -1,  20,    55,  1,  10
736974,20171007,   131, -1,  39,    88,  1,  31
736974,20171007,   132,  1,  30,   170, -1,  22
736974,20171007,   151,  1,  35,    67, -1,  28
736974,20171007,    80, -1,  17,   189,  1,  10
736974,20171007,   200,  1,  20,    31, -1,  14
736974,20171007,   155,  1,  37,    90, -1,  16
736974,20171007,    61, -1,  41,   223,  1,  38
736974,20171007,   105,  1,  14,    70, -1,  10
736974,20171007,    72, -1,  41,    38,  1,  17
736974,20171007,   184,  0,  27,   192,  0,  16
736974,20171007,   190,  1,  49,    91, -1,  30
736974,20171007,   240, -1,  38,   156,  1,  29
736974,20171007,    33,  1,  49,   233, -1,  10
736974,20171007,   135, -1,  38,    12,  1,  31
736974,20171007,    58,  1,  24,   210, -1,  23
736974,20171007,    34, -1,  27,    85,  1,   7
736974,20171007,   102,  1,  48,   221, -1,   3
736974,20171007,   121, -1,  24,    69,  1,  20
736974,20171007,     3,  1,  31,    18, -1,   3
736974,20171007,   237, -1,  23,    22,  1,  10
736974,20171007,   241, -1,  71,    27,  1,  68
736974,20171007,   115, -1,  14,    37,  1,   3
736974,20171007,   224, -1,  51,    39,  1,  23
736974,20171007,    41,  1,  28,   243, -1,  14
736974,20171007,    77, -1,  27,    42,  1,  21
736974,20171007,   207, -1,  34,    62,  1,  10
736974,20171007,   112, -1,  17,    66,  1,  16
736974,20171007,   104,  1,  40,   128, -1,  34
736974,20171007,    23, -1,  37,   122,  1,  29
736974,20171007,   124, -1,  14,   123,  1,  10
736974,20171007,   141,  1,  48,     2, -1,  45
736974,20171007,   159, -1,  33,   152,  1,  10
736974,20171007,    30, -1,  26,   160,  1,  23
736974,20171007,   161,  1,  62,   116, -1,  14
736974,20171007,    65, -1,  58,   164,  1,  28
736974,20171007,   174,  1,  31,   125, -1,  17
736974,20171007,   195,  1,  48,    13, -1,  22
736974,20171007,   205,  1,  27,   169, -1,  24
736974,20171007,   216,  1,  20,    60, -1,  15
736974,20171007,   236,  1,  28,    56, -1,  21
736974,20171007,     9,  1,  45,   149, -1,  31
736974,20171007,    16,  1,  44,   126, -1,  23
736974,20171007,    94,  1,  45,    89, -1,  16
736974,20171007,   214, -1,  65,   100,  1,  19
736974,20171007,   136,  1,  37,    68, -1,  17
736974,20171007,   249, -1,  38,   145,  1,  17
736974,20171007,   140,  1,  24,   103, -1,   3
736974,20171007,   168, -1,  31,   157,  1,   7
736974,20171007,    95, -1,  38,   162,  1,  31
736974,20171007,    15, -1,  49,   176,  1,  12
736974,20171007,    84,  1,  35,   193, -1,  22
736974,20171007,   206,  1,  31,   247, -1,  24
736974,20171007,   211,  1,  40,   101, -1,  34
736974,20171007,     4, -1,  27,   212,  1,  19
736974,20171007,   226, -1,  45,   213,  1,  27
736974,20171007,   219,  1,  62,   220, -1,  28
736974,20171007,   222,  1,  23,   110, -1,  22
736974,20171007,   198, -1,  31,   229,  1,  29
736974,20171007,    76, -1,  45,   234,  1,  14
736974,20171007,    10, -1,  45,    44,  1,  42
736974,20171007,   250, -1,  15,   232,  1,  14
736974,20171007,   202, -1,  23,   230,  1,  20
736974,20171007,    45, -1,  27,   231,  1,  14
736974,20171007,   109, -1,  21,    87,  1,  16
736974,20171007,   245, -1,  33,   165,  1,  10
736974,20171007,    71, -1,  27,   188,  1,  10
736974,20171007,   187, -1,  41,   227,  1,  10
736974,20171007,   228,  1,  38,   166, -1,  10
736974,20171007,   244,  1,  38,    32, -1,   7
736974,20171007,   146,  1,  35,    82, -1,  21
736974,20171007,    92,  1,  27,    36, -1,   0
736978,20171011,   194, -1,  19,   218,  1,   8
736979,20171012,   109,  1,  24,   213, -1,   7
736980,20171013,   205,  1,  27,    41, -1,  24
736980,20171013,    32,  1,  37,   245, -1,   3
736981,20171014,   173, -1,  53,    24,  1,   0
736981,20171014,   201, -1,  30,    25,  1,  14
736981,20171014,    28,  1,  37,    97, -1,  22
736981,20171014,    43,  1,  38,    70, -1,  12
736981,20171014,    46,  1,  34,   167, -1,  31
736981,20171014,    26, -1,  26,    48,  1,  18
736981,20171014,    53,  1,  17,   248, -1,   0
736981,20171014,   142, -1,  31,    67,  1,  20
736981,20171014,    72,  1,  42,   238, -1,  10
736981,20171014,    81,  1,  38,   105, -1,  10
736981,20171014,    99,  1,  30,   235, -1,   8
736981,20171014,   107,  1,  54,    75, -1,  35
736981,20171014,   102, -1,  42,   108,  1,  28
736981,20171014,   113,  1,  51,   175, -1,  27
736981,20171014,   120,  1,  30,    38, -1,  10
736981,20171014,   134,  1,  48,   189, -1,  28
736981,20171014,    36, -1,   7,   172,  1,   0
736981,20171014,   203,  1,  28,    51, -1,  17
736981,20171014,   204,  1,  38,   147, -1,  24
736981,20171014,   177, -1,  23,   217,  1,   3
736981,20171014,    35, -1,  51,   242,  1,  45
736981,20171014,   239,  1,  49,    64, -1,  10
736981,20171014,   253,  1,  32,    83, -1,   0
736981,20171014,   150,  1,  29,     1, -1,  20
736981,20171014,     5,  1,  49,   135, -1,  14
736981,20171014,    34,  1,  24,   192, -1,  20
736981,20171014,    33, -1,  17,    52,  1,   7
736981,20171014,    91,  1,  33,   106, -1,  24
736981,20171014,    58, -1,  27,   137,  1,  24
736981,20171014,    50, -1,  29,   183,  1,  26
736981,20171014,   184,  1,  40,   158, -1,  36
736981,20171014,   196,  1,  56,    93, -1,   6
736981,20171014,   156, -1,  38,   181,  1,  18
736981,20171014,    17, -1,  21,   209,  1,  17
736981,20171014,    86, -1,  52,    54,  1,  23
736981,20171014,   131,  1,  41,   153, -1,  17
736981,20171014,    80, -1,  16,   151,  1,  14
736981,20171014,   143,  1,  24,    74, -1,  17
736981,20171014,   191,  1,  31,   210, -1,   3
736981,20171014,   233,  1,  49,   114, -1,  15
736981,20171014,   200, -1,  32,   246,  1,  16
736981,20171014,     8,  1,  34,   171, -1,  21
736981,20171014,    61,  1,  31,   132, -1,  19
736981,20171014,   155, -1,  42,   170,  1,  20
736981,20171014,    49,  1,  41,    88, -1,  21
736981,20171014,   182,  1,  42,    90, -1,   7
736981,20171014,     6, -1,  23,   221,  1,  16
736981,20171014,    20,  1,  12,   180, -1,   9
736981,20171014,    98,  1,  41,    59, -1,  25
736981,20171014,   240,  1,  49,   129, -1,  30
736981,20171014,   186,  1,  56,   133, -1,  27
736981,20171014,   251, -1,  20,    40,  1,  16
736981,20171014,    57, -1,  51,   178,  1,  14
736981,20171014,   190, -1,  56,    85,  1,  10
736981,20171014,   139, -1,  27,   254,  1,  24
736981,20171014,   121,  1,  25,    78, -1,  24
736981,20171014,    15,  1,  28,    60, -1,  27
736981,20171014,   160, -1,  48,    23,  1,  30
736981,20171014,   140, -1,  14,    27,  1,  13
736981,20171014,   216, -1,  30,    30,  1,  10
736981,20171014,    69, -1,  17,    56,  1,  10
736981,20171014,    68,  1,  23,   219, -1,  10
736981,20171014,   212, -1,  19,    66,  1,  17
736981,20171014,    76,  1,  53,   128, -1,  28
736981,20171014,   123, -1,  27,    92,  1,  20
736981,20171014,   103,  1,  17,   122, -1,  14
736981,20171014,    22, -1,  45,   111,  1,  42
736981,20171014,   115,  1,  35,   164, -1,   3
736981,20171014,   157, -1,  37,   116,  1,  21
736981,20171014,   236, -1,  20,   152,  1,  14
736981,20171014,   144, -1,  35,   169,  1,  17
736981,20171014,    47, -1,  28,   207,  1,  24
736981,20171014,   195, -1,  15,   208,  1,   9
736981,20171014,   224,  1,  63,    62, -1,  21
736981,20171014,   247,  1,  46,   214, -1,  35
736981,20171014,     4,  1,  41,    13, -1,   9
736981,20171014,    14,  1,  51,    42, -1,  17
736981,20171014,   179, -1,  35,    89,  1,  24
736981,20171014,    95,  1,  45,   100, -1,   0
736981,20171014,   206, -1,  26,   101,  1,   6
736981,20171014,   112,  1,  27,    16, -1,  23
736981,20171014,    77, -1,  47,   226,  1,  37
736981,20171014,   119,  1,  30,   141, -1,  27
736981,20171014,   124, -1,  30,   125,  1,  27
736981,20171014,   127,  1,  35,    29, -1,  10
736981,20171014,   161, -1,  56,   145,  1,  14
736981,20171014,   154,  1,  29,   229, -1,  26
736981,20171014,   162,  0,  29,   211,  0,  24
736981,20171014,   163,  1,  59,    19, -1,  16
736981,20171014,   126,  1,  57,   234, -1,  35
736981,20171014,   198,  1,  24,   232, -1,   0
736981,20171014,   220,  1,  45,    84, -1,  17
736981,20171014,   222,  1,  25,   136, -1,  23
736981,20171014,   250,  1,  45,    37, -1,  14
736981,20171014,   249,  1,  17,   174, -1,   9
736981,20171014,     2,  1,  34,   227, -1,  30
736981,20171014,    45,  1,  44,   146, -1,  42
736981,20171014,   252, -1,  28,   231,  1,  23
736981,20171014,    10,  1,  47,   225, -1,  30
736981,20171014,    11,  1,  13,   244, -1,   7
736981,20171014,    71,  1,  38,   148, -1,   0
736981,20171014,     9, -1,  23,    87,  1,  20
736981,20171014,    44, -1,  36,   166,  1,  33
736981,20171014,   202,  1,  49,   165, -1,   7
736981,20171014,   228,  1,  28,   230, -1,  27
736981,20171014,   149, -1,  35,    73,  1,  27
736981,20171014,    82,  1,  37,   188, -1,  26
736981,20171014,    21, -1,  31,   187,  1,  14
736981,20171014,   197,  1,  33,    39, -1,   3
736982,20171015,     3, -1,  14,   241,  1,  13
736986,20171019,    14,  1,  47,   109, -1,   3
736986,20171019,   119, -1,  42,    84,  1,  38
736987,20171020,   173, -1,  52,    81,  1,  17
736987,20171020,   250, -1,  35,   164,  1,  31
736987,20171020,   115, -1,  38,   136,  1,  10
736987,20171020,     2, -1,  45,   146,  1,  42
736987,20171020,    45, -1,  27,   148,  1,  24
736988,20171021,   113, -1,  12,     7,  1,  10
736988,20171021,    28,  1,  37,    33, -1,  23
736988,20171021,    35,  1,  31,    25, -1,  14
736988,20171021,    48,  1,  34,    24, -1,   7
736988,20171021,    46, -1,  22,    50,  1,  17
736988,20171021,    52, -1,  48,    51,  1,  22
736988,20171021,    53,  1,  42,   177, -1,  35
736988,20171021,    57,  1,  24,   201, -1,   7
736988,20171021,    59,  1,  31,   215, -1,  21
736988,20171021,    72,  1,  28,   120, -1,  21
736988,20171021,    70, -1,  17,    75,  1,   9
736988,20171021,    43, -1,  45,    83,  1,   7
736988,20171021,    86,  1,  39,   134, -1,  14
736988,20171021,   182, -1,  45,    93,  1,  24
736988,20171021,   186, -1,  63,    97,  1,  10
736988,20171021,   102,  1,  17,    74, -1,   3
736988,20171021,    55, -1,  19,   114,  1,  14
736988,20171021,   133,  1,  29,   203, -1,  26
736988,20171021,   253, -1,  24,   167,  1,  19
736988,20171021,    63, -1,  35,   175,  1,  34
736988,20171021,   183, -1,  21,   178,  1,  14
736988,20171021,   239, -1,  26,   238,  1,   7
736988,20171021,    99, -1,  46,   248,  1,  14
736988,20171021,   185, -1,  24,   251,  1,  21
736988,20171021,    17,  1,  38,   191, -1,  31
736988,20171021,   199, -1,  35,    96,  1,  17
736988,20171021,   118,  1,  55,    91, -1,   7
736988,20171021,   181, -1,  62,   129,  1,  30
736988,20171021,   130,  1,  56,   108, -1,  39
736988,20171021,   142,  1,  24,    20, -1,  20
736988,20171021,    49, -1,  34,   153,  1,  27
736988,20171021,   139,  1,  24,   240, -1,  12
736988,20171021,   184,  1,  63,   106, -1,  27
736988,20171021,    40, -1,  20,    38,  1,  14
736988,20171021,    54,  1,  17,   180, -1,  14
736988,20171021,    98, -1,  30,    58,  1,  14
736988,20171021,    80,  1,  31,    67, -1,  27
736988,20171021,    88,  1,  59,   170, -1,  30
736988,20171021,   147,  1,  40,   217, -1,  17
736988,20171021,   151, -1,  28,   143,  1,  21
736988,20171021,   132, -1,  27,   138,  1,  24
736988,20171021,   200,  1,  46,    61, -1,  28
736988,20171021,   156,  1,  19,   254, -1,  14
736988,20171021,    79,  1,  41,     8, -1,  14
736988,20171021,    90,  1,  37,   196, -1,  21
736988,20171021,   155,  1,  45,   223, -1,  31
736988,20171021,   190, -1,  56,     1,  1,  21
736988,20171021,    26, -1,  13,   105,  1,   7
736988,20171021,   192,  1,  27,    85, -1,  10
736988,20171021,    36,  1,  52,   189, -1,  27
736988,20171021,    34, -1,  45,   158,  1,  17
736988,20171021,   246, -1,  17,    31,  1,   3
736988,20171021,     9,  1,  37,    42, -1,  29
736988,20171021,    15,  1,  31,   207, -1,  28
736988,20171021,    30, -1,  56,    18,  1,   9
736988,20171021,   140, -1,  48,    23,  1,  17
736988,20171021,    37,  1,  25,   222, -1,  24
736988,20171021,   193, -1,  31,    39,  1,  28
736988,20171021,    47,  1,  20,   220, -1,  14
736988,20171021,   169, -1,  24,    56,  1,  17
736988,20171021,    62,  1,  33,    29, -1,  17
736988,20171021,   241, -1,  20,    60,  1,  17
736988,20171021,    65,  1,  69,   154, -1,  31
736988,20171021,   111, -1,  31,    69,  1,  28
736988,20171021,   218, -1,  34,    77,  1,  10
736988,20171021,    78,  1,  38,   243, -1,  24
736988,20171021,   117,  1,  55,    73, -1,  20
736988,20171021,   121,  1,  27,   205, -1,  19
736988,20171021,   122,  1,  24,    27, -1,  14
736988,20171021,   124,  1,  17,    92, -1,   9
736988,20171021,   224, -1,  31,   141,  1,  21
736988,20171021,   160,  1,  48,   103, -1,   3
736988,20171021,   168,  1,  42,   123, -1,  13
736988,20171021,   179,  1,  14,   174, -1,  12
736988,20171021,   216,  1,  48,     3, -1,  21
736988,20171021,    22, -1,  41,   236,  1,  10
736988,20171021,   237,  1,  59,   152, -1,   7
736988,20171021,     4,  1,  45,   208, -1,   7
736988,20171021,    16, -1,  52,    13,  1,  20
736988,20171021,   247, -1,  38,    19,  1,  36
736988,20171021,   162, -1,  42,   101,  1,  35
736988,20171021,   198, -1,  34,   110,  1,  27
736988,20171021,   125,  1,  24,    89, -1,  17
736988,20171021,   127,  1,  45,   104, -1,   7
736988,20171021,   128,  1,  68,    87, -1,  21
736988,20171021,   157,  1,  17,    94, -1,  10
736988,20171021,   112, -1,  40,   126,  1,  24
736988,20171021,   194,  1,  33,   226, -1,  23
736988,20171021,   206,  1,  43,   100, -1,   0
736988,20171021,   163, -1,  13,   211,  1,  10
736988,20171021,    95, -1,  31,   214,  1,  13
736988,20171021,   197, -1,  34,   219,  1,  28
736988,20171021,   229,  1,  20,   176, -1,   7
736988,20171021,   249,  1,  38,   116, -1,  13
736988,20171021,    21,  1,  24,   252, -1,  14
736988,20171021,    11, -1,  30,   230,  1,  10
736988,20171021,    10, -1,  45,    32,  1,  44
736988,20171021,   225,  1,  31,   165, -1,  14
736988,20171021,   231, -1,  52,   227,  1,  28
736988,20171021,   245,  1,  28,    44, -1,   0
736988,20171021,   159,  1,  49,   228, -1,  14
736988,20171021,    71, -1,  27,   187,  1,   3
736993,20171026,   216, -1,  58,    18,  1,  17
736993,20171026,    77,  1,  21,   194, -1,  13
736993,20171026,   140,  1,  30,    60, -1,  27
736993,20171026,   202, -1,  15,   166,  1,  14
736994,20171027,    22,  1,  35,    69, -1,   3
736994,20171027,   119,  1,  56,   219, -1,  26
736994,20171027,   193,  1,  38,   220, -1,  34
736995,20171028,   175, -1,  31,     7,  1,  14
736995,20171028,   167, -1,  17,    24,  1,   7
736995,20171028,    43,  1,  40,    26, -1,   3
736995,20171028,   251, -1,  31,    64,  1,  24
736995,20171028,    81,  1,  25,    50, -1,  22
736995,20171028,    83,  1,  24,    75, -1,  10
736995,20171028,    99,  1,  21,   147, -1,   0
736995,20171028,   113,  1,  23,   248, -1,   6
736995,20171028,    67, -1,  34,   134,  1,  31
736995,20171028,   102, -1,  28,   172,  1,   0
736995,20171028,    48, -1,  29,   173,  1,  28
736995,20171028,   204, -1,  27,   177,  1,  24
736995,20171028,    57, -1,  37,   183,  1,  21
736995,20171028,   201,  1,  36,   178, -1,   7
736995,20171028,   186, -1,  48,   203,  1,   7
736995,20171028,   217,  1,  18,    53, -1,  17
736995,20171028,    63, -1,  19,   235,  1,  14
736995,20171028,    25, -1,  31,   242,  1,  16
736995,20171028,    72, -1,  28,   239,  1,   6
736995,20171028,   253,  1,  23,    46, -1,   6
736995,20171028,     6,  0,  21,     5,  0,  16
736995,20171028,   199,  0,  47,    12,  0,  40
736995,20171028,    34,  1,  47,   118, -1,  17
736995,20171028,    52,  1,  27,    28, -1,  22
736995,20171028,    70,  1,  45,   107, -1,  35
736995,20171028,   150, -1,  38,    91,  1,  31
736995,20171028,   192, -1,  34,   106,  1,   7
736995,20171028,   129,  1,  59,    93, -1,  20
736995,20171028,    59, -1,  26,   137,  1,  13
736995,20171028,   139,  1,  30,   156, -1,  14
736995,20171028,    38, -1,  23,   185,  1,  21
736995,20171028,   196,  1,  42,   182, -1,   0
736995,20171028,   210,  1,  30,   209, -1,  26
736995,20171028,   215,  1,  27,    58, -1,  10
736995,20171028,   108, -1,  33,    74,  1,  17
736995,20171028,    86, -1,  28,   180,  1,  20
736995,20171028,    97, -1,  54,    33,  1,  48
736995,20171028,    40,  1,  21,   238, -1,   3
736995,20171028,    55,  1,  17,    51, -1,  12
736995,20171028,   132,  1,  28,    88, -1,  14
736995,20171028,   189, -1,  27,   151,  1,   9
736995,20171028,   143,  1,  42,    54, -1,  14
736995,20171028,   200, -1,  27,   138,  1,  14
736995,20171028,   233,  1,  63,   133, -1,  32
736995,20171028,   246,  1,  41,   131, -1,  27
736995,20171028,   181, -1,  52,   240,  1,  24
736995,20171028,    90, -1,  35,   254,  1,   0
736995,20171028,    96, -1,  24,   135,  1,   5
736995,20171028,   155,  1,  37,    49, -1,  17
736995,20171028,   153, -1,  48,   170,  1,  21
736995,20171028,   223,  1,  31,    31, -1,  28
736995,20171028,    20,  1,  24,    80, -1,  21
736995,20171028,    98,  1,  23,   191, -1,   7
736995,20171028,    79,  1,  50,   221, -1,  24
736995,20171028,   130, -1,  23,    36,  1,  20
736995,20171028,   158, -1,  10,    85,  1,   7
736995,20171028,   184, -1,  33,   190,  1,  23
736995,20171028,     3,  1,  21,    27, -1,  20
736995,20171028,    41,  1,  24,    78, -1,  10
736995,20171028,   213, -1,  27,    42,  1,   7
736995,20171028,   128, -1,  52,    47,  1,  12
736995,20171028,    76,  0,  42,    66,  0,   7
736995,20171028,   104,  1,  29,   208, -1,  26
736995,20171028,    68, -1,  41,   115,  1,  30
736995,20171028,   116,  1,  42,    92, -1,  39
736995,20171028,   117,  1,  30,     9, -1,  27
736995,20171028,   123,  1,  35,   179, -1,  14
736995,20171028,   121, -1,  24,   152,  1,  19
736995,20171028,   161,  1,  39,   168, -1,  38
736995,20171028,   169,  1,  31,   236, -1,  14
736995,20171028,   145, -1,  25,   174,  1,  24
736995,20171028,   195,  1,  34,   234, -1,  27
736995,20171028,   237,  1,  24,    56, -1,   3
736995,20171028,   243,  1,  42,   111, -1,  32
736995,20171028,   163, -1,  50,   247,  1,  39
736995,20171028,    29,  1,  41,   188, -1,  20
736995,20171028,   211, -1,  38,    19,  1,   7
736995,20171028,   249, -1,  24,    89,  1,  10
736995,20171028,    94,  1,  17,   125, -1,  10
736995,20171028,    95,  1,  14,   206, -1,   7
736995,20171028,   101, -1,  30,   100,  1,  20
736995,20171028,   154,  1,  45,   164, -1,  38
736995,20171028,   157,  1,  39,   124, -1,  31
736995,20171028,   162,  1,  49,   214, -1,  27
736995,20171028,    13, -1,  38,   126,  1,  37
736995,20171028,   110, -1,  42,   176,  1,  28
736995,20171028,   222, -1,  30,   198,  1,  12
736995,20171028,   127, -1,  35,   212,  1,  14
736995,20171028,   218,  1,  38,    73, -1,  16
736995,20171028,    65, -1,  42,   250,  1,  28
736995,20171028,    44,  1,  44,    32, -1,  28
736995,20171028,     2, -1,  45,    45,  1,  28
736995,20171028,    14, -1,  37,   149,  1,  21
736995,20171028,   229, -1,  31,   232,  1,  14
736995,20171028,   252,  1,  42,   148, -1,   3
736995,20171028,   228, -1,  48,    11,  1,  17
736995,20171028,   227, -1,  26,    71,  1,  16
736995,20171028,    87,  1,  31,   226, -1,  23
736995,20171028,   165,  1,  41,   230, -1,  20
736995,20171028,   244,  1,  44,   225, -1,  23
736995,20171028,   159,  1,  35,   144, -1,  14
736995,20171028,    10,  1,  58,   245, -1,  37
736995,20171028,   187, -1,  28,    82,  1,   7
736995,20171028,    21, -1,  41,   231,  1,  14
736995,20171028,    84, -1,  28,   197,  1,  24
736995,20171028,   224,  1,  73,    17, -1,  33
736998,20171031,    23, -1,  44,   103,  1,  16
736998,20171031,   160,  1,  45,   122, -1,  28
736999,20171101,    30, -1,  35,   241,  1,  28
737000,20171102,    60,  1,  56,    18, -1,  14
737000,20171102,   207,  1,  34,   141, -1,  26
737000,20171102,   216,  1,  27,   140, -1,  17
737000,20171102,   218,  1,  24,    87, -1,  21
737001,20171103,   253,  1,  34,    24, -1,   7
737001,20171103,   119, -1,  41,   220,  1,  14
737001,20171103,   230,  1,  48,   225, -1,  17
737001,20171103,    65,  1,  30,   115, -1,  25
737002,20171104,    25,  1,  48,   183, -1,  45
737002,20171104,   107, -1,  42,    26,  1,  21
737002,20171104,    35,  1,  28,   201, -1,  10
737002,20171104,    81, -1,  21,    46,  1,  14
737002,20171104,    50,  1,  10,    48, -1,   0
737002,20171104,    33, -1,  42,    51,  1,  29
737002,20171104,    64,  1,  24,   238, -1,   6
737002,20171104,    63,  1,  33,   217, -1,  30
737002,20171104,    86, -1,  37,    67,  1,  26
737002,20171104,   254, -1,  66,    93,  1,  24
737002,20171104,    97,  1,  20,   233, -1,  17
737002,20171104,   108,  1,  27,    57, -1,  24
737002,20171104,    53, -1,  31,   113,  1,  17
737002,20171104,   185, -1,  20,   120,  1,   3
737002,20171104,   167,  1,  38,   173, -1,  35
737002,20171104,    99, -1,  38,   175,  1,   3
737002,20171104,    28, -1,  23,   203,  1,   6
737002,20171104,   204,  1,  28,     7, -1,  21
737002,20171104,   177, -1,  22,   235,  1,   0
737002,20171104,   242,  1,  27,   178, -1,   7
737002,20171104,   147, -1,  35,   248,  1,  16
737002,20171104,   251,  1,  24,    38, -1,  21
737002,20171104,    52,  1,  36,   114, -1,  17
737002,20171104,    83, -1,  42,    70,  1,  20
737002,20171104,   143, -1,  14,    80,  1,   6
737002,20171104,   240, -1,  31,    90,  1,  14
737002,20171104,     6, -1,  13,    96,  1,   3
737002,20171104,    34, -1,  42,   106,  1,  14
737002,20171104,   118,  1,  13,   190, -1,   3
737002,20171104,   130,  1,  42,   172, -1,  21
737002,20171104,   150,  1,  23,    85, -1,  17
737002,20171104,   142, -1,  35,   151,  1,   7
737002,20171104,   184,  1,  57,    91, -1,  20
737002,20171104,   181,  1,  33,   139, -1,  21
737002,20171104,   199,  1,  37,   171, -1,  31
737002,20171104,    17, -1,  35,   210,  1,  28
737002,20171104,    36, -1,  10,    74,  1,   9
737002,20171104,   239, -1,  31,    40,  1,  19
737002,20171104,    58,  1,  23,    59, -1,  20
737002,20171104,   105, -1,   7,    75,  1,   0
737002,20171104,   223, -1,  56,    88,  1,  17
737002,20171104,    98,  1,  59,   137, -1,  23
737002,20171104,   221, -1,  38,   135,  1,  21
737002,20171104,   131,  1,  17,   155, -1,  15
737002,20171104,   102, -1,  16,   132,  1,  14
737002,20171104,   215, -1,  16,   191,  1,  14
737002,20171104,   129, -1,  36,   182,  1,  28
737002,20171104,   200,  1,  47,   153, -1,  21
737002,20171104,   156,  1,  34,   196, -1,  29
737002,20171104,     8,  1,  47,     5, -1,  22
737002,20171104,   246, -1,  28,    61,  1,  20
737002,20171104,    49,  1,  50,   138, -1,  21
737002,20171104,   186,  1,  45,    55, -1,  15
737002,20171104,    79, -1,  31,    12,  1,  26
737002,20171104,    20,  1,  41,   134, -1,  28
737002,20171104,   189,  1,  35,    54, -1,  21
737002,20171104,   158,  1,  26,     1, -1,  23
737002,20171104,    31,  1,  35,   170, -1,  28
737002,20171104,    68,  1,  14,   229, -1,   7
737002,20171104,    69,  1,  27,   205, -1,  24
737002,20171104,    76,  1,  24,   195, -1,  10
737002,20171104,   249, -1,  45,    92,  1,  17
737002,20171104,   126, -1,  37,   104,  1,  34
737002,20171104,   121,  1,  28,   237, -1,  10
737002,20171104,   123,  1,  33,   125, -1,  10
737002,20171104,   124,  1,  27,   168, -1,  24
737002,20171104,    41, -1,  38,   144,  1,  31
737002,20171104,   164,  1,   6,    37, -1,   0
737002,20171104,   174,  1,  29,    89, -1,  10
737002,20171104,   208,  1,  24,   198, -1,  10
737002,20171104,   236,  1,  40,    78, -1,  36
737002,20171104,   247,  1,  20,    95, -1,  16
737002,20171104,     4,  1,  24,   112, -1,  10
737002,20171104,    13,  1,  39,    42, -1,  38
737002,20171104,    94,  1,  55,   161, -1,  24
737002,20171104,    19, -1,  38,   100,  1,   9
737002,20171104,   154, -1,  24,   110,  1,  23
737002,20171104,   226,  1,  52,     9, -1,  45
737002,20171104,   136,  1,  30,   232, -1,   3
737002,20171104,   127,  1,  34,   117, -1,  23
737002,20171104,   128,  1,  45,    66, -1,  16
737002,20171104,   157, -1,  31,   145,  1,  24
737002,20171104,   162, -1,  62,   163,  1,  52
737002,20171104,   224, -1,  31,   193,  1,  24
737002,20171104,   109, -1,  19,   194,  1,  14
737002,20171104,   206,  1,  24,   211, -1,   7
737002,20171104,    16, -1,  42,   212,  1,  27
737002,20171104,   149, -1,  45,   213,  1,  35
737002,20171104,   101, -1,  42,   214,  1,  35
737002,20171104,    39, -1,  17,   219,  1,  16
737002,20171104,   222,  1,  52,   176, -1,  21
737002,20171104,   234,  1,  31,   250, -1,  17
737002,20171104,    21,  1,  41,   146, -1,  14
737002,20171104,   231, -1,  24,   148,  1,  10
737002,20171104,    11,  1,  41,    44, -1,  30
737002,20171104,    32,  1,  37,   166, -1,  23
737002,20171104,    71,  1,  20,    29, -1,  13
737002,20171104,    77, -1,  21,    73,  1,  17
737002,20171104,   187, -1,  52,   188,  1,   7
737002,20171104,   227,  1,  31,    82, -1,  23
737002,20171104,   228,  1,  49,    10, -1,  35
737002,20171104,   244,  1,  38,   165, -1,   3
737002,20171104,   245,  1,  24,   202, -1,  21
737002,20171104,    15, -1,  21,     2,  1,   0
737002,20171104,   159,  1,  48,   243, -1,  37
737002,20171104,   252,  1,  16,    45, -1,  13
737002,20171104,   197, -1,  37,    47,  1,  20
737002,20171104,    84,  1,  52,    62, -1,  27
737002,20171104,   179,  1,  31,   116, -1,  24
737005,20171107,    27,  1,  38,    23, -1,  28
737005,20171107,   122,  1,  24,     3, -1,  14
737006,20171108,    30,  1,  42,    60, -1,  30
737006,20171108,   160,  1,  38,   216, -1,  10
737006,20171108,   241,  1,  48,   103, -1,  20
737007,20171109,     9,  1,  27,    73, -1,   6
737007,20171109,   152, -1,  34,   169,  1,  31
737007,20171109,   140,  1,  63,    18, -1,  17
737008,20171110,    50,  0,  33,    24,  0,  10
737008,20171110,   207, -1,  35,    39,  1,  24
737008,20171110,   202,  1,  30,   244, -1,  22
737008,20171110,    29, -1,  31,   227,  1,  21
737009,20171111,    26,  1,  12,    75, -1,   0
737009,20171111,   233, -1,  36,    28,  1,  28
737009,20171111,    46, -1,  18,    48,  1,   8
737009,20171111,   186, -1,  63,    51,  1,   7
737009,20171111,    53,  1,  22,     7, -1,   3
737009,20171111,    35, -1,  28,    57,  1,  27
737009,20171111,    17, -1,  31,    59,  1,  24
737009,20171111,    72,  1,  56,    40, -1,  20
737009,20171111,   167, -1,  23,    81,  1,   6
737009,20171111,    86,  1,  28,   151, -1,  24
737009,20171111,   240, -1,  45,    93,  1,   0
737009,20171111,    97,  1,  13,   203, -1,  10
737009,20171111,    99,  1,  20,   177, -1,  13
737009,20171111,   102,  1,  38,    36, -1,   0
737009,20171111,   107,  1,  34,    83, -1,  21
737009,20171111,   108,  1,  47,   172, -1,  28
737009,20171111,   114,  1,  38,   133, -1,  31
737009,20171111,   117,  0,  44,   113,  0,  31
737009,20171111,   130,  1,  41,    74, -1,  14
737009,20171111,   253, -1,  35,   173,  1,  31
737009,20171111,   175,  1,  20,   235, -1,   6
737009,20171111,    25, -1,  42,   178,  1,  17
737009,20171111,   183, -1,  16,   201,  1,   7
737009,20171111,   204,  1,  38,   242, -1,  10
737009,20171111,   251, -1,  45,   238,  1,  14
737009,20171111,   120, -1,  35,   239,  1,  33
737009,20171111,   217, -1,  26,   248,  1,  14
737009,20171111,    43, -1,  27,   105,  1,   0
737009,20171111,   184, -1,  44,     1,  1,  35
737009,20171111,    96, -1,  10,     5,  1,   7
737009,20171111,    55, -1,  45,    33,  1,  10
737009,20171111,    34, -1,  56,    91,  1,  10
737009,20171111,   118,  1,  44,   158, -1,  24
737009,20171111,   156, -1,  25,   129,  1,  10
737009,20171111,   137,  1,  31,   210, -1,  21
737009,20171111,   142,  1,  36,   189, -1,  17
737009,20171111,    61, -1,  21,   153,  1,  14
737009,20171111,   139,  1,  49,   196, -1,  14
737009,20171111,   185,  1,  42,    64, -1,   7
737009,20171111,   181,  1,  27,    90, -1,  24
737009,20171111,   209,  1,  23,   191, -1,  20
737009,20171111,    98, -1,  14,   215,  1,   7
737009,20171111,   180,  1,  33,    80, -1,  15
737009,20171111,    54,  1,  33,   134, -1,  30
737009,20171111,   131,  1,  44,   138, -1,  14
737009,20171111,   147,  1,  16,    63, -1,   6
737009,20171111,    20, -1,  13,   143,  1,  10
737009,20171111,   155,  1,  37,   132, -1,  36
737009,20171111,   171,  1,  35,    12, -1,  12
737009,20171111,   254, -1,  28,   182,  1,  20
737009,20171111,    79, -1,  24,     6,  1,   7
737009,20171111,     8,  1,  59,   135, -1,   0
737009,20171111,   106, -1,  23,    85,  1,  16
737009,20171111,   246, -1,  63,   170,  1,  17
737009,20171111,   200, -1,  47,   223,  1,  27
737009,20171111,   150, -1,  34,   192,  1,  13
737009,20171111,   199, -1,  33,   221,  1,   7
737009,20171111,    49, -1,  49,    31,  1,  14
737009,20171111,    15,  1,  21,    56, -1,  16
737009,20171111,   144, -1,  17,    22,  1,  14
737009,20171111,   136, -1,  35,    37,  1,  21
737009,20171111,    41,  1,  31,    69, -1,  14
737009,20171111,   218, -1,  42,    42,  1,  17
737009,20171111,   219, -1,  31,    62,  1,  24
737009,20171111,   164, -1,  37,    68,  1,  30
737009,20171111,    78,  1,  28,   237, -1,  22
737009,20171111,   111,  1,  38,   236, -1,  21
737009,20171111,   115,  1,  30,   250, -1,  23
737009,20171111,   123, -1,  35,   116,  1,  10
737009,20171111,   121,  1,  41,   159, -1,   8
737009,20171111,   141,  1,  43,   193, -1,  40
737009,20171111,   161,  1,  48,   124, -1,   3
737009,20171111,   168,  1,  35,   179, -1,   6
737009,20171111,   195,  1,  28,    66, -1,  20
737009,20171111,   243, -1,  64,   205,  1,  43
737009,20171111,   224,  1,  49,    47, -1,  24
737009,20171111,    16,  1,  40,    76, -1,  17
737009,20171111,    92, -1,  24,    89,  1,  14
737009,20171111,   163, -1,  49,    95,  1,  42
737009,20171111,   247, -1,  28,   101,  1,  23
737009,20171111,   112,  1,  33,    13, -1,  10
737009,20171111,    65, -1,  48,   110,  1,  23
737009,20171111,   125,  1,  54,   145, -1,  21
737009,20171111,     4, -1,  31,   127,  1,  24
737009,20171111,   128,  1,  50,   208, -1,  17
737009,20171111,   154,  1,  45,   232, -1,  10
737009,20171111,   157,  1,  23,   174, -1,  13
737009,20171111,   162,  1,  38,   206, -1,  20
737009,20171111,   126,  1,  50,   109, -1,  22
737009,20171111,   198, -1,  43,   176,  1,  34
737009,20171111,   194,  1,  24,    14, -1,  19
737009,20171111,   211,  1,  42,   100, -1,  27
737009,20171111,   212,  1,  55,   148, -1,  14
737009,20171111,    77, -1,  33,   213,  1,  30
737009,20171111,   214,  0,  38,    19,  0,  24
737009,20171111,   222, -1,  24,   229,  1,  19
737009,20171111,   104, -1,  44,   234,  1,  21
737009,20171111,   249,  1,  38,    94, -1,  14
737009,20171111,   252, -1,  28,     2,  1,  14
737009,20171111,    10,  1,  49,   166, -1,  28
737009,20171111,   228, -1,  38,    44,  1,  24
737009,20171111,   245, -1,  33,   230,  1,  25
737009,20171111,   146,  1,  59,   188, -1,  14
737009,20171111,   225,  1,  44,    11, -1,  37
737009,20171111,    71, -1,  31,    82,  1,  21
737009,20171111,    21, -1,  59,    45,  1,  52
737012,20171114,     3,  1,  37,   160, -1,  34
737012,20171114,   216, -1,  66,    23,  1,  37
737013,20171115,    30, -1,  42,   103,  1,  23
737013,20171115,    60, -1,  27,   122,  1,  24
737013,20171115,   140,  1,  35,   241, -1,  31
737014,20171116,   171, -1,  42,    91,  1,  28
737014,20171116,    98,  1,  36,   209, -1,   6
737014,20171116,   190,  1,  21,   150, -1,  17
737014,20171116,    27, -1,  40,    18,  1,  24
737014,20171116,   197,  1,  27,   220, -1,  20
737015,20171117,   227, -1,  38,   148,  1,  35
737015,20171117,   250,  1,  41,   136, -1,  38
737016,20171118,     7,  1,  15,   147, -1,   0
737016,20171118,    20,  0,  29,    67,  0,  24
737016,20171118,    25,  1,  38,    57, -1,  29
737016,20171118,    35,  1,  42,   178, -1,  14
737016,20171118,    36,  1,  20,   108, -1,  19
737016,20171118,    41,  1,  61,    40, -1,   3
737016,20171118,    46,  1,  24,    24, -1,   6
737016,20171118,    50,  1,  54,   173, -1,  44
737016,20171118,    59,  1,  14,   201, -1,  10
737016,20171118,    99, -1,  31,    63,  1,   3
737016,20171118,    69,  1,  77,    54, -1,   6
737016,20171118,    43, -1,  35,    75,  1,  10
737016,20171118,   102,  1,  52,   130, -1,  21
737016,20171118,   107,  1,  38,   105, -1,  31
737016,20171118,   204, -1,  20,   113,  1,  19
737016,20171118,   133,  1,  21,    51, -1,  14
737016,20171118,   151, -1,  45,   134,  1,  32
737016,20171118,   152,  1,  65,   239, -1,  10
737016,20171118,   167,  1,  29,    48, -1,  22
737016,20171118,   172,  1,  31,    74, -1,  21
737016,20171118,   177,  1,  27,   248, -1,  20
737016,20171118,   242, -1,  28,   183,  1,  15
737016,20171118,   195,  1,  31,   251, -1,  10
737016,20171118,   217,  1,  29,   175, -1,  10
737016,20171118,   235,  1,  28,    53, -1,   7
737016,20171118,   253,  1,  24,    81, -1,   3
737016,20171118,   254,  1,  38,   129, -1,  10
737016,20171118,     4,  1,  56,   120, -1,   0
737016,20171118,   221,  0,  24,    12,  0,  10
737016,20171118,    17,  1,  28,    58, -1,  13
737016,20171118,    34,  1,  34,     1, -1,   0
737016,20171118,    70,  1,  20,    26, -1,   9
737016,20171118,    80,  1,  20,    86, -1,  17
737016,20171118,   139, -1,  20,    90,  1,   7
737016,20171118,    96,  1,   7,     8, -1,   3
737016,20171118,   118, -1,  13,   106,  1,   3
737016,20171118,   142,  1,  24,   143, -1,  10
737016,20171118,   184,  1,  53,    85, -1,  33
737016,20171118,   185,  1,  26,    72, -1,  20
737016,20171118,   189,  1,  34,   180, -1,  10
737016,20171118,   181, -1,  31,   196,  1,  28
737016,20171118,   215, -1,  24,   210,  1,   0
737016,20171118,    38,  1,  10,    64, -1,   3
737016,20171118,    55,  1,  52,    97, -1,   7
737016,20171118,     6, -1,  16,   135,  1,  10
737016,20171118,   132,  1,  31,   131, -1,  23
737016,20171118,   138,  1,  42,    31, -1,   0
737016,20171118,   191,  1,  21,   137, -1,  10
737016,20171118,   200,  1,  48,   155, -1,  20
737016,20171118,   233,  1,   8,    52, -1,   7
737016,20171118,   246,  1,  35,    88, -1,   7
737016,20171118,   240,  1,  28,   182, -1,  14
737016,20171118,    61,  1,  59,   170, -1,  33
737016,20171118,    49,  1,  52,   223, -1,  47
737016,20171118,   186,  1,  35,   114, -1,   7
737016,20171118,   158,  1,  38,   192, -1,  21
737016,20171118,   156,  1,  41,    93, -1,   3
737016,20171118,    22,  0,  39,    47,  0,  16
737016,20171118,    56,  1,  43,    78, -1,  20
737016,20171118,    62,  1,  48,    39, -1,  20
737016,20171118,    66,  1,  36,   222, -1,   7
737016,20171118,    65,  1,  52,    68, -1,  24
737016,20171118,    76,  1,  42,   104, -1,  13
737016,20171118,    92,  1,  41,   179, -1,   0
737016,20171118,   111,  1,  56,   205, -1,  10
737016,20171118,   121,  1,  44,   236, -1,  28
737016,20171118,   124,  1,  17,   116, -1,   7
737016,20171118,   161,  1,  52,    89, -1,  14
737016,20171118,   164,  1,  24,   176, -1,  21
737016,20171118,   168,  1,  56,   145, -1,  44
737016,20171118,   224, -1,  45,   207,  1,  19
737016,20171118,   237,  1,  20,   169, -1,  14
737016,20171118,   243,  1,  30,   144, -1,  24
737016,20171118,   211, -1,  28,   247,  1,  14
737016,20171118,   127, -1,  28,    13,  1,  21
737016,20171118,    14,  1,  30,   213, -1,  12
737016,20171118,    16,  1,  42,   226, -1,  14
737016,20171118,    95, -1,  23,    19,  1,  13
737016,20171118,    45,  1,  42,   188, -1,  14
737016,20171118,   174, -1,  24,    94,  1,  15
737016,20171118,   162, -1,  41,   100,  1,   3
737016,20171118,   109,  1,  47,   149, -1,  34
737016,20171118,   119,  1,  66,   193, -1,  45
737016,20171118,   154,  1,  52,    15, -1,  49
737016,20171118,   157,  1,  39,   125, -1,   0
737016,20171118,   101, -1,  45,   163,  1,  40
737016,20171118,   212, -1,  31,   126,  1,  24
737016,20171118,   198,  1,  66,    37, -1,  21
737016,20171118,   112, -1,  30,   208,  1,  10
737016,20171118,   206, -1,  27,   214,  1,   3
737016,20171118,   219,  1,  20,    84, -1,  17
737016,20171118,   229,  1,   9,   115, -1,   7
737016,20171118,   128, -1,  45,   234,  1,  17
737016,20171118,   249,  1,  24,   123, -1,  10
737016,20171118,   117, -1,  16,    29,  1,  10
737016,20171118,    21,  1,  44,     2, -1,  19
737016,20171118,   110, -1,  42,   232,  1,  21
737016,20171118,   231,  1,  38,    82, -1,   0
737016,20171118,    71, -1,  13,   252,  1,   7
737016,20171118,    73,  1,  52,   194, -1,   0
737016,20171118,    42, -1,  13,    87,  1,   7
737016,20171118,   165,  1,  48,    10, -1,  28
737016,20171118,    11, -1,  40,   166,  1,  24
737016,20171118,   202,  1,  17,    32, -1,  14
737016,20171118,   228,  1,  28,   225, -1,  23
737016,20171118,   244,  1,  33,   230, -1,  30
737016,20171118,   159,  1,  24,   141, -1,  17
737016,20171118,   187,  1,  42,   146, -1,  23
737019,20171121,     3,  1,  24,   103, -1,  14
737019,20171121,   122, -1,  28,    18,  1,   7
737019,20171121,    60,  1,  34,    23, -1,  31
737021,20171123,   126, -1,  31,   127,  1,  28
737022,20171124,    27,  1,  31,   160, -1,  24
737022,20171124,    30,  1,  31,   140, -1,  24
737022,20171124,   169,  1,  24,   121, -1,  14
737022,20171124,   216,  1,  37,   241, -1,  10
737022,20171124,   224,  1,  49,   197, -1,  42
737022,20171124,   237, -1,  10,   236,  1,   0
737022,20171124,    84,  1,  24,   141, -1,  14
737022,20171124,    94, -1,  56,   145,  1,  14
737022,20171124,   206,  1,  45,    19, -1,  22
737022,20171124,   214, -1,  27,   211,  1,  23
737022,20171124,   187,  1,  35,   148, -1,  10
737022,20171124,    68,  1,  41,   250, -1,  17
737022,20171124,   128, -1,  48,    13,  1,  45
737022,20171124,   218,  1,  62,   213, -1,   9
737022,20171124,   225,  1,  30,    32, -1,  27
737023,20171125,    79,  0,  30,   199,  0,  21
737023,20171125,    65, -1,  31,    37,  1,  12
737023,20171125,    39,  1,  22,    47, -1,  21
737023,20171125,    69, -1,  38,    66,  1,  22
737023,20171125,     9, -1,  31,    77,  1,  10
737023,20171125,    76, -1,  38,    78,  1,   7
737023,20171125,   111, -1,  44,   104,  1,  17
737023,20171125,   198, -1,  28,   115,  1,  27
737023,20171125,   168, -1,  66,   116,  1,   3
737023,20171125,   161, -1,  31,   123,  1,  20
737023,20171125,   144,  1,  33,   152, -1,  21
737023,20171125,   174,  1,  31,    92, -1,  24
737023,20171125,   124, -1,  40,   179,  1,   7
737023,20171125,    41, -1,  34,   195,  1,  10
737023,20171125,    22, -1,  42,   205,  1,  14
737023,20171125,   234, -1,  42,   208,  1,  24
737023,20171125,    56, -1,  31,   243,  1,  23
737023,20171125,    16,  1,  26,     4, -1,  14
737023,20171125,   157, -1,  42,    89,  1,   7
737023,20171125,   101,  1,  20,    95, -1,  19
737023,20171125,   112,  1,  45,   212, -1,  21
737023,20171125,    73, -1,  34,   109,  1,  24
737023,20171125,   110,  1,  20,   229, -1,   6
737023,20171125,    14, -1,  67,   226,  1,  50
737023,20171125,   119,  1,  70,    62, -1,  13
737023,20171125,   136,  1,  41,   164, -1,  10
737023,20171125,   249, -1,  31,   125,  1,   0
737023,20171125,   162,  1,  59,   247, -1,  31
737023,20171125,   163,  1,  58,   100, -1,  17
737023,20171125,   154, -1,  30,   176,  1,  14
737023,20171125,   193,  1,  41,   219, -1,  38
737023,20171125,   207, -1,  43,   220,  1,  22
737023,20171125,   222,  1,  28,   232, -1,   7
737023,20171125,     2,  1,  38,   231, -1,  35
737023,20171125,    11,  1,  42,    10, -1,  30
737023,20171125,   149,  1,  17,    87, -1,  10
737023,20171125,   230,  1,  34,    44, -1,  13
737023,20171125,   146,  1,  23,   227, -1,  16
737023,20171125,   165,  1,  69,   166, -1,  10
737023,20171125,   188,  1,  20,   252, -1,  17
737023,20171125,   202,  1,  38,   159, -1,  20
737023,20171125,   244,  1,  41,   245, -1,  14
737023,20171125,    71,  1,  28,    21, -1,  17
737023,20171125,    29, -1,  30,    82,  1,  20
737023,20171125,   171, -1,  30,   221,  1,  16
737023,20171125,    72, -1,  28,    63,  1,  27
737023,20171125,   102,  1,  28,   185, -1,  17
737023,20171125,   147,  1,  14,    35, -1,   0
737023,20171125,   196, -1,  38,   150,  1,  31
737023,20171125,   186, -1,  41,   155,  1,  10
737023,20171125,   156,  1,  46,   130, -1,   7
737023,20171125,   204,  1,  59,   107, -1,  29
737023,20171125,   246,  1,  21,   240, -1,  19
737029,20171201,   228,  0,  31,   202,  0,  28
737030,20171202,     9,  1,  63,   109, -1,  14
737030,20171202,    42,  1,  28,    73, -1,  17
737030,20171202,    87, -1,  24,    77,  1,  10
737030,20171202,   218, -1,  32,    14,  1,  25
737030,20171202,   149,  1,  22,   194, -1,  17
737030,20171202,    68,  1,  63,   117, -1,  45
737030,20171202,    69,  1,  42,   226, -1,  10
737030,20171202,   147, -1,  21,    34,  1,  15
737030,20171202,   102, -1,  17,    98,  1,   7
737030,20171202,   224,  1,  62,   119, -1,  55
737030,20171202,    41,  0,  38,   121,  0,   3
737030,20171202,    65,  1,  41,   154, -1,  17
737030,20171202,   251,  1,  28,    72, -1,  10
737030,20171202,    76,  0,  28,    16,  0,   7
737030,20171202,    99,  1,  26,   204, -1,   7
737030,20171202,   139,  1,  38,   186, -1,   3
737030,20171202,   216,  0,  45,     3,  0,  28
737030,20171202,   181,  1,  37,   156, -1,  22
737030,20171202,   161,  0,  27,   249,  0,  21
737030,20171202,   162,  0,  41,   206,  0,  17
737030,20171202,   184,  1,  54,   196, -1,  42
737030,20171202,   246, -1,  30,   200,  1,  13
737030,20171202,    79,  0,  40,     8,  0,  32
737030,20171202,    21,  1,  17,    71, -1,  14
737036,20171208,    99,  1,  31,   246, -1,  28
737037,20171209,    15,  0,  14,   141,  0,  13
737037,20171209,   184,  1,  34,   102, -1,  27
737037,20171209,   139,  1,  42,   251, -1,  10
737037,20171209,   181,  1,  56,   147, -1,  14
737043,20171215,   139,  1,  55,   184, -1,  13
737044,20171216,   218,  0,  50,   154,  0,  30
737044,20171216,    77,  0,  27,   250,  0,  17
737044,20171216,    21,  0,  38,   165,  0,  28
737044,20171216,   115,  0,  31,    45,  0,  28
737044,20171216,   136,  0,  35,    14,  0,  30
737044,20171216,   142,  0,  21,    79,  0,  14
737044,20171216,    99,  1,  51,   181, -1,  16
737047,20171219,    65,  1,  50,     3, -1,   3
737048,20171220,   110,  0,  51,   193,  0,  10
737049,20171221,   207,  0,  28,    68,  0,   3
737050,20171222,   160,  0,  41,   222,  0,   6
737050,20171222,   252,  0,  37,    30,  0,  14
737051,20171223,   197,  0,  38,   214,  0,  34
737051,20171223,    15,  0,  42,   187,  0,  35
737051,20171223,     9,  0,  34,   216,  0,   0
737052,20171224,    71,  0,  33,    84,  0,  27
737054,20171226,   230,  0,  30,   247,  0,  14
737054,20171226,    56,  0,  36,   140,  0,  14
737054,20171226,   101,  0,  35,   225,  0,  17
737055,20171227,    69,  0,  42,   198,  0,  13
737055,20171227,    94,  0,  27,    22,  0,  20
737055,20171227,   174,  0,  38,    10,  0,  35
737055,20171227,   211,  0,  33,   128,  0,  16
737056,20171228,   141,  1,  49,   236, -1,   7
737056,20171228,   163,  0,  30,   237,  0,  21
737056,20171228,   206,  0,  39,   202,  0,  37
737056,20171228,   124,  0,  42,   245,  0,  17
737057,20171229,   243,  0,  55,   212,  0,  52
737057,20171229,   144,  0,  52,    11,  0,  31
737057,20171229,   157,  0,  24,   104,  0,  23
737057,20171229,   149,  0,  26,   231,  0,  20
737057,20171229,   161,  0,  24,   228,  0,   7
737058,20171230,   127,  0,  31,   111,  0,  27
737058,20171230,    95, -1,  21,   119,  1,  20
737058,20171230,   168,  0,  35,   244,  0,  28
737058,20171230,   249, -1,  34,   121,  1,  24
737060,20180101,   195,  0,  26,   123,  0,  19
737060,20180101,   224,  0,  34,    16,  0,  27
737060,20180101,   159,  0,  21,   112,  0,  17
737060,20180101,    76,  0,  54,   162,  0,  48
737060,20180101,     4,  0,  24,    41,  0,   6
737065,20180106,   139,  0,  17,    99,  0,  13
737067,20180108,     4,  0,  26,    76,  0,  23
