728540,19940904,     7, -1,  26,    23,  1,   9
728540,19940904,    19,  1,  28,    22, -1,  23
728540,19940904,     5,  1,  21,    26, -1,   9
728540,19940904,     9,  1,  31,     2, -1,  28
728540,19940904,    10,  1,  16,    16, -1,  10
728540,19940904,    14,  1,  14,     1, -1,  12
728540,19940904,    11,  1,  45,    27, -1,  21
728540,19940904,    15,  1,  39,    17, -1,  35
728540,19940904,    20, -1,  23,     4,  1,   3
728540,19940904,     3, -1,  28,     6,  1,  20
728540,19940904,    12, -1,  30,    18,  1,  17
728540,19940904,    13, -1,  37,     8,  1,  34
728540,19940904,    25, -1,  28,    28,  1,   7
728541,19940905,    24,  1,  44,    21, -1,  14
728547,19940911,     7,  1,  20,    27, -1,  17
728547,19940911,    19, -1,  20,     1,  1,  17
728547,19940911,    28, -1,  38,    18,  1,  24
728547,19940911,    16,  1,  10,     9, -1,   3
728547,19940911,    26,  1,  24,    11, -1,  10
728547,19940911,     2,  1,  31,    14, -1,  13
728547,19940911,     4, -1,  38,    17,  1,  35
728547,19940911,    15, -1,  24,    10,  1,  14
728547,19940911,    20,  1,  25,     8, -1,  22
728547,19940911,    23, -1,  17,     3,  1,  10
728547,19940911,    12,  1,  24,    24, -1,  17
728547,19940911,    13,  1,  27,     6, -1,  10
728547,19940911,    25, -1,  38,    21,  1,   9
728548,19940912,    22,  1,  30,     5, -1,  22
728554,19940918,    19,  1,  31,    28, -1,  23
728554,19940918,    22,  1,  13,    10, -1,   7
728554,19940918,    16, -1,  42,     5,  1,  14
728554,19940918,    18, -1,   9,    26,  1,   7
728554,19940918,    24, -1,  34,    14,  1,  19
728554,19940918,     4, -1,  15,    27,  1,   7
728554,19940918,    15,  1,  28,    20, -1,  14
728554,19940918,    17, -1,  31,     6,  1,  28
728554,19940918,     3,  1,  32,     1, -1,   0
728554,19940918,    23,  1,  31,    11, -1,  21
728554,19940918,    12, -1,  30,     2,  1,  10
728554,19940918,    21, -1,  48,     8,  1,  16
728554,19940918,    13, -1,  24,    25,  1,  10
728555,19940919,     9, -1,  20,     7,  1,  17
728561,19940925,     5, -1,  19,    20,  1,   7
728561,19940925,    10,  1,  30,    26, -1,   3
728561,19940925,    16,  1,  38,    15, -1,  35
728561,19940925,     2, -1,  27,    28,  1,  20
728561,19940925,    14, -1,  16,    12,  1,   0
728561,19940925,    24,  1,  24,    18, -1,  13
728561,19940925,    17, -1,  23,     9,  1,  17
728561,19940925,     3, -1,  21,    11,  1,  14
728561,19940925,    27,  1,  20,     6, -1,  13
728561,19940925,    13, -1,  26,    21,  1,  24
728561,19940925,    25,  1,  30,    23, -1,  13
728562,19940926,     4,  1,  27,     8, -1,  20
728568,19941002,     1,  1,  17,    16, -1,   7
728568,19941002,     7, -1,  34,    28,  1,   7
728568,19941002,    22, -1,  40,    24,  1,   8
728568,19941002,     5,  1,  20,     4, -1,  13
728568,19941002,    26,  1,  24,     9, -1,  14
728568,19941002,     2, -1,   8,    14,  1,   5
728568,19941002,    18,  1,  27,    19, -1,  22
728568,19941002,    11,  1,  17,    25, -1,  15
728568,19941002,    15, -1,  23,     6,  1,   7
728568,19941002,    17,  1,  17,    10, -1,  16
728568,19941002,     3,  1,  27,    20, -1,   7
728569,19941003,    23,  1,  30,    27, -1,  14
728575,19941009,     7,  1,  38,     1, -1,   3
728575,19941009,    22,  1,  21,    28, -1,  17
728575,19941009,     5,  1,  17,    18, -1,   7
728575,19941009,    10,  1,  24,    14, -1,  17
728575,19941009,     2,  1,  34,    26, -1,  13
728575,19941009,    24, -1,  27,     9,  1,  21
728575,19941009,     4,  1,  21,    15, -1,  11
728575,19941009,    20,  1,  16,    11, -1,   6
728575,19941009,     8, -1,  16,    25,  1,   9
728575,19941009,    21, -1,  21,    17,  1,  17
728575,19941009,    13,  1,  20,    12, -1,   6
728576,19941010,    16, -1,  27,    19,  1,  10
728579,19941013,     3, -1,  11,    27,  1,   8
728582,19941016,     1, -1,  19,    28,  1,  16
728582,19941016,     7,  1,  24,    22, -1,  13
728582,19941016,    14,  1,  17,    19, -1,  10
728582,19941016,    24, -1,  42,     2,  1,   3
728582,19941016,    11, -1,  27,     4,  1,  17
728582,19941016,    15,  1,  20,    21, -1,  17
728582,19941016,    20,  1,  24,    17, -1,  17
728582,19941016,    23,  1,  14,     6, -1,  10
728582,19941016,    13, -1,  36,    18,  1,  22
728583,19941017,    12, -1,  31,     8,  1,  28
728586,19941020,    16,  1,  13,    10, -1,  10
728589,19941023,     7, -1,  28,     1,  1,  21
728589,19941023,    28, -1,  41,    11,  1,  27
728589,19941023,     9,  1,  21,     5, -1,  16
728589,19941023,    18,  1,  37,    14, -1,  34
728589,19941023,    24,  1,  41,    26, -1,  16
728589,19941023,     3,  1,  37,     6, -1,  13
728589,19941023,    23, -1,  10,    19,  1,   6
728589,19941023,     8, -1,  20,    13,  1,  15
728589,19941023,    12,  1,  38,    25, -1,  23
728589,19941023,    21,  1,  30,     2, -1,  17
728590,19941024,    22,  1,  21,    27, -1,   6
728596,19941030,     1,  1,  20,    23, -1,  17
728596,19941030,     7, -1,  23,     6,  1,  20
728596,19941030,    22, -1,  31,    28,  1,  29
728596,19941030,     9, -1,  28,    19,  1,  25
728596,19941030,    16, -1,  36,    26,  1,  13
728596,19941030,     4,  1,  44,    12, -1,  10
728596,19941030,    11,  1,  28,    20, -1,  25
728596,19941030,    15, -1,  23,    17,  1,   3
728596,19941030,     8,  1,  26,     3, -1,  14
728596,19941030,    21,  1,  17,    27, -1,  14
728596,19941030,    13,  1,  35,    25, -1,  15
728597,19941031,    10, -1,  33,     5,  1,   6
728603,19941106,    22,  1,  17,     1, -1,   7
728603,19941106,     5, -1,  20,    26,  1,   6
728603,19941106,    10,  1,  38,     9, -1,  30
728603,19941106,    16,  1,  21,    18, -1,  20
728603,19941106,     2,  1,  10,    13, -1,   9
728603,19941106,    14,  1,  27,     8, -1,  21
728603,19941106,    24, -1,  37,    28,  1,  22
728603,19941106,    15,  1,  22,    11, -1,  21
728603,19941106,    20,  1,  22,     4, -1,  17
728603,19941106,     6, -1,  20,    25,  1,  17
728603,19941106,     3,  1,  13,    17, -1,   6
728603,19941106,    23, -1,  12,    27,  1,   9
728603,19941106,    12,  1,  13,    21, -1,   3
728604,19941107,     7,  1,  38,    19, -1,  10
728610,19941113,     1, -1,  10,    19,  1,   9
728610,19941113,     5, -1,  17,    15,  1,  14
728610,19941113,     9,  1,  14,    26, -1,   9
728610,19941113,    10,  1,  17,    20, -1,  10
728610,19941113,    18,  1,  33,     2, -1,  32
728610,19941113,    24,  1,  21,     7, -1,  14
728610,19941113,    17,  1,  26,    16, -1,  20
728610,19941113,     6,  1,  34,    27, -1,  31
728610,19941113,     3, -1,  26,    22,  1,   7
728610,19941113,     8,  1,  17,    25, -1,  10
728610,19941113,    21, -1,  20,    14,  1,  17
728610,19941113,    13, -1,  14,    12,  1,  13
728611,19941114,    23,  1,  23,     4, -1,  10
728617,19941120,     1,  1,  12,    22, -1,   6
728617,19941120,     7,  1,  31,    28, -1,   7
728617,19941120,     5,  1,  20,     9, -1,  10
728617,19941120,    24,  1,  31,    14, -1,  27
728617,19941120,     4,  1,  29,    10, -1,  20
728617,19941120,    11, -1,  17,     6,  1,  13
728617,19941120,    17,  1,  23,    13, -1,  17
728617,19941120,    20, -1,  31,    16,  1,  21
728617,19941120,    23,  1,  16,    15, -1,  13
728617,19941120,     8,  1,  32,     2, -1,  28
728617,19941120,    12,  1,  20,     3, -1,  13
728617,19941120,    21,  1,  24,    18, -1,  19
728617,19941120,    25,  1,  22,    26, -1,  21
728618,19941121,    19, -1,  13,    27,  1,  10
728621,19941124,     7,  1,  42,    10, -1,  31
728621,19941124,     9,  1,  35,     4, -1,  21
728624,19941127,    19, -1,  21,    28,  1,  19
728624,19941127,     5, -1,  19,     1,  1,  16
728624,19941127,    26, -1,  20,    16,  1,  17
728624,19941127,     2,  1,  28,    22, -1,  21
728624,19941127,    15, -1,  28,    20,  1,  24
728624,19941127,    17, -1,  12,    11,  1,  10
728624,19941127,     3,  1,  34,    27, -1,  10
728624,19941127,    23, -1,  21,    21,  1,   3
728624,19941127,     8,  1,  15,     6, -1,  13
728624,19941127,    13,  1,  31,    14, -1,  17
728624,19941127,    25,  1,  10,    12, -1,   9
728625,19941128,    24, -1,  35,    18,  1,  14
728628,19941201,    16,  1,  33,     5, -1,  27
728631,19941204,     1, -1,  30,    27,  1,  12
728631,19941204,     7, -1,  31,    22,  1,  19
728631,19941204,    19, -1,  16,     3,  1,  13
728631,19941204,     9,  1,  34,    10, -1,  31
728631,19941204,    26,  1,  26,    28, -1,  21
728631,19941204,    18, -1,  31,    14,  1,  15
728631,19941204,    24,  1,  50,     2, -1,  14
728631,19941204,     4, -1,  42,    15,  1,  31
728631,19941204,    11, -1,  31,    25,  1,  19
728631,19941204,    17,  1,  24,    20, -1,  13
728631,19941204,    23, -1,  38,     6,  1,  15
728631,19941204,     8, -1,  20,    12,  1,  17
728632,19941205,    21, -1,  24,    13,  1,  17
728637,19941210,     9, -1,  18,    20,  1,   7
728637,19941210,     3, -1,  19,     7,  1,  14
728638,19941211,     1,  1,  17,    28, -1,  15
728638,19941211,    19,  1,  27,     6, -1,  20
728638,19941211,    10,  1,  40,     5, -1,   3
728638,19941211,    16, -1,  21,     4,  1,  17
728638,19941211,    26,  1,  24,    14, -1,  14
728638,19941211,    18, -1,  29,     2,  1,  20
728638,19941211,    24, -1,  38,    13,  1,  15
728638,19941211,    17,  1,  28,    11, -1,  13
728638,19941211,    23,  1,  14,    22, -1,   3
728638,19941211,    21,  1,  23,     8, -1,  13
728638,19941211,    25, -1,  16,    27,  1,  14
728639,19941212,    15,  1,  45,    12, -1,  28
728644,19941217,     9,  1,  41,    16, -1,  19
728644,19941217,    24,  1,  42,     8, -1,  19
728645,19941218,     1,  1,  28,     6, -1,   7
728645,19941218,    19, -1,  16,    22,  1,  13
728645,19941218,     5,  1,  27,    14, -1,  13
728645,19941218,    10,  1,  21,     2, -1,  17
728645,19941218,    26, -1,  17,    28,  1,  14
728645,19941218,    11,  1,  10,    15, -1,   6
728645,19941218,    17, -1,  41,     4,  1,  17
728645,19941218,    23,  1,  17,     3, -1,   7
728645,19941218,    12,  1,  31,    27, -1,   9
728645,19941218,    21, -1,  17,    25,  1,  16
728645,19941218,    13, -1,  21,    20,  1,   6
728646,19941219,     7, -1,  24,    18,  1,  16
728651,19941224,    19,  1,  15,     7, -1,  10
728651,19941224,    28, -1,  24,    14,  1,  21
728651,19941224,    10, -1,  34,    26,  1,  19
728651,19941224,     2,  1,  10,     1, -1,   6
728651,19941224,    18, -1,  30,     8,  1,  28
728651,19941224,    11,  1,  10,     4, -1,   9
728651,19941224,    17, -1,  13,     5,  1,   3
728651,19941224,     6,  1,  33,    22, -1,  30
728651,19941224,     3,  1,  35,    25, -1,   9
728651,19941224,    27,  1,  24,    20, -1,  10
728651,19941224,    12, -1,  19,    21,  1,   9
728651,19941224,    13,  1,  37,    23, -1,  34
728652,19941225,    15,  1,  27,     9, -1,  20
728653,19941226,    16,  1,  21,    24, -1,  14
728658,19941231,    10,  1,  16,     9, -1,  12
728658,19941231,    15,  1,  27,    12, -1,  17
728659,19950101,     5, -1,  35,    16,  1,  18
728659,19950101,     3,  1,  20,    17, -1,  13
728665,19950107,    24,  1,  44,     5, -1,  15
728665,19950107,    23,  1,  29,     3, -1,   9
728666,19950108,     7,  1,  35,    10, -1,   9
728666,19950108,    13,  1,  22,    15, -1,  21
728673,19950115,    24,  1,  38,     7, -1,  28
728673,19950115,    13, -1,  17,    23,  1,  13
728687,19950129,    24,  0,  49,    13,  0,  26
