730374,19990912,     1, -1,  25,    25,  1,  24
730374,19990912,     6,  1,  20,    15, -1,  17
730374,19990912,     9, -1,  41,    31,  1,  35
730374,19990912,    11, -1,  28,    28,  1,  20
730374,19990912,    12,  1,  28,    24, -1,  24
730374,19990912,    13,  1,  31,     4, -1,  14
730374,19990912,    14,  1,  41,    27, -1,   3
730374,19990912,    19, -1,  17,     2,  1,  14
730374,19990912,    20, -1,  30,    23,  1,  28
730374,19990912,    21,  1,  19,     5, -1,  10
730374,19990912,    22, -1,  17,    29,  1,  13
730374,19990912,    26, -1,  43,     8,  1,   0
730374,19990912,    17,  1,  27,     3, -1,  10
730374,19990912,    30,  1,  36,     7, -1,  35
730375,19990913,    18, -1,  38,    10,  1,  21
730381,19990919,     4,  1,  17,    23, -1,   3
730381,19990919,    11,  1,  23,    12, -1,  15
730381,19990919,    14, -1,  22,     5,  1,  20
730381,19990919,    15,  1,  26,    10, -1,  10
730381,19990919,    18,  1,  19,     1, -1,  16
730381,19990919,    20,  1,  31,    13, -1,  28
730381,19990919,    24, -1,  22,    19,  1,  17
730381,19990919,    26, -1,  23,     3,  1,  20
730381,19990919,    16, -1,  34,     7,  1,   7
730381,19990919,    27,  1,  28,    21, -1,  21
730381,19990919,    28, -1,  14,     6,  1,  13
730381,19990919,    29, -1,  19,    25,  1,   5
730381,19990919,    30,  1,  26,     8, -1,   9
730381,19990919,    31, -1,  50,    22,  1,  21
730382,19990920,     9,  1,  24,     2, -1,   7
730388,19990926,     3,  1,  17,     8, -1,  10
730388,19990926,     4,  1,  26,    25, -1,   0
730388,19990926,     5,  1,  27,     7, -1,   3
730388,19990926,    12,  1,  23,    19, -1,  20
730388,19990926,    13, -1,  27,    16,  1,  19
730388,19990926,    15,  1,  31,    11, -1,  21
730388,19990926,    20,  1,  16,    22, -1,  14
730388,19990926,    24,  1,  24,     6, -1,  17
730388,19990926,    17,  1,  35,     2, -1,   7
730388,19990926,    28, -1,  29,    26,  1,  10
730388,19990926,    29,  1,  13,    10, -1,  10
730388,19990926,    30, -1,  20,    14,  1,  19
730388,19990926,    31, -1,  27,    23,  1,  20
730389,19990927,    27, -1,  24,     1,  1,  10
730395,19991003,     3, -1,  19,     2,  1,  13
730395,19991003,     6,  1,  14,    21, -1,  10
730395,19991003,     9,  1,  35,     1, -1,   7
730395,19991003,    14, -1,  17,    26,  1,   3
730395,19991003,    19,  1,  21,    29, -1,  14
730395,19991003,    20, -1,  19,     8,  1,   7
730395,19991003,    22,  1,  16,    25, -1,  15
730395,19991003,    23, -1,  21,    10,  1,  13
730395,19991003,    17, -1,  38,     7,  1,  10
730395,19991003,    16,  1,  21,    15, -1,  14
730395,19991003,    27,  1,  24,    30, -1,  22
730395,19991003,    28,  1,  22,    24, -1,  21
730395,19991003,    31,  1,  38,     5, -1,  36
730396,19991004,     4, -1,  23,    18,  1,  18
730402,19991010,     1,  1,  14,    22, -1,   3
730402,19991010,     2, -1,  20,    21,  1,  17
730402,19991010,     4,  1,  24,    26, -1,  21
730402,19991010,     6, -1,  24,    19,  1,  22
730402,19991010,     7, -1,  18,     8,  1,  17
730402,19991010,    10, -1,  16,    24,  1,  13
730402,19991010,    12,  1,  26,    29, -1,  23
730402,19991010,    15,  1,  16,    20, -1,  14
730402,19991010,    18, -1,  34,    13,  1,  31
730402,19991010,    25,  1,  13,     9, -1,  10
730402,19991010,    17,  1,  42,    27, -1,  20
730402,19991010,    16, -1,  20,    11,  1,  10
730402,19991010,    30,  1,  14,     3, -1,  11
730403,19991011,    14, -1,  16,    23,  1,   6
730409,19991017,     5, -1,  31,    27,  1,  29
730409,19991017,    10,  1,  31,    12, -1,  10
730409,19991017,    11,  1,  25,    19, -1,  23
730409,19991017,    13, -1,  16,    23,  1,  13
730409,19991017,    14,  1,  24,     8, -1,   7
730409,19991017,    18, -1,  31,    20,  1,  30
730409,19991017,    24, -1,  20,     4,  1,  14
730409,19991017,    25, -1,  20,     6,  1,  16
730409,19991017,    26, -1,  17,     7,  1,   3
730409,19991017,    17, -1,  41,     2,  1,  13
730409,19991017,    16,  1,  13,    28, -1,  10
730409,19991017,    30, -1,  24,    21,  1,  21
730409,19991017,    31, -1,  24,     1,  1,  10
730410,19991018,    22,  1,  13,     9, -1,  10
730413,19991021,    15, -1,  35,     3,  1,   8
730416,19991024,     9,  1,  38,    31, -1,  20
730416,19991024,    11, -1,  24,     5,  1,   9
730416,19991024,    12, -1,  31,    16,  1,   3
730416,19991024,    13,  1,  31,     7, -1,  10
730416,19991024,    18,  1,  16,    25, -1,  13
730416,19991024,    19,  1,  40,    27, -1,  16
730416,19991024,    20,  1,  24,    10, -1,  23
730416,19991024,    22,  1,  31,    21, -1,   3
730416,19991024,    24,  1,  24,    23, -1,  23
730416,19991024,    17,  1,  34,     8, -1,   3
730416,19991024,    28,  1,  26,     4, -1,  16
730416,19991024,    29,  1,   6,     6, -1,   3
730417,19991025,    26,  1,  13,     2, -1,   9
730423,19991031,     2,  1,  27,     5, -1,  20
730423,19991031,     4, -1,  13,     3,  1,  10
730423,19991031,     8, -1,  21,    21,  1,  16
730423,19991031,    11,  1,  20,    29, -1,   3
730423,19991031,    13,  1,  34,     9, -1,  24
730423,19991031,    14, -1,  41,     7,  1,  10
730423,19991031,    15,  1,  34,    16, -1,   0
730423,19991031,    18, -1,  16,    24,  1,   9
730423,19991031,    19, -1,  23,    10,  1,  20
730423,19991031,    20, -1,  27,     1,  1,   3
730423,19991031,    22, -1,  23,    25,  1,  17
730423,19991031,    30,  1,  24,    17, -1,  21
730423,19991031,    31,  1,  48,     6, -1,  22
730424,19991101,    28, -1,  27,    12,  1,   7
730430,19991107,     3, -1,  41,     8,  1,   9
730430,19991107,     4, -1,  34,    31,  1,  17
730430,19991107,     5,  1,  33,    25, -1,   7
730430,19991107,     6, -1,  14,    12,  1,  13
730430,19991107,    10, -1,  33,    16,  1,  17
730430,19991107,    11,  1,  31,    17, -1,  27
730430,19991107,    13,  1,  25,    15, -1,  17
730430,19991107,    14, -1,  30,     2,  1,   7
730430,19991107,    18,  1,  17,    30, -1,   0
730430,19991107,    23,  1,  12,     1, -1,   7
730430,19991107,    26, -1,  27,    27,  1,   6
730430,19991107,    28,  1,  37,     7, -1,  20
730430,19991107,    29, -1,  31,    21,  1,  16
730431,19991108,    19,  1,  27,     9, -1,  17
730437,19991114,     1,  1,  23,    11, -1,  19
730437,19991114,     4,  1,  23,    18, -1,   3
730437,19991114,     8, -1,  16,    26,  1,  15
730437,19991114,     9,  1,  27,    12, -1,  13
730437,19991114,    13, -1,  27,    22,  1,  19
730437,19991114,    14,  1,   6,     3, -1,   3
730437,19991114,    19, -1,  27,     6,  1,  24
730437,19991114,    21,  1,  24,    27, -1,   6
730437,19991114,    24,  1,  28,    16, -1,   9
730437,19991114,    25,  1,  35,    31, -1,  28
730437,19991114,    17,  1,  35,     5, -1,  10
730437,19991114,    28,  1,  20,    10, -1,  17
730437,19991114,    29,  1,  17,    15, -1,  10
730437,19991114,    30, -1,  24,     7,  1,  14
730438,19991115,    23, -1,  24,    20,  1,  17
730444,19991121,     1,  1,  13,     9, -1,   9
730444,19991121,     3, -1,  34,     7,  1,  31
730444,19991121,     5, -1,  31,     8,  1,  17
730444,19991121,     6, -1,  23,    16,  1,  20
730444,19991121,    12,  1,  26,    11, -1,  17
730444,19991121,    13, -1,  44,    25,  1,  17
730444,19991121,    14,  1,  41,    21, -1,  23
730444,19991121,    18,  1,  27,    20, -1,  17
730444,19991121,    23,  1,  17,     4, -1,   7
730444,19991121,    17, -1,  23,    27,  1,   7
730444,19991121,    28, -1,  31,    15,  1,  19
730444,19991121,    29,  1,  19,     2, -1,  10
730444,19991121,    30,  1,  16,    26, -1,  10
730444,19991121,    31,  1,  23,    22, -1,  13
730445,19991122,    10,  1,  27,    24, -1,  21
730448,19991125,     9,  1,  20,    18, -1,   0
730448,19991125,    11,  1,  21,     6, -1,  17
730451,19991128,     1, -1,  34,    22,  1,  24
730451,19991128,     4,  1,  17,    20, -1,   7
730451,19991128,     5,  1,  34,     2, -1,  28
730451,19991128,     7, -1,  27,    26,  1,  20
730451,19991128,    13,  1,  13,    23, -1,   6
730451,19991128,    14, -1,  30,     3,  1,  23
730451,19991128,    15, -1,  37,    24,  1,  34
730451,19991128,    19,  1,  35,    16, -1,  27
730451,19991128,    17,  1,  43,    21, -1,  12
730451,19991128,    29, -1,  16,    28,  1,   3
730451,19991128,    30, -1,  33,     8,  1,  21
730451,19991128,    31,  1,  20,    25, -1,  17
730452,19991129,    12, -1,  20,    27,  1,   3
730455,19991202,    14,  1,  20,    26, -1,   6
730458,19991205,     1,  1,  21,    25, -1,  17
730458,19991205,     2,  1,  35,    21, -1,  12
730458,19991205,     3,  1,  41,    30, -1,  14
730458,19991205,     7,  1,  44,    27, -1,  30
730458,19991205,    11,  1,  33,    31, -1,  17
730458,19991205,    12, -1,  35,     6,  1,  19
730458,19991205,    13, -1,  37,    18,  1,  34
730458,19991205,    15, -1,  16,    10,  1,  10
730458,19991205,    20,  1,  13,     9, -1,   6
730458,19991205,    22,  1,  41,    23, -1,  28
730458,19991205,    24,  1,  30,    28, -1,  21
730458,19991205,    17, -1,  34,     5,  1,  21
730458,19991205,    16,  1,  23,     8, -1,  10
730459,19991206,    29,  1,  24,    19, -1,  17
730462,19991209,    30,  1,  21,    24, -1,  14
730465,19991212,     3, -1,  31,    26,  1,  24
730465,19991212,     5, -1,  33,    12,  1,  31
730465,19991212,     7,  1,  44,     8, -1,  28
730465,19991212,     9,  1,  20,    25, -1,  10
730465,19991212,    13,  1,  20,    20, -1,  15
730465,19991212,    15,  1,  31,    19, -1,  28
730465,19991212,    22, -1,  19,     4,  1,  17
730465,19991212,    23,  1,  28,    18, -1,  20
730465,19991212,    17, -1,  30,    21,  1,  14
730465,19991212,    16, -1,  19,    28,  1,  16
730465,19991212,    27,  1,  26,     2, -1,   7
730465,19991212,    29,  1,  23,    11, -1,  16
730465,19991212,    31,  1,  28,     1, -1,   3
730466,19991213,    14,  1,  27,    10, -1,  24
730471,19991218,     5,  1,  41,    27, -1,  24
730471,19991218,    15,  1,  35,    26, -1,  19
730472,19991219,     3,  1,  31,    21, -1,   8
730472,19991219,     4, -1,  31,     1,  1,  21
730472,19991219,     6,  1,  28,    11, -1,  10
730472,19991219,    10,  1,  36,    28, -1,  30
730472,19991219,    13,  1,  24,    31, -1,  21
730472,19991219,    14, -1,  24,     8,  1,  14
730472,19991219,    18,  1,  12,    16, -1,   9
730472,19991219,    23, -1,  22,     9,  1,  21
730472,19991219,    24,  1,  45,    29, -1,   0
730472,19991219,    25,  1,  24,    20, -1,   9
730472,19991219,    17,  1,  31,    22, -1,  10
730472,19991219,    30,  1,  30,     2, -1,  17
730473,19991220,    19,  1,  24,    12, -1,  20
730477,19991224,    21,  1,  31,     9, -1,  24
730478,19991225,    10, -1,  17,    11,  1,   7
730479,19991226,     2,  1,  37,     1, -1,  14
730479,19991226,     3,  1,  22,     7, -1,   0
730479,19991226,     4, -1,  13,    20,  1,  10
730479,19991226,    13, -1,  29,     8,  1,  28
730479,19991226,    19, -1,  34,    22,  1,  17
730479,19991226,    26,  1,  30,     5, -1,  20
730479,19991226,    17,  1,  34,     6, -1,  12
730479,19991226,    16,  1,  23,    24, -1,  20
730479,19991226,    28,  1,  23,    15, -1,  14
730479,19991226,    29,  1,  29,    12, -1,  10
730479,19991226,    30,  1,  41,    14, -1,  14
730479,19991226,    31, -1,  26,    27,  1,  20
730480,19991227,    23, -1,  38,    18,  1,  31
730486,20000102,     4,  1,  31,    13, -1,   6
730486,20000102,     5,  1,  45,    21, -1,  13
730486,20000102,     9,  1,  26,    22, -1,  18
730486,20000102,    12,  1,  49,     1, -1,  24
730486,20000102,    14,  1,  24,     7, -1,   7
730486,20000102,    19,  1,  24,    11, -1,  17
730486,20000102,    20,  1,  20,     3, -1,   3
730486,20000102,    23,  1,  19,    28, -1,   9
730486,20000102,    24, -1,  41,    15,  1,  38
730486,20000102,    25,  1,  38,    17, -1,  31
730486,20000102,    16, -1,  12,    10,  1,   6
730486,20000102,    29, -1,  20,     6,  1,   6
730486,20000102,    30, -1,  47,    26,  1,  36
730486,20000102,    31,  1,  21,    18, -1,  10
730487,20000103,     2,  1,  34,    27, -1,  29
730492,20000108,    30,  1,  22,     4, -1,  16
730492,20000108,    31,  1,  27,    11, -1,  13
730493,20000109,    18, -1,  20,    28,  1,  17
730493,20000109,    19,  1,  27,     9, -1,  10
730499,20000115,    14,  1,  62,    18, -1,   7
730499,20000115,    29,  1,  14,    31, -1,  13
730500,20000116,    17,  1,  49,    19, -1,  37
730500,20000116,    30, -1,  19,    13,  1,  16
730507,20000123,    30, -1,  33,    14,  1,  14
730507,20000123,    17,  1,  11,    29, -1,   6
730514,20000130,    17,  0,  23,    30,  0,  16
