732926,20060907,    27,  1,  28,    19, -1,  17
732929,20060910,     2, -1,  20,     5,  1,   6
732929,20060910,     3, -1,  27,    30,  1,   0
732929,20060910,    21,  1,  19,     4, -1,  17
732929,20060910,     7, -1,  23,    16,  1,  10
732929,20060910,    18,  1,  18,    10, -1,  10
732929,20060910,    22, -1,  19,     8,  1,  14
732929,20060910,    24, -1,  23,    31,  1,  16
732929,20060910,    26, -1,  24,    13,  1,  10
732929,20060910,    29, -1,   9,    11,  1,   6
732929,20060910,     6, -1,  26,    12,  1,   0
732929,20060910,    15,  1,  24,     9, -1,  17
732929,20060910,     1,  1,  34,    28, -1,  27
732929,20060910,    14, -1,  26,    23,  1,  21
732930,20060911,    20, -1,  19,    32,  1,  16
732930,20060911,    17, -1,  27,    25,  1,   0
732936,20060917,     4, -1,  16,    19,  1,   6
732936,20060917,    20,  1,  16,     5, -1,  13
732936,20060917,     7,  1,  34,     8, -1,  17
732936,20060917,     6,  1,  34,    11, -1,   7
732936,20060917,    14,  1,  43,    13, -1,  24
732936,20060917,    22, -1,  34,    12,  1,  27
732936,20060917,    23, -1,  30,    26,  1,  24
732936,20060917,     3,  1,  28,    25, -1,   6
732936,20060917,     2,  1,  14,    30, -1,   3
732936,20060917,    29,  1,  21,     1, -1,  10
732936,20060917,    28,  1,  20,    18, -1,  13
732936,20060917,    10,  1,   9,    16, -1,   6
732936,20060917,    21, -1,  24,    24,  1,  17
732936,20060917,    17,  1,  40,    31, -1,   7
732936,20060917,     9,  1,  27,    32, -1,  10
732937,20060918,    15,  1,   9,    27, -1,   0
732943,20060924,     5, -1,  26,    30,  1,  24
732943,20060924,     6, -1,  19,    20,  1,  16
732943,20060924,     7, -1,  28,    27,  1,  20
732943,20060924,    12, -1,  31,    11,  1,  24
732943,20060924,    14,  1,  21,    15, -1,  14
732943,20060924,    24, -1,  28,     4,  1,  20
732943,20060924,    19,  1,  13,    31, -1,  10
732943,20060924,    32, -1,  31,    13,  1,  15
732943,20060924,     3, -1,  15,     8,  1,  14
732943,20060924,    29,  1,  42,    23, -1,  30
732943,20060924,    26, -1,  38,    28,  1,  24
732943,20060924,    18, -1,  16,     1,  1,  14
732943,20060924,    10, -1,  17,    21,  1,   7
732944,20060925,    22,  1,  23,     2, -1,   3
732950,20061001,     2,  1,  32,     1, -1,  10
732950,20061001,     9, -1,  45,    31,  1,  14
732950,20061001,    14, -1,  31,    24,  1,  28
732950,20061001,    13,  1,  17,    19, -1,  15
732950,20061001,     4,  1,  17,    20, -1,  12
732950,20061001,     5,  1,  21,    22, -1,  18
732950,20061001,     3,  1,  16,    17, -1,  13
732950,20061001,    16,  1,  41,    28, -1,   0
732950,20061001,    18,  1,  41,    11, -1,  34
732950,20061001,     8, -1,  24,    25,  1,  21
732950,20061001,    32,  1,  36,    15, -1,  30
732950,20061001,    21, -1,  38,     7,  1,  13
732950,20061001,     6,  1,  37,    29, -1,   6
732951,20061002,    26,  1,  31,    12, -1,   9
732957,20061008,     6,  1,  40,     4, -1,   7
732957,20061008,     5,  1,  20,     8, -1,  12
732957,20061008,    20,  1,  26,    11, -1,  17
732957,20061008,    21,  1,  20,    19, -1,  10
732957,20061008,    18, -1,  23,    12,  1,  20
732957,20061008,    22,  1,  24,    30, -1,  21
732957,20061008,    14,  1,  14,    31, -1,  13
732957,20061008,    23,  1,  19,    32, -1,   3
732957,20061008,    16, -1,  23,     1,  1,  20
732957,20061008,    15,  1,  41,    24, -1,   0
732957,20061008,    28,  1,  34,    25, -1,  20
732957,20061008,    26,  1,  38,     9, -1,  24
732957,20061008,    17,  1,  23,    27, -1,  13
732958,20061009,    10,  1,  13,     3, -1,   3
732964,20061015,    11,  1,  20,     4, -1,  17
732964,20061015,     5, -1,  23,     3,  1,  21
732964,20061015,    30,  1,  14,     7, -1,  13
732964,20061015,     9,  1,  34,    13, -1,   6
732964,20061015,    23, -1,  27,     2,  1,  14
732964,20061015,    22,  1,  27,    26, -1,  24
732964,20061015,    29, -1,  30,    18,  1,  28
732964,20061015,    31, -1,  25,    32,  1,  22
732964,20061015,    27,  1,  45,    16, -1,   7
732964,20061015,    24,  1,  20,    19, -1,  17
732964,20061015,    17, -1,  48,    28,  1,  19
732964,20061015,    10,  1,  13,    25, -1,   3
732965,20061016,     6, -1,  24,     1,  1,  23
732971,20061022,     7,  1,  17,     5, -1,  14
732971,20061022,    24,  1,  31,    11, -1,  24
732971,20061022,    12, -1,  34,    19,  1,  24
732971,20061022,    13,  1,  27,    15, -1,   7
732971,20061022,    21, -1,  28,     4,  1,   6
732971,20061022,    30,  1,  23,    26, -1,  21
732971,20061022,     2,  1,  41,    27, -1,  38
732971,20061022,    16,  1,  30,    17, -1,  27
732971,20061022,    10, -1,  17,     8,  1,   7
732971,20061022,    25,  1,  22,     1, -1,   9
732971,20061022,    20, -1,  31,    29,  1,  13
732971,20061022,    14,  1,  36,    32, -1,  22
732972,20061023,    23, -1,  36,     9,  1,  22
732978,20061029,    12,  1,  31,     1, -1,  14
732978,20061029,     2, -1,  29,     7,  1,  27
732978,20061029,     3, -1,  35,    22,  1,  22
732978,20061029,    31,  1,  28,    13, -1,  22
732978,20061029,    15, -1,  13,    26,  1,   6
732978,20061029,    16,  1,  35,    29, -1,  28
732978,20061029,     6,  1,  41,    28, -1,  10
732978,20061029,    23,  1,  17,    30, -1,   3
732978,20061029,    17,  1,  38,    18, -1,  24
732978,20061029,    14, -1,  34,    10,  1,  31
732978,20061029,     8,  1,  20,    24, -1,  13
732978,20061029,    25,  1,  20,    27, -1,  13
732978,20061029,     9, -1,  35,     5,  1,  14
732979,20061030,    21, -1,  31,    20,  1,   7
732985,20061105,    11,  1,  30,     2, -1,  14
732985,20061105,     3,  1,  26,     7, -1,  20
732985,20061105,    32,  1,  22,     9, -1,  19
732985,20061105,     4,  1,  24,    12, -1,  10
732985,20061105,    23,  1,  14,    13, -1,  10
732985,20061105,    16, -1,  31,    18,  1,  17
732985,20061105,    19, -1,  31,     6,  1,  13
732985,20061105,    22, -1,  31,    30,  1,  14
732985,20061105,    15,  1,  37,    31, -1,   7
732985,20061105,    28,  1,   9,    20, -1,   3
732985,20061105,    17,  1,  32,     8, -1,  25
732985,20061105,    10, -1,  31,    27,  1,  20
732985,20061105,    14, -1,  27,    21,  1,  20
732986,20061106,    29,  1,  16,    25, -1,   0
732992,20061112,     3, -1,  27,    31,  1,  26
732992,20061112,    14,  1,  17,     4, -1,  16
732992,20061112,     6, -1,  38,    23,  1,  20
732992,20061112,     8, -1,  17,     2,  1,  13
732992,20061112,    12, -1,  23,    20,  1,  17
732992,20061112,    13, -1,  13,    15,  1,  10
732992,20061112,    19,  1,  13,    16, -1,  10
732992,20061112,    27,  1,  38,    22, -1,  31
732992,20061112,    24, -1,  17,    21,  1,  14
732992,20061112,    17, -1,  49,     7,  1,  41
732992,20061112,    28, -1,  19,    11,  1,  13
732992,20061112,    26,  1,  27,    32, -1,   3
732992,20061112,    10, -1,  17,    25,  1,  13
732992,20061112,     9, -1,  27,     1,  1,  10
732992,20061112,    29,  1,  24,    18, -1,  22
732993,20061113,     5,  1,  24,    30, -1,  10
732999,20061119,     3,  1,  24,     2, -1,  10
732999,20061119,     4, -1,  24,    13,  1,  21
732999,20061119,     6, -1,  10,    24,  1,   0
732999,20061119,     7, -1,  31,    22,  1,  16
732999,20061119,     9,  1,  21,    14, -1,  14
732999,20061119,    19,  1,  24,    20, -1,  20
732999,20061119,    21, -1,  35,    12,  1,   0
732999,20061119,    16,  1,  17,    25, -1,  13
732999,20061119,    27, -1,  24,     8,  1,  20
732999,20061119,     5,  1,  15,    18, -1,   0
732999,20061119,    31, -1,  31,    26,  1,  13
732999,20061119,    30,  1,  20,    32, -1,  17
732999,20061119,     1,  1,  17,    11, -1,  10
732999,20061119,    28,  1,  20,    29, -1,  14
732999,20061119,    17, -1,  35,    10,  1,  27
733000,20061120,    15,  1,  26,    23, -1,  10
733003,20061123,    19, -1,  27,    11,  1,  10
733003,20061123,     9,  1,  38,    30, -1,  10
733003,20061123,    16,  1,  19,    10, -1,  10
733006,20061126,    20,  1,  31,     1, -1,  26
733006,20061126,    32,  1,  17,     5, -1,  13
733006,20061126,    21,  1,  17,     6, -1,  13
733006,20061126,     7, -1,  30,     8,  1,   0
733006,20061126,    24,  1,  26,    13, -1,  11
733006,20061126,     4,  1,  27,    15, -1,  24
733006,20061126,    22, -1,  31,     2,  1,  13
733006,20061126,    31,  1,  24,    23, -1,  21
733006,20061126,    14,  1,  45,    26, -1,  21
733006,20061126,     3,  1,  27,    27, -1,   0
733006,20061126,    18,  1,  20,    28, -1,  17
733006,20061126,    17,  1,  21,    25, -1,  14
733007,20061127,    29,  1,  34,    12, -1,  24
733010,20061130,     7,  1,  13,     3, -1,   7
733013,20061203,     1, -1,  34,    18,  1,  20
733013,20061203,     2, -1,  24,    32,  1,  14
733013,20061203,     9, -1,  23,    23,  1,  20
733013,20061203,    21,  1,  28,    11, -1,  21
733013,20061203,    31,  1,  20,    14, -1,  17
733013,20061203,    15, -1,  24,    19,  1,  10
733013,20061203,     8,  1,  31,    16, -1,  28
733013,20061203,     6,  1,  23,    20, -1,  13
733013,20061203,    24, -1,  38,    12,  1,  10
733013,20061203,    17, -1,  24,     4,  1,  21
733013,20061203,    22,  1,  34,    28, -1,  10
733013,20061203,    27,  1,  20,    30, -1,   3
733013,20061203,    13, -1,  23,    25,  1,  14
733013,20061203,    29, -1,  23,    10,  1,  20
733014,20061204,    26,  1,  27,     5, -1,  24
733017,20061207,    27,  1,  27,     8, -1,   7
733020,20061210,     2, -1,  17,    30,  1,   6
733020,20061210,     3, -1,  20,    16,  1,  10
733020,20061210,     4, -1,  31,    24,  1,  13
733020,20061210,    15,  1,  44,    14, -1,  17
733020,20061210,    20, -1,  30,    11,  1,  20
733020,20061210,    19,  1,  21,    21, -1,   0
733020,20061210,    22, -1,  42,     9,  1,  17
733020,20061210,    23, -1,  27,     5,  1,  13
733020,20061210,     7,  1,  27,    25, -1,  10
733020,20061210,    26, -1,  21,    32,  1,  19
733020,20061210,    31, -1,  26,    13,  1,  20
733020,20061210,    12, -1,  30,    28,  1,  19
733020,20061210,     1,  1,  27,    29, -1,  21
733020,20061210,    17,  1,  48,    10, -1,  20
733021,20061211,     6, -1,  42,    18,  1,  27
733024,20061214,    28, -1,  24,    29,  1,  14
733026,20061216,     9, -1,  38,     2,  1,  28
733027,20061217,     3,  1,  27,     8, -1,  17
733027,20061217,    12,  1,  17,    11, -1,   9
733027,20061217,    21,  1,  40,    13, -1,   7
733027,20061217,    31,  1,  24,    15, -1,  17
733027,20061217,     4,  1,  21,    19, -1,   0
733027,20061217,    24, -1,  26,    20,  1,  13
733027,20061217,    26, -1,  36,    23,  1,  22
733027,20061217,    27, -1,  37,     5,  1,   3
733027,20061217,     6,  1,  34,    30, -1,  31
733027,20061217,    32, -1,  16,    22,  1,  10
733027,20061217,    10, -1,  37,     1,  1,  20
733027,20061217,    17,  1,  20,    16, -1,   9
733027,20061217,    18, -1,  20,    25,  1,   0
733028,20061218,    14,  1,  34,     7, -1,  16
733031,20061221,    12,  1,   9,    20, -1,   7
733033,20061223,    16, -1,  20,    25,  1,   9
733034,20061224,     3, -1,  31,    27,  1,   7
733034,20061224,     5, -1,  10,     2,  1,   3
733034,20061224,     6, -1,  26,    11,  1,  21
733034,20061224,    13,  1,  27,    14, -1,  24
733034,20061224,    21, -1,  24,    15,  1,  21
733034,20061224,    22, -1,  30,    23,  1,   7
733034,20061224,    30, -1,  22,     8,  1,   7
733034,20061224,    31, -1,  30,     4,  1,  29
733034,20061224,    18,  1,  37,    32, -1,  31
733034,20061224,     1, -1,  26,    28,  1,  20
733034,20061224,    10,  1,  24,     7, -1,  23
733034,20061224,    17, -1,  20,    29,  1,  17
733035,20061225,    26, -1,  23,     9,  1,   7
733035,20061225,    24, -1,  13,    19,  1,  10
733040,20061230,    23, -1,  34,    32,  1,  28
733041,20061231,    26,  1,  24,     2, -1,  17
733041,20061231,     3,  1,  19,     4, -1,   7
733041,20061231,     5, -1,  31,    22,  1,  21
733041,20061231,    13,  1,  14,     8, -1,   6
733041,20061231,    11, -1,  39,     9,  1,  31
733041,20061231,    12, -1,  26,     6,  1,   7
733041,20061231,    16,  1,  35,    15, -1,  30
733041,20061231,    14,  1,  27,    19, -1,  22
733041,20061231,    21, -1,  40,    31,  1,  23
733041,20061231,    24,  1,  23,    25, -1,   3
733041,20061231,    27, -1,  23,     7,  1,  17
733041,20061231,    29, -1,  23,    30,  1,   7
733041,20061231,    18, -1,  41,    20,  1,  21
733041,20061231,    17,  1,  27,     1, -1,  20
733041,20061231,    28, -1,  26,    10,  1,  23
733047,20070106,    14,  1,  23,    16, -1,   8
733047,20070106,    29,  1,  21,     9, -1,  20
733048,20070107,    21,  1,  37,    24, -1,  16
733048,20070107,    26,  1,  23,    23, -1,  20
733054,20070113,    14, -1,  15,     3,  1,   6
733054,20070113,    22,  1,  27,    26, -1,  24
733055,20070114,     6,  1,  27,    29, -1,  24
733055,20070114,    21, -1,  24,    17,  1,  21
733062,20070121,     6,  1,  39,    22, -1,  14
733062,20070121,    14,  1,  38,    21, -1,  34
733076,20070204,    14,  0,  29,     6,  0,  17
