733647,20080828,    17,  1,  48,   148, -1,  14
733647,20080828,   234, -1,  41,    18,  1,  13
733647,20080828,    26,  1,  42,   222, -1,  17
733647,20080828,    29,  1,  31,    56, -1,  12
733647,20080828,    37,  1,  40,    57, -1,   7
733647,20080828,    45,  1,  35,    79, -1,   3
733647,20080828,    58,  1,  52,    88, -1,   0
733647,20080828,    74,  1,  41,    94, -1,  14
733647,20080828,    91,  1,  44,   174, -1,  17
733647,20080828,   114,  1,  52,    35, -1,   7
733647,20080828,   224, -1,  34,   115,  1,  13
733647,20080828,   209, -1,  31,   129,  1,  17
733647,20080828,   132,  1,  41,    16, -1,   6
733647,20080828,   187,  1,  34,   137, -1,   0
733647,20080828,   194,  1,  36,   159, -1,  28
733647,20080828,   201,  1,  28,    71, -1,  12
733648,20080829,   198, -1,  35,    14,  1,   7
733648,20080829,   169,  1,  56,   186, -1,  27
733648,20080829,   179,  1,  40,   108, -1,  22
733649,20080830,     1,  1,  41,   192, -1,   7
733649,20080830,   200, -1,  34,     4,  1,  13
733649,20080830,   211, -1,  45,   213,  1,  22
733649,20080830,   183, -1,  34,     7,  1,  28
733649,20080830,     9,  1,  70,    83, -1,   0
733649,20080830,    10,  1,  30,   149, -1,  13
733649,20080830,    12,  1,  28,   230, -1,  24
733649,20080830,    15,  1,  34,   217, -1,   0
733649,20080830,    20,  1,  49,    84, -1,   7
733649,20080830,    28,  1,  41,   150, -1,  17
733649,20080830,    31,  1,  38,   117, -1,  31
733649,20080830,    34,  1,  42,    24, -1,  35
733649,20080830,   215,  1,  17,   173, -1,   0
733649,20080830,     3,  0,  34,    39,  0,  10
733649,20080830,    54,  1,  31,    95, -1,   7
733649,20080830,   170, -1,  28,    61,  1,  10
733649,20080830,    63,  1,  56,    78, -1,  10
733649,20080830,    64,  1,  30,     5, -1,  20
733649,20080830,    73,  1,  45,    70, -1,  21
733649,20080830,    81,  1,  55,   191, -1,   3
733649,20080830,    87,  1,  31,   241, -1,  13
733649,20080830,    90,  1,  46,   107, -1,   3
733649,20080830,    96,  1,  40,    65, -1,  10
733649,20080830,    97,  1,  45,   147, -1,   6
733649,20080830,    21,  0,  21,    98,  0,   0
733649,20080830,   104,  1,  22,   120, -1,  14
733649,20080830,   106,  1,  41,     8, -1,  13
733649,20080830,   109,  1,  35,    86, -1,  10
733649,20080830,   110,  1,  14,    51, -1,   7
733649,20080830,   111,  1,  28,     6, -1,  16
733649,20080830,   220, -1,  25,   116,  1,  23
733649,20080830,   118,  1,  31,   133, -1,  27
733649,20080830,   119,  1,  41,   113, -1,  24
733649,20080830,   121,  0,  52,    85,  0,  42
733649,20080830,   134,  1,  41,   208, -1,  13
733649,20080830,   138,  1,  47,   231, -1,  24
733649,20080830,   139,  1,  49,    75, -1,  13
733649,20080830,   197, -1,  26,   141,  1,   3
733649,20080830,   145,  1,  35,   112, -1,  27
733649,20080830,   151,  1,  30,   196, -1,  10
733649,20080830,   155,  1,  43,   245, -1,   0
733649,20080830,   156,  1,  57,    36, -1,   2
733649,20080830,   158,  1,  44,   235, -1,  10
733649,20080830,   161,  1,  66,    40, -1,  10
733649,20080830,    22, -1,  27,   162,  1,  17
733649,20080830,   168,  1,  27,   123, -1,  24
733649,20080830,    30, -1,  29,   180,  1,  27
733649,20080830,   181,  1,  13,   214, -1,  10
733649,20080830,    93, -1,  20,   182,  1,   7
733649,20080830,   189,  1,  56,   206, -1,   7
733649,20080830,   190,  1,  51,   103, -1,  21
733649,20080830,   195,  1,  42,    41, -1,  26
733649,20080830,   202,  1,  52,    62, -1,  10
733649,20080830,    13, -1,  18,   203,  1,  14
733649,20080830,   164, -1,  34,   212,  1,  14
733649,20080830,   205,  1,  49,    59, -1,  24
733649,20080830,   218,  1,  27,   221, -1,  17
733649,20080830,   219, -1,  52,   226,  1,   7
733649,20080830,    60,  0,  27,   227,  0,  22
733649,20080830,   157,  0,  39,   236,  0,  13
733649,20080830,   238,  1,  48,   225, -1,  21
733649,20080830,   240,  1,  38,     2, -1,  17
733649,20080830,   242,  1,  38,   165, -1,  21
733649,20080830,   243,  1,  21,   154, -1,  20
733650,20080831,    42,  0,  38,    43,  0,  17
733650,20080831,    76,  0,  17,    92,  0,  13
733650,20080831,    99, -1,  27,   105,  1,   2
733651,20080901,    68, -1,  24,   172,  1,   7
733651,20080901,   216,  1,  27,   199, -1,  24
733654,20080904,   224,  1,  24,   187, -1,  17
733654,20080904,    52,  1,  35,    64, -1,  28
733655,20080905,    17,  1,  35,   134, -1,  23
733656,20080906,     3,  1,  20,   210, -1,   6
733656,20080906,     8,  1,  56,    93, -1,   7
733656,20080906,     9,  1,  41,   207, -1,  16
733656,20080906,    10,  1,  41,   194, -1,  17
733656,20080906,    13,  1,  83,   212, -1,  10
733656,20080906,   140, -1,  28,    14,  1,  10
733656,20080906,    15,  1,  27,   190, -1,  13
733656,20080906,    18,  1,  51,   152, -1,   6
733656,20080906,    19,  1,  28,     5, -1,   7
733656,20080906,    74, -1,  19,    21,  1,  16
733656,20080906,   118, -1,  42,    22,  1,  17
733656,20080906,    25,  1,  48,    55, -1,  42
733656,20080906,   124, -1,  30,    30,  1,  28
733656,20080906,    33,  1,  24,   214, -1,  21
733656,20080906,   189, -1,  31,   215,  1,  24
733656,20080906,   242,  1,  41,    35, -1,  23
733656,20080906,    39,  1,  45,    38, -1,  17
733656,20080906,    42,  1,  31,    59, -1,  24
733656,20080906,    43,  1,  23,    47, -1,  20
733656,20080906,   151, -1,  24,    54,  1,  20
733656,20080906,    60,  1,  24,   238, -1,   3
733656,20080906,   241, -1,  37,    57,  1,  13
733656,20080906,    63,  1,  26,   114, -1,   3
733656,20080906,    62,  1,  49,   213, -1,  34
733656,20080906,    66,  1,  69,   229, -1,   0
733656,20080906,    73,  1,  56,    29, -1,  17
733656,20080906,    70,  1,  34,    16, -1,  20
733656,20080906,    75,  1,  29,     7, -1,   0
733656,20080906,    78,  1,  36,   237, -1,  17
733656,20080906,   111, -1,  45,    80,  1,  42
733656,20080906,    83,  1,  42,    84, -1,  27
733656,20080906,    85,  1,  47,    56, -1,  21
733656,20080906,    87,  1,  45,   130, -1,   3
733656,20080906,    90,  1,  42,    65, -1,   0
733656,20080906,    91,  1,  48,    98, -1,  28
733656,20080906,    94,  1,  45,     4, -1,  18
733656,20080906,    95,  1,  56,   136, -1,   7
733656,20080906,    96,  1,  29,   104, -1,   0
733656,20080906,    97,  1,  69,   125, -1,  10
733656,20080906,    99,  1,  38,   144, -1,   3
733656,20080906,   101,  1,  19,    53, -1,   0
733656,20080906,    12,  0,  28,   217,  0,  27
733656,20080906,   105,  1,  51,   201, -1,  10
733656,20080906,   100, -1,  28,   108,  1,   6
733656,20080906,   169, -1,  42,   113,  1,  35
733656,20080906,   116,  1,  16,   115, -1,   6
733656,20080906,   117,  1,  42,    58, -1,  10
733656,20080906,   129,  1,  24,   110, -1,  14
733656,20080906,   120,  1,  34,   183, -1,  10
733656,20080906,   121,  1,  52,   184, -1,   3
733656,20080906,   107, -1,  21,   123,  1,  17
733656,20080906,   138,  1,  35,   181, -1,  12
733656,20080906,   205, -1,  35,   139,  1,  19
733656,20080906,   203, -1,  28,   141,  1,  22
733656,20080906,   135,  1,  14,   232, -1,   8
733656,20080906,   137,  1,  34,   239, -1,  24
733656,20080906,   132,  1,  50,    34, -1,  14
733656,20080906,   211, -1,  56,   147,  1,  26
733656,20080906,   150,  1,  24,   188, -1,  13
733656,20080906,   153,  1,  21,   180, -1,  13
733656,20080906,   155,  1,  26,   154, -1,  14
733656,20080906,   156,  1,  52,    37, -1,  26
733656,20080906,   157,  1,  56,    81, -1,  37
733656,20080906,   158,  1,  66,   221, -1,  24
733656,20080906,   161,  1,  45,   159, -1,  14
733656,20080906,   162,  1,  27,    26, -1,  16
733656,20080906,   167,  1,  42,   131, -1,  10
733656,20080906,   171,  1,  27,   126, -1,  13
733656,20080906,   186,  1,  47,   204, -1,  36
733656,20080906,   174,  1,  40,   245, -1,   7
733656,20080906,   175,  1,  37,    76, -1,  31
733656,20080906,    61, -1,  30,   195,  1,  20
733656,20080906,     2, -1,  42,   196,  1,  28
733656,20080906,   197,  1,  67,   185, -1,   7
733656,20080906,    45, -1,  12,   198,  1,   9
733656,20080906,   200,  1,  34,   191, -1,  32
733656,20080906,   208,  1,  21,   127, -1,  16
733656,20080906,   220,  1,  42,   218, -1,  21
733656,20080906,   202, -1,  42,   222,  1,  13
733656,20080906,   226,  1,  16,   170, -1,   0
733656,20080906,   227,  1,  24,    69, -1,   7
733656,20080906,   228,  1,  49,   193, -1,   0
733656,20080906,   234,  1,  30,   119, -1,  28
733656,20080906,    28, -1,  28,   235,  1,  27
733656,20080906,    31, -1,  66,   236,  1,   3
733656,20080906,   231,  1,  29,   133, -1,  26
733656,20080906,   240,  1,  51,   109, -1,  14
733656,20080906,     1, -1,  23,   243,  1,   3
733657,20080907,    41, -1,  23,    40,  1,  19
733657,20080907,    67,  1,  16,   168, -1,   0
733657,20080907,    72, -1,  12,    82,  1,   7
733661,20080911,   145, -1,  44,   172,  1,  12
733661,20080911,   201, -1,  29,   184,  1,  27
733662,20080912,   189,  1,  37,    96, -1,  34
733662,20080912,    18,  1,  45,   236, -1,  17
733662,20080912,   217,  1,  37,     4, -1,  15
733663,20080913,    17, -1,  41,     2,  1,  24
733663,20080913,     3,  1,  41,   241, -1,   7
733663,20080913,   218, -1,  23,    10,  1,  20
733663,20080913,   190, -1,  27,    13,  1,  24
733663,20080913,    71, -1,  31,    16,  1,  15
733663,20080913,    20,  1,  20,    22, -1,   7
733663,20080913,    28,  1,  59,   216, -1,   0
733663,20080913,    26,  1,  30,   198, -1,  28
733663,20080913,    33,  0,  41,    11,  0,  17
733663,20080913,    39,  1,  27,   137, -1,   9
733663,20080913,    69, -1,  42,    41,  1,  21
733663,20080913,    45,  1,  45,   226, -1,  10
733663,20080913,    50,  1,  23,    67, -1,  20
733663,20080913,    54,  1,  41,   134, -1,  31
733663,20080913,    56,  1,  38,    88, -1,   3
733663,20080913,    57,  1,  16,   126, -1,   8
733663,20080913,   207, -1,  41,    58,  1,  17
733663,20080913,    61,  1,  66,   165, -1,  12
733663,20080913,    66,  1,  46,    36, -1,   7
733663,20080913,   240, -1,  13,    68,  1,  10
733663,20080913,    70,  1,  34,   148, -1,  27
733663,20080913,    76,  1,  38,    82, -1,  27
733663,20080913,     6, -1,  22,    79,  1,  16
733663,20080913,     1,  0,  31,    81,  0,  28
733663,20080913,   231, -1,  51,    83,  1,  28
733663,20080913,    85,  1,  20,   103, -1,  17
733663,20080913,    90,  1,  17,    91, -1,   5
733663,20080913,    93,  1,  52,    32, -1,   0
733663,20080913,    95,  1,  52,   111, -1,  38
733663,20080913,    98,  1,  24,    52, -1,   3
733663,20080913,    99,  1,  20,   129, -1,  14
733663,20080913,   100,  1,  24,    72, -1,   6
733663,20080913,   106,  1,  41,   147, -1,   3
733663,20080913,   107,  1,  28,   195, -1,  13
733663,20080913,   109,  1,  17,   113, -1,  16
733663,20080913,   110,  1,  35,    31, -1,  27
733663,20080913,   115,  1,  38,    35, -1,  27
733663,20080913,   117,  1,  17,    62, -1,   0
733663,20080913,   118,  1,  35,   125, -1,  23
733663,20080913,   119,  1,  34,   178, -1,  10
733663,20080913,    15, -1,   3,   120,  1,   2
733663,20080913,   121,  1,  69,   139, -1,  17
733663,20080913,    40, -1,  26,   123,  1,   7
733663,20080913,   124,  1,  46,   192, -1,  10
733663,20080913,   127,  1,  49,   136, -1,   7
733663,20080913,    86, -1,  42,   130,  1,  23
733663,20080913,   138,  1,  38,   142, -1,   7
733663,20080913,   141,  1,  36,     9, -1,  28
733663,20080913,   144,  1,  27,   135, -1,  21
733663,20080913,   151,  1,  33,   175, -1,   7
733663,20080913,   153,  1,  35,   116, -1,  17
733663,20080913,    29, -1,  31,   154,  1,  28
733663,20080913,   159,  1,  45,    78, -1,   7
733663,20080913,   158, -1,  32,   167,  1,  26
733663,20080913,   140, -1,  51,   168,  1,  43
733663,20080913,   170,  1,  45,   208, -1,  14
733663,20080913,    25, -1,  17,   171,  1,  14
733663,20080913,   181,  1,  35,   180, -1,  10
733663,20080913,   183,  1,  31,   188, -1,  30
733663,20080913,    73, -1,  14,   187,  1,   7
733663,20080913,   173,  0,  28,    19,  0,  19
733663,20080913,   174,  1,  24,   230, -1,  22
733663,20080913,   219,  1,  35,   155, -1,   3
733663,20080913,   191,  1,  49,   128, -1,   7
733663,20080913,   108, -1,  30,   193,  1,  22
733663,20080913,   161, -1,  55,   196,  1,  13
733663,20080913,   197,  1,  31,   194, -1,  14
733663,20080913,   199,  1,  35,   213, -1,   3
733663,20080913,   200,  0,  41,    92,  0,  18
733663,20080913,   205,  1,  43,   186, -1,   7
733663,20080913,   209,  1,  65,     7, -1,   0
733663,20080913,    60, -1,  28,   210,  1,  24
733663,20080913,   214,  1,  38,   163, -1,  24
733663,20080913,   220, -1,  58,   221,  1,  10
733663,20080913,   224,  1,  38,   169, -1,  21
733663,20080913,   225,  1,  33,   101, -1,  14
733663,20080913,   227,  1,  20,    74, -1,  17
733663,20080913,   233,  1,  45,    89, -1,  28
733663,20080913,   156, -1,  55,   235,  1,  14
733663,20080913,   102, -1,  19,   229,  1,  16
733663,20080913,   239,  1,  52,   228, -1,  17
733663,20080913,   182, -1,  16,   232,  1,  13
733663,20080913,   243,  1,  16,   132, -1,  13
733663,20080913,   157,  1,  57,   122, -1,  13
733664,20080914,   152,  1,  31,    75, -1,  19
733667,20080917,   105,  1,  38,    97, -1,  29
733668,20080918,     7,  1,  13,    11, -1,   3
733668,20080918,    42,  1,  17,   238, -1,  14
733668,20080918,   146, -1,  38,    84,  1,  35
733669,20080919,    45,  1,  31,    18, -1,  28
733669,20080919,    77,  1,  25,    80, -1,  24
733669,20080919,   233, -1,  21,   108,  1,  14
733670,20080920,   220, -1,  30,     1,  1,  23
733670,20080920,   213,  1,  45,     5, -1,  10
733670,20080920,    73, -1,  27,    10,  1,  10
733670,20080920,     3, -1,  49,    12,  1,  14
733670,20080920,    13,  1,  31,   129, -1,  14
733670,20080920,     2, -1,  22,    14,  1,   3
733670,20080920,   106, -1,  26,    15,  1,  21
733670,20080920,   206, -1,  31,    16,  1,  17
733670,20080920,    19,  1,  34,   182, -1,   9
733670,20080920,    21,  1,  34,   215, -1,   7
733670,20080920,    28,  1,  44,   243, -1,   0
733670,20080920,    23,  1,  17,   195, -1,   7
733670,20080920,   123, -1,  30,    24,  1,  17
733670,20080920,    46, -1,  21,    25,  1,  20
733670,20080920,   179, -1,  43,    32,  1,   7
733670,20080920,    34,  1,  35,   136, -1,  23
733670,20080920,    94, -1,  31,    36,  1,   3
733670,20080920,    37,  1,  45,   115, -1,  20
733670,20080920,    39,  1,  54,   173, -1,   0
733670,20080920,    40,  1,  31,   208, -1,   3
733670,20080920,    41,  1,  34,    48, -1,  20
733670,20080920,    43,  1,  28,    81, -1,  25
733670,20080920,    67, -1,  29,    44,  1,  22
733670,20080920,    50,  1,  31,   171, -1,  14
733670,20080920,    55,  1,  21,   193, -1,   7
733670,20080920,   189, -1,  17,    65,  1,   9
733670,20080920,   234, -1,  12,    66,  1,   3
733670,20080920,    69,  1,  23,    51, -1,  21
733670,20080920,    61, -1,  22,    70,  1,  20
733670,20080920,    74,  1,  38,   120, -1,   7
733670,20080920,    75,  1,  14,    92, -1,   5
733670,20080920,    76,  1,  44,   135, -1,   7
733670,20080920,    79,  1,  23,   168, -1,  20
733670,20080920,    64, -1,  51,    82,  1,  24
733670,20080920,    56, -1,  25,    86,  1,  21
733670,20080920,    17, -1,  42,    87,  1,  20
733670,20080920,   176, -1,  44,    89,  1,  24
733670,20080920,    95,  1,  35,     8, -1,  32
733670,20080920,    96,  1,  38,   177, -1,  14
733670,20080920,   104,  1,  41,   183, -1,  26
733670,20080920,   103,  1,  44,    98, -1,  27
733670,20080920,   110,  1,  51,    58, -1,  24
733670,20080920,   113,  1,  31,   143, -1,  10
733670,20080920,   117,  1,  23,   153, -1,   7
733670,20080920,   118,  1,  37,    62, -1,   3
733670,20080920,   224, -1,  23,   119,  1,  17
733670,20080920,   164, -1,  49,   128,  1,  15
733670,20080920,   121,  1,  42,    26, -1,  21
733670,20080920,   124,  1,  29,   214, -1,  24
733670,20080920,   134,  1,  23,   172, -1,  21
733670,20080920,   140,  1,  32,     6, -1,  24
733670,20080920,   227, -1,  20,   145,  1,  17
733670,20080920,   137,  1,  30,    60, -1,  24
733670,20080920,   204, -1,  38,   131,  1,  35
733670,20080920,   133,  1,  48,    88, -1,   3
733670,20080920,   150,  1,  34,   174, -1,  20
733670,20080920,   151,  1,  16,   154, -1,   8
733670,20080920,    30, -1,  52,   152,  1,  18
733670,20080920,   155,  1,  28,   209, -1,  10
733670,20080920,    20, -1,  37,   158,  1,  32
733670,20080920,   161,  1,  45,   198, -1,   3
733670,20080920,   225, -1,  20,   160,  1,  14
733670,20080920,   162,  1,  21,    90, -1,  20
733670,20080920,   229, -1,  23,   165,  1,  21
733670,20080920,   167,  1,  32,    29, -1,  25
733670,20080920,   170,  1,  44,   107, -1,  17
733670,20080920,   237, -1,  32,    47,  1,  27
733670,20080920,   122, -1,  45,   184,  1,  28
733670,20080920,   197, -1,  48,   186,  1,   7
733670,20080920,   187,  1,  23,   242, -1,  13
733670,20080920,   109, -1,  34,   190,  1,  27
733670,20080920,   149, -1,  19,   192,  1,  14
733670,20080920,   194,  1,  23,   181, -1,  10
733670,20080920,   196,  1,  30,   148, -1,  21
733670,20080920,    63, -1,  30,   199,  1,   6
733670,20080920,   200,  1,  34,    57, -1,  20
733670,20080920,   202,  1,  52,   169, -1,  10
733670,20080920,   114, -1,  41,   203,  1,  23
733670,20080920,   205,  1,  56,   111, -1,  14
733670,20080920,    38,  1,  37,   166, -1,  24
733670,20080920,    68, -1,  55,   207,  1,  54
733670,20080920,   210,  1,  24,   217, -1,  10
733670,20080920,   211,  1,  56,   141, -1,  14
733670,20080920,     9, -1,  31,   216,  1,  10
733670,20080920,   218,  1,  34,    91, -1,  31
733670,20080920,   221,  1,  42,    83, -1,  17
733670,20080920,   142, -1,  34,   222,  1,  33
733670,20080920,   236,  1,  48,   163, -1,   9
733670,20080920,   230,  1,  34,   185, -1,  14
733670,20080920,   241,  1,  50,   130, -1,   9
733670,20080920,   231,  1,  41,   201, -1,   7
733670,20080920,   239,  1,  42,   144, -1,  12
733670,20080920,   127, -1,  21,   232,  1,   7
733670,20080920,   244,  1,  47,    72, -1,   7
733670,20080920,   245,  1,  32,   132, -1,  24
733675,20080925,     5,  1,  47,   128, -1,   7
733675,20080925,   159,  1,  27,   219, -1,  21
733675,20080925,   210,  1,  34,   186, -1,  27
733676,20080926,    45, -1,  26,   105,  1,  21
733676,20080926,    79, -1,  43,   195,  1,   3
733677,20080927,    37, -1,  17,     2,  1,  15
733677,20080927,   191, -1,  15,     7,  1,  12
733677,20080927,     8,  1,  48,   165, -1,  14
733677,20080927,     4, -1,  23,    11,  1,  17
733677,20080927,    15,  1,  14,   199, -1,  12
733677,20080927,    17,  1,  41,    98, -1,  20
733677,20080927,    19,  1,  33,   144, -1,  17
733677,20080927,    21,  1,  42,   168, -1,   0
733677,20080927,    23,  1,  24,    77, -1,  22
733677,20080927,    31,  1,  42,    43, -1,   7
733677,20080927,    29,  1,  27,    26, -1,  25
733677,20080927,   110, -1,  20,    39,  1,  17
733677,20080927,    46,  1,  17,   244, -1,  14
733677,20080927,   140, -1,  42,    48,  1,   6
733677,20080927,    49,  1,  38,    93, -1,  35
733677,20080927,    51,  1,  38,     6, -1,   7
733677,20080927,    34, -1,  28,    52,  1,  10
733677,20080927,   179, -1,  43,    53,  1,  17
733677,20080927,    54,  1,  31,   226, -1,   3
733677,20080927,    55,  1,  24,    50, -1,  16
733677,20080927,    81, -1,  41,    60,  1,  24
733677,20080927,    94, -1,  23,    56,  1,  10
733677,20080927,    57,  1,  13,    16, -1,  10
733677,20080927,   133, -1,  37,    58,  1,   0
733677,20080927,    59,  1,  45,    84, -1,  31
733677,20080927,    61,  1,  23,   178, -1,  17
733677,20080927,   119, -1,  31,    63,  1,  30
733677,20080927,    66,  0,  39,    42,  0,  21
733677,20080927,    41, -1,  31,    67,  1,  24
733677,20080927,    69,  1,  35,    36, -1,  10
733677,20080927,   177, -1,  49,    71,  1,  33
733677,20080927,    80, -1,  38,    72,  1,  14
733677,20080927,     3, -1,  41,    73,  1,  30
733677,20080927,   242, -1,  38,    70,  1,  37
733677,20080927,   181, -1,  20,    78,  1,  17
733677,20080927,   117, -1,  42,    87,  1,  29
733677,20080927,   184, -1,  24,    88,  1,  21
733677,20080927,   151, -1,  22,    90,  1,  17
733677,20080927,    97,  1,  45,   103, -1,  37
733677,20080927,    99,  1,  41,   241, -1,   3
733677,20080927,   100,  1,  24,   160, -1,  17
733677,20080927,   106,  1,  34,   120, -1,  24
733677,20080927,    95, -1,  24,   107,  1,  10
733677,20080927,   176, -1,  28,   108,  1,  16
733677,20080927,   113,  1,  29,    13, -1,  17
733677,20080927,   145, -1,  28,   114,  1,  24
733677,20080927,   116,  1,  27,   240, -1,  25
733677,20080927,   125,  1,  37,   188, -1,  18
733677,20080927,   126,  1,  36,   193, -1,  21
733677,20080927,   206, -1,  63,   130,  1,  38
733677,20080927,   227, -1,  35,   138,  1,  30
733677,20080927,   141, -1,  35,   142,  1,  24
733677,20080927,    40, -1,  20,   135,  1,   7
733677,20080927,   189, -1,  41,   137,  1,  10
733677,20080927,   148,  1,  27,   214, -1,  10
733677,20080927,   149, -1,  25,   131,  1,  22
733677,20080927,   153,  1,  38,   167, -1,  21
733677,20080927,   155,  1,  34,   118, -1,  21
733677,20080927,   154,  1,  51,   228, -1,  31
733677,20080927,   156,  1,  35,   197, -1,  10
733677,20080927,   157,  1,  55,   209, -1,  24
733677,20080927,   161,  1,  38,    85, -1,  24
733677,20080927,   166,  1,  10,   101, -1,   7
733677,20080927,   169,  1,  77,   147, -1,  20
733677,20080927,   123, -1,  34,   171,  1,  26
733677,20080927,   172,  1,  38,   127, -1,   0
733677,20080927,    47,  1,  41,   163, -1,  31
733677,20080927,   180,  1,  45,    83, -1,  17
733677,20080927,    82,  0,  49,   182,  0,  21
733677,20080927,   183,  1,  38,   146, -1,  35
733677,20080927,   187,  1,  26,   213, -1,  13
733677,20080927,   175,  1,  27,   150, -1,  24
733677,20080927,   174, -1,  50,   185,  1,  48
733677,20080927,   162, -1,  34,   196,  1,  24
733677,20080927,   231, -1,   7,   198,  1,   3
733677,20080927,    64,  0,  28,   200,  0,  21
733677,20080927,   203,  1,  21,    14, -1,  17
733677,20080927,   192, -1,  34,   204,  1,  20
733677,20080927,    38,  1,  34,   229, -1,  14
733677,20080927,    65, -1,  35,   207,  1,  16
733677,20080927,   208,  1,  31,    44, -1,  24
733677,20080927,   211,  1,  62,    33, -1,  34
733677,20080927,    68, -1,  36,   216,  1,  31
733677,20080927,   139, -1,  49,   218,  1,  27
733677,20080927,   220,  1,  37,   237, -1,  21
733677,20080927,   222,  1,  58,   215, -1,  13
733677,20080927,   225,  1,  26,   170, -1,  20
733677,20080927,    24, -1,  24,   233,  1,  14
733677,20080927,   134, -1,  24,   234,  1,  17
733677,20080927,   194, -1,  35,   235,  1,  28
733677,20080927,   158, -1,  63,   236,  1,  14
733677,20080927,   238,  1,  27,   109, -1,   3
733677,20080927,   173, -1,  43,   232,  1,  17
733677,20080927,    22, -1,  45,   243,  1,  16
733677,20080927,   102, -1,  31,   245,  1,  28
733677,20080927,   202,  1,  52,    12, -1,  10
733680,20080930,   129,  1,  14,    62, -1,  13
733681,20081001,    20,  1,  38,   104, -1,   3
733682,20081002,   113, -1,  33,   213,  1,  30
733682,20081002,   162, -1,  26,   189,  1,  21
733682,20081002,   220,  1,  31,   159, -1,  28
733682,20081002,   150,  1,  34,   143, -1,  14
733683,20081003,    37, -1,  33,   109,  1,  10
733683,20081003,    28, -1,  34,   221,  1,  14
733684,20081004,   134, -1,  33,     1,  1,  27
733684,20081004,     3,  1,  17,    99, -1,  14
733684,20081004,     8,  1,  47,    38, -1,  21
733684,20081004,     9,  1,  48,   235, -1,  14
733684,20081004,    63, -1,  38,    12,  1,   7
733684,20081004,   130, -1,  32,    16,  1,  12
733684,20081004,   156, -1,  49,    18,  1,  17
733684,20081004,    58, -1,  24,    22,  1,  21
733684,20081004,    27,  1,  21,    53, -1,  15
733684,20081004,    30,  1,  49,   188, -1,  22
733684,20081004,    31,  1,  24,    10, -1,  14
733684,20081004,    34,  1,  35,   233, -1,  10
733684,20081004,   215,  1,  31,   186, -1,  17
733684,20081004,    35,  1,  13,    71, -1,  10
733684,20081004,    70, -1,  52,    36,  1,  28
733684,20081004,   102, -1,  43,    40,  1,  38
733684,20081004,   202, -1,  38,    42,  1,  14
733684,20081004,    43,  1,  41,   218, -1,  28
733684,20081004,   166, -1,  27,    44,  1,  24
733684,20081004,    50,  1,  42,    32, -1,   0
733684,20081004,    76, -1,  17,    52,  1,  14
733684,20081004,     6, -1,  33,    55,  1,  23
733684,20081004,    61,  1,  31,    69, -1,  10
733684,20081004,   173, -1,  28,    64,  1,  21
733684,20081004,    78, -1,  32,    68,  1,  29
733684,20081004,    74,  1,  27,    54, -1,   0
733684,20081004,   139, -1,  49,    83,  1,  14
733684,20081004,   125, -1,  33,    84,  1,  21
733684,20081004,    86, -1,  57,    88,  1,   6
733684,20081004,    96, -1,  35,    91,  1,  33
733684,20081004,   191, -1,  35,    92,  1,  28
733684,20081004,    94,  1,  38,   184, -1,  17
733684,20081004,    95,  1,  56,    79, -1,   0
733684,20081004,   205, -1,  58,    97,  1,  28
733684,20081004,     2, -1,  30,    98,  1,  27
733684,20081004,    77, -1,  27,   100,  1,  13
733684,20081004,    46, -1,  25,   101,  1,  24
733684,20081004,   103, -1,  44,   217,  1,  35
733684,20081004,    25, -1,  21,   108,  1,  17
733684,20081004,   111,  1,  17,    51, -1,   7
733684,20081004,    66, -1,  41,   114,  1,  39
733684,20081004,   198, -1,  28,   115,  1,  10
733684,20081004,    85, -1,  45,   116,  1,  20
733684,20081004,   117,  1,  16,    90, -1,  13
733684,20081004,   118,  1,  16,    87, -1,   7
733684,20081004,   187, -1,  31,   119,  1,  24
733684,20081004,   123,  1,  42,   193, -1,  15
733684,20081004,   126,  1,  26,    49, -1,  13
733684,20081004,    19, -1,  31,   127,  1,  27
733684,20081004,   121, -1,  52,   138,  1,  17
733684,20081004,   141,  1,  24,   243, -1,   0
733684,20081004,   145,  1,  38,    45, -1,  12
733684,20081004,   136,  0,  28,   135,  0,  27
733684,20081004,    21, -1,  38,   137,  1,  31
733684,20081004,   132,  1,  35,   175, -1,  27
733684,20081004,    65, -1,  42,   147,  1,  10
733684,20081004,   149,  1,  42,    47, -1,  10
733684,20081004,   153,  1,  28,   194, -1,  21
733684,20081004,   157,  1,  56,   203, -1,  28
733684,20081004,   160,  1,  23,    48, -1,  10
733684,20081004,   163,  1,  47,    59, -1,  36
733684,20081004,    75,  0,  40,   164,  0,  16
733684,20081004,   161, -1,  20,   167,  1,   6
733684,20081004,   168,  1,  37,    23, -1,  13
733684,20081004,   176,  1,  31,   171, -1,  28
733684,20081004,   179,  1,  42,   223, -1,  14
733684,20081004,   112, -1,  46,   174,  1,  44
733684,20081004,   219,  1,  44,   158, -1,  10
733684,20081004,   222, -1,  40,   190,  1,  37
733684,20081004,   192,  1,  14,   245, -1,   7
733684,20081004,   197,  1,  41,   180, -1,   7
733684,20081004,   199,  1,  13,   133, -1,   9
733684,20081004,    57, -1,  33,   201,  1,  12
733684,20081004,   200, -1,  30,   206,  1,  27
733684,20081004,   204,  1,  63,   212, -1,  39
733684,20081004,    17, -1,  31,   207,  1,   0
733684,20081004,   148, -1,  35,   208,  1,  17
733684,20081004,    14, -1,  44,   210,  1,  13
733684,20081004,   211,  1,  63,   169, -1,  28
733684,20081004,   214,  1,  34,   131, -1,  30
733684,20081004,   216,  1,  28,   236, -1,   3
733684,20081004,   224,  1,  14,    15, -1,  13
733684,20081004,   226,  1,  31,   110, -1,   0
733684,20081004,   227,  1,  27,   241, -1,  13
733684,20081004,   170, -1,  56,   228,  1,  16
733684,20081004,   237,  1,  45,   124, -1,  28
733684,20081004,   238,  1,  24,   172, -1,  17
733684,20081004,   178, -1,  21,   229,  1,   6
733684,20081004,   231,  1,  41,   154, -1,  20
733684,20081004,   225, -1,  38,   239,  1,  28
733684,20081004,   232,  1,  34,    82, -1,  10
733684,20081004,   155, -1,  20,   240,  1,  17
733684,20081004,   244,  1,  31,    80, -1,  28
733684,20081004,   185,  1,  48,   183, -1,  45
733684,20081004,   230, -1,  33,   122,  1,  21
733684,20081004,   142,  1,  45,     7, -1,  10
733687,20081007,   209, -1,  30,    62,  1,  17
733689,20081009,    64,  1,  23,   232, -1,   0
733689,20081009,    81,  1,  45,   213, -1,  20
733689,20081009,   234,  1,  12,    39, -1,   7
733689,20081009,   206,  1,  29,    56, -1,  26
733690,20081010,   105, -1,  35,   113,  1,  28
733691,20081011,    22, -1,  37,     2,  1,  33
733691,20081011,    75, -1,  27,     4,  1,   9
733691,20081011,     6,  1,  24,    34, -1,  22
733691,20081011,    13,  1,  37,   217, -1,  29
733691,20081011,    92, -1,  21,    11,  1,  10
733691,20081011,    14,  1,  17,    58, -1,  13
733691,20081011,    12, -1,  25,    15,  1,  22
733691,20081011,    18,  1,  38,    91, -1,  10
733691,20081011,    52, -1,  26,    19,  1,  20
733691,20081011,    28,  1,  21,   141, -1,   3
733691,20081011,    79, -1,  45,    25,  1,  31
733691,20081011,   231, -1,  34,    26,  1,  28
733691,20081011,    27, -1,  56,    32,  1,   7
733691,20081011,    33,  1,  48,   177, -1,  46
733691,20081011,    29,  1,  24,   198, -1,  14
733691,20081011,    37,  1,  13,   172, -1,  10
733691,20081011,    41,  1,  27,   166, -1,  24
733691,20081011,   197, -1,  13,    43,  1,   7
733691,20081011,   100, -1,  13,    44,  1,   3
733691,20081011,   244, -1,  34,    48,  1,   7
733691,20081011,    50,  1,  27,    53, -1,   9
733691,20081011,   107, -1,  27,    51,  1,  10
733691,20081011,    57,  1,  38,    94, -1,  35
733691,20081011,   124, -1,  19,    59,  1,   3
733691,20081011,    63,  1,  51,   106, -1,  21
733691,20081011,    65,  1,  31,   129, -1,  21
733691,20081011,    68,  1,  45,    83, -1,  32
733691,20081011,    69,  1,  28,   229, -1,  21
733691,20081011,   160, -1,  27,    72,  1,   7
733691,20081011,    73,  1,  26,   199, -1,  14
733691,20081011,    74,  1,  10,    71, -1,   7
733691,20081011,    77,  1,  38,    46, -1,  17
733691,20081011,    78,  1,  24,   104, -1,  14
733691,20081011,    80,  1,  41,    23, -1,  34
733691,20081011,   118, -1,  27,    85,  1,  20
733691,20081011,    90, -1,  45,    87,  1,   9
733691,20081011,    96,  1,  30,    42, -1,  14
733691,20081011,   154, -1,  26,    98,  1,  19
733691,20081011,   187, -1,  24,    99,  1,  17
733691,20081011,   101,  1,  45,    67, -1,  24
733691,20081011,   102,  1,  33,   195, -1,   0
733691,20081011,   108,  1,  34,    24, -1,   7
733691,20081011,   204, -1,  45,   112,  1,  42
733691,20081011,   114,  1,  20,   215, -1,  14
733691,20081011,   207, -1,  13,   116,  1,  10
733691,20081011,   120,  1,  17,   224, -1,  14
733691,20081011,     7, -1,  35,   128,  1,  21
733691,20081011,   157, -1,  28,   121,  1,  23
733691,20081011,   122,  1,  42,   245, -1,  28
733691,20081011,   237, -1,  35,   125,  1,  12
733691,20081011,   130,  1,  51,   201, -1,  21
733691,20081011,   142, -1,  48,   139,  1,  45
733691,20081011,   239, -1,  38,   140,  1,  34
733691,20081011,   145,  1,  29,   153, -1,  24
733691,20081011,   127, -1,  41,   135,  1,   3
733691,20081011,   230, -1,  27,   132,  1,  22
733691,20081011,   103, -1,  59,   147,  1,  30
733691,20081011,   111, -1,  28,   148,  1,  24
733691,20081011,   149,  1,  37,   163, -1,  17
733691,20081011,   131,  1,  29,    84, -1,   9
733691,20081011,   133,  1,  17,   115, -1,  13
733691,20081011,   150,  1,  31,    86, -1,  17
733691,20081011,   117, -1,  37,   151,  1,  20
733691,20081011,   152,  1,  36,   143, -1,  28
733691,20081011,   155,  1,  16,   167, -1,   3
733691,20081011,   158,  1,  31,   216, -1,  24
733691,20081011,   159,  1,  66,   236, -1,  13
733691,20081011,   164,  1,  27,     5, -1,   6
733691,20081011,   165,  1,  28,   136, -1,  24
733691,20081011,    95, -1,  38,   170,  1,  31
733691,20081011,   171,  1,  34,    55, -1,  27
733691,20081011,     8, -1,  35,   178,  1,  24
733691,20081011,   179,  1,  41,   126, -1,  17
733691,20081011,     1, -1,  35,   180,  1,  10
733691,20081011,   181,  1,  30,   221, -1,   7
733691,20081011,    35, -1,  29,   182,  1,  20
733691,20081011,   211, -1,  37,   186,  1,  31
733691,20081011,   173,  1,  24,   144, -1,  23
733691,20081011,   219,  1,  28,    10, -1,   0
733691,20081011,   175,  1,  60,    88, -1,   7
733691,20081011,    20, -1,  24,   190,  1,   7
733691,20081011,   191,  1,  45,   212, -1,  14
733691,20081011,   176, -1,  41,   193,  1,  24
733691,20081011,   194,  1,  24,     9, -1,  23
733691,20081011,   202,  0,  45,   156,  0,  35
733691,20081011,    97, -1,  44,   203,  1,  30
733691,20081011,   205,  1,  37,   138, -1,  31
733691,20081011,    61, -1,  27,    38,  1,  23
733691,20081011,   208,  1,  37,   168, -1,  32
733691,20081011,   214,  1,  49,   192, -1,  26
733691,20081011,   222,  1,  24,   210, -1,  21
733691,20081011,   223,  1,  35,    49, -1,  29
733691,20081011,   226,  1,  35,    60, -1,  20
733691,20081011,   228,  1,  47,    40, -1,  20
733691,20081011,   123, -1,  31,   233,  1,  17
733691,20081011,   238,  1,  17,   196, -1,   6
733691,20081011,    17, -1,  24,   241,  1,   7
733691,20081011,   161, -1,  48,   240,  1,   7
733691,20081011,   242,  1,  56,    36, -1,   7
733691,20081011,   220, -1,  40,   243,  1,   7
733696,20081016,    66, -1,  26,   137,  1,  17
733696,20081016,   197,  1,  32,    28, -1,   7
733696,20081016,   206, -1,  35,   201,  1,   7
733697,20081017,    20,  1,  27,    78, -1,   7
733698,20081018,    92, -1,  30,   212,  1,  14
733698,20081018,     3,  1,  24,   119, -1,  20
733698,20081018,     4,  1,  20,     7, -1,  13
733698,20081018,   213,  1,  23,   109, -1,  21
733698,20081018,     9,  1,  42,    31, -1,  27
733698,20081018,   164, -1,  15,    11,  1,   0
733698,20081018,    21,  1,  28,   227, -1,  23
733698,20081018,   115, -1,  27,    22,  1,  20
733698,20081018,    24,  1,  20,   171, -1,   7
733698,20081018,    26,  1,  27,    14, -1,  24
733698,20081018,    34,  1,  35,    55, -1,  23
733698,20081018,    29,  1,  38,   231, -1,  28
733698,20081018,    61, -1,  42,    36,  1,   7
733698,20081018,    74, -1,  21,    39,  1,  17
733698,20081018,    40,  1,  35,   136, -1,  10
733698,20081018,    42,  1,  14,    97, -1,  13
733698,20081018,    41, -1,  38,    46,  1,  22
733698,20081018,    80, -1,  44,    48,  1,  26
733698,20081018,    50, -1,  41,    49,  1,  22
733698,20081018,   239, -1,  27,    51,  1,   3
733698,20081018,    52,  1,  42,   135, -1,   7
733698,20081018,    53,  1,  45,    32, -1,   0
733698,20081018,   114, -1,  49,    54,  1,  31
733698,20081018,    60,  1,  30,   113, -1,  10
733698,20081018,    56,  1,  24,   184, -1,  21
733698,20081018,     2, -1,  42,    58,  1,  35
733698,20081018,    67,  1,  12,   244, -1,  10
733698,20081018,    69,  1,  34,    38, -1,  20
733698,20081018,    71,  1,  47,   165, -1,  21
733698,20081018,    25, -1,  27,    72,  1,  24
733698,20081018,    73,  1,  24,   224, -1,  14
733698,20081018,     8, -1,  37,    70,  1,  36
733698,20081018,    75,  1,  27,     5, -1,   7
733698,20081018,    76,  1,  35,   144, -1,  17
733698,20081018,    77,  1,  27,   101, -1,  24
733698,20081018,   127, -1,  31,    82,  1,  30
733698,20081018,   149, -1,  52,    84,  1,  30
733698,20081018,    85,  1,  55,    87, -1,  13
733698,20081018,   122, -1,  34,    86,  1,  28
733698,20081018,    90,  1,  38,   240, -1,  16
733698,20081018,   138, -1,  35,    91,  1,   7
733698,20081018,    94,  1,  31,   130, -1,  21
733698,20081018,    99,  1,  21,    12, -1,  20
733698,20081018,   100, -1,  35,   102,  1,  21
733698,20081018,   104,  1,  46,    83, -1,  14
733698,20081018,   103,  1,  28,    13, -1,  23
733698,20081018,   217,  1,  35,   147, -1,  23
733698,20081018,   105,  1,  42,   129, -1,  23
733698,20081018,   107,  1,  41,    79, -1,  40
733698,20081018,   110,  1,  26,   234, -1,   0
733698,20081018,   170, -1,  30,   111,  1,  15
733698,20081018,   155, -1,  45,   117,  1,   7
733698,20081018,   128,  1,  22,   182, -1,  20
733698,20081018,   124,  1,  43,    47, -1,   7
733698,20081018,    59, -1,  34,   125,  1,  17
733698,20081018,    93, -1,  40,   126,  1,   9
733698,20081018,   162, -1,  42,   134,  1,  21
733698,20081018,   139,  1,  44,   221, -1,  17
733698,20081018,   141,  1,  70,   180, -1,   7
733698,20081018,   181, -1,  31,   142,  1,  14
733698,20081018,   185, -1,  50,   143,  1,  39
733698,20081018,   140, -1,  33,   148,  1,  21
733698,20081018,   133,  1,  38,   207, -1,   7
733698,20081018,   150,  1,  23,   132, -1,  13
733698,20081018,   151,  1,  48,   167, -1,  26
733698,20081018,   156,  1,  45,    96, -1,  31
733698,20081018,   157,  1,  34,    18, -1,   6
733698,20081018,   161,  1,  46,   116, -1,  17
733698,20081018,   160,  1,  15,    44, -1,  10
733698,20081018,    23, -1,  31,   166,  1,  10
733698,20081018,   225, -1,  44,   168,  1,   7
733698,20081018,   169,  1,  45,   190, -1,  40
733698,20081018,   172,  1,  12,    45, -1,  10
733698,20081018,     6, -1,  26,   176,  1,  21
733698,20081018,   112, -1,  28,   177,  1,  17
733698,20081018,   183,  1,  26,   152, -1,  21
733698,20081018,    81, -1,  44,   186,  1,  38
733698,20081018,   106, -1,  24,   187,  1,  17
733698,20081018,    30, -1,  42,   174,  1,  28
733698,20081018,   189,  1,  45,   196, -1,  13
733698,20081018,    64, -1,  52,   191,  1,  49
733698,20081018,   233, -1,  17,   193,  1,  13
733698,20081018,   195,  1,  20,    35, -1,  19
733698,20081018,   199,  1,  34,   120, -1,   3
733698,20081018,   200,  1,  37,    16, -1,  34
733698,20081018,   202,  1,  56,   121, -1,  31
733698,20081018,   205, -1,  43,   203,  1,  25
733698,20081018,    33, -1,  31,   204,  1,  24
733698,20081018,   209,  1,  33,    65, -1,  23
733698,20081018,   211,  1,  77,   222, -1,  35
733698,20081018,   214,  1,  55,    89, -1,  24
733698,20081018,   216,  1,  23,   194, -1,  20
733698,20081018,     1, -1,  29,   218,  1,  28
733698,20081018,   220,  1,  49,    43, -1,  16
733698,20081018,    27, -1,  48,   223,  1,  21
733698,20081018,   226,  1,  16,   145, -1,  13
733698,20081018,   159, -1,  34,   235,  1,  13
733698,20081018,   219, -1,  69,   236,  1,   0
733698,20081018,   237,  1,  17,   131, -1,  10
733698,20081018,   230,  1,  56,    88, -1,   0
733698,20081018,    62, -1,  24,   241,  1,  20
733698,20081018,   242,  1,  42,   229, -1,  14
733698,20081018,   175, -1,  33,   245,  1,   0
733701,20081021,   198,  1,  14,   154, -1,  10
733703,20081023,     1,  1,  23,   141, -1,  10
733703,20081023,   206,  1,  31,    94, -1,  30
733703,20081023,   238,  1,  34,    15, -1,  17
733704,20081024,    20, -1,  33,   181,  1,  16
733705,20081025,     4,  0,  17,     5,  0,  16
733705,20081025,     6,  1,  27,   193, -1,   3
733705,20081025,   212, -1,  30,     7,  1,  29
733705,20081025,     8,  1,  26,    69, -1,  14
733705,20081025,   219, -1,  17,     9,  1,  10
733705,20081025,   158, -1,  54,    10,  1,  20
733705,20081025,   119, -1,  23,    12,  1,  21
733705,20081025,    14,  1,  14,   104, -1,   7
733705,20081025,    16,  1,  31,   201, -1,  28
733705,20081025,    17,  1,  38,    58, -1,  16
733705,20081025,    28,  1,  42,   218, -1,  35
733705,20081025,    23,  1,  27,    46, -1,   7
733705,20081025,    41, -1,  52,    25,  1,  28
733705,20081025,    27,  1,  31,   126, -1,  21
733705,20081025,    30,  1,  69,   192, -1,  41
733705,20081025,    31,  1,  41,   216, -1,  20
733705,20081025,    33,  1,  28,   183, -1,  21
733705,20081025,   195, -1,  28,    40,  1,  24
733705,20081025,    44,  1,  21,    48, -1,  13
733705,20081025,    45,  1,  40,    37, -1,  16
733705,20081025,    50,  1,  43,   223, -1,   7
733705,20081025,    53,  1,  20,    49, -1,  17
733705,20081025,   176, -1,  29,    55,  1,  17
733705,20081025,    57,  1,  20,    56, -1,   7
733705,20081025,   242, -1,  55,    61,  1,  20
733705,20081025,    63,  1,  63,    99, -1,   5
733705,20081025,    66,  1,  30,   227, -1,  20
733705,20081025,   100, -1,  48,    67,  1,  13
733705,20081025,    71,  1,  34,   228, -1,  27
733705,20081025,   226, -1,  24,    74,  1,  17
733705,20081025,    78,  1,  38,   139, -1,  31
733705,20081025,    51, -1,  17,    79,  1,   0
733705,20081025,    80,  1,  35,   101, -1,  21
733705,20081025,    83,  1,  20,   142, -1,  14
733705,20081025,   132, -1,  25,    86,  1,   7
733705,20081025,    87,  1,  21,   151, -1,  19
733705,20081025,   174, -1,  49,    88,  1,   9
733705,20081025,   203, -1,  49,    91,  1,  35
733705,20081025,    92,  1,  29,   128, -1,  27
733705,20081025,    93,  1,  30,   179, -1,  29
733705,20081025,   205, -1,  63,    96,  1,  21
733705,20081025,   156, -1,  58,    97,  1,  35
733705,20081025,   102,  1,  42,    35, -1,   0
733705,20081025,    62, -1,  29,   217,  1,  28
733705,20081025,   105,  1,  24,   189, -1,  20
733705,20081025,    73, -1,  52,   106,  1,  38
733705,20081025,   107,  1,  20,   148, -1,   0
733705,20081025,   108,  1,  28,    89, -1,   7
733705,20081025,   110,  1,  27,   137, -1,  24
733705,20081025,   111,  1,  42,    24, -1,   7
733705,20081025,   143, -1,  38,   112,  1,  35
733705,20081025,   113,  1,  36,   190, -1,  30
733705,20081025,   114,  1,  16,   234, -1,  10
733705,20081025,    98, -1,  54,   115,  1,  21
733705,20081025,   117, -1,  35,   116,  1,  21
733705,20081025,   120,  1,  31,   129, -1,  22
733705,20081025,   121,  1,  58,    42, -1,   0
733705,20081025,   123,  1,  30,    34, -1,  20
733705,20081025,   127,  1,  20,    52, -1,   3
733705,20081025,   134,  1,  34,   186, -1,   7
733705,20081025,   138,  1,  32,    18, -1,  20
733705,20081025,   140,  1,  42,   208, -1,  14
733705,20081025,    64, -1,  31,   144,  1,  28
733705,20081025,   145,  1,  45,    21, -1,  24
733705,20081025,   135,  1,  21,    82, -1,  20
733705,20081025,   209, -1,  45,   147,  1,  17
733705,20081025,   237, -1,  42,   149,  1,  14
733705,20081025,   124, -1,  41,   131,  1,  20
733705,20081025,   133,  1,  16,    22, -1,  13
733705,20081025,   152,  1,  24,   177, -1,  16
733705,20081025,   161, -1,  13,   155,  1,   6
733705,20081025,   172, -1,  54,   162,  1,  34
733705,20081025,   163,  1,  36,    84, -1,  13
733705,20081025,   164,  0,  24,   191,  0,  23
733705,20081025,    77, -1,  24,   166,  1,  20
733705,20081025,   118, -1,  17,   167,  1,   6
733705,20081025,   170,  1,  48,    72, -1,   0
733705,20081025,   125, -1,  31,    47,  1,  20
733705,20081025,   178,  1,  28,    38, -1,  10
733705,20081025,    43, -1,  38,   180,  1,  34
733705,20081025,   184,  1,  27,   200, -1,  20
733705,20081025,   173,  1,  35,    76, -1,  13
733705,20081025,   204, -1,  62,   185,  1,  21
733705,20081025,   197,  1,  54,   243, -1,   7
733705,20081025,     3, -1,  29,   199,  1,   9
733705,20081025,   202,  1,  28,   157, -1,  24
733705,20081025,    29, -1,  24,   207,  1,  23
733705,20081025,   169, -1,  42,   210,  1,  17
733705,20081025,   214,  1,  34,   146, -1,  21
733705,20081025,    68, -1,  30,   221,  1,  28
733705,20081025,    54, -1,  10,   224,  1,   7
733705,20081025,    95, -1,  23,   225,  1,  19
733705,20081025,   171, -1,  35,   233,  1,   3
733705,20081025,   153, -1,  33,   235,  1,   7
733705,20081025,    70, -1,  38,   229,  1,  31
733705,20081025,   239,  1,  34,   168, -1,  24
733705,20081025,    19, -1,  27,   232,  1,   6
733705,20081025,   240,  1,  27,    85, -1,  17
733705,20081025,   160, -1,   9,   244,  1,   7
733705,20081025,   150, -1,  21,   245,  1,  20
733705,20081025,   175, -1,  23,   122,  1,  17
733706,20081026,   211,  1,  49,   215, -1,  19
733708,20081028,   109,  1,  37,    81, -1,  23
733708,20081028,    26, -1,  32,   154,  1,  19
733710,20081030,    37,  1,  24,   189, -1,  10
733711,20081031,     8,  1,  70,   242, -1,  24
733711,20081031,   176,  1,  42,   233, -1,  20
733712,20081101,     3,  1,  35,    13, -1,   0
733712,20081101,     6,  1,  35,   123, -1,  17
733712,20081101,     5, -1,  24,     7,  1,  17
733712,20081101,    12,  1,  30,   211, -1,  23
733712,20081101,     1, -1,  16,    14,  1,   7
733712,20081101,   121, -1,  31,    18,  1,  28
733712,20081101,    19,  1,  24,   135, -1,  14
733712,20081101,    39, -1,  27,    21,  1,  21
733712,20081101,    22,  1,  45,    98, -1,  30
733712,20081101,    24,  1,  24,    55, -1,  10
733712,20081101,    93, -1,  45,    27,  1,   9
733712,20081101,    30,  1,  49,    84, -1,  10
733712,20081101,    31,  1,  26,   158, -1,  16
733712,20081101,    49, -1,  49,    32,  1,   0
733712,20081101,    35,  1,  31,   228, -1,  21
733712,20081101,    41,  1,  21,   100, -1,  13
733712,20081101,    28, -1,  45,    43,  1,  42
733712,20081101,   238, -1,  35,    45,  1,  13
733712,20081101,   166, -1,  31,    46,  1,  26
733712,20081101,    77, -1,  35,    48,  1,   7
733712,20081101,   173, -1,  23,    52,  1,  17
733712,20081101,    56,  1,  34,   130, -1,   6
733712,20081101,    47, -1,  15,    59,  1,  13
733712,20081101,    63,  0,  49,    73,  0,  10
733712,20081101,   127, -1,  13,    64,  1,  10
733712,20081101,    67,  1,  45,   108, -1,  21
733712,20081101,   101, -1,  33,    72,  1,  13
733712,20081101,    74,  1,  31,    66, -1,  28
733712,20081101,   232, -1,  35,    76,  1,  30
733712,20081101,    80,  1,  34,    25, -1,  17
733712,20081101,   144, -1,  49,    82,  1,  12
733712,20081101,   181, -1,  30,    83,  1,  24
733712,20081101,    85,  1,  27,    90, -1,  24
733712,20081101,    86,  1,  54,   245, -1,  44
733712,20081101,    29, -1,  37,    87,  1,  34
733712,20081101,    94,  1,  35,    16, -1,  22
733712,20081101,    95,  1,  41,    51, -1,   7
733712,20081101,    96,  1,  52,    97, -1,  21
733712,20081101,   104,  1,  38,    68, -1,  35
733712,20081101,   103,  1,  49,    65, -1,  20
733712,20081101,   217,  1,  31,   209, -1,  30
733712,20081101,   106,  1,  35,   210, -1,  10
733712,20081101,   107,  1,  55,    89, -1,   7
733712,20081101,   117,  1,  25,   240, -1,  24
733712,20081101,   151, -1,  24,   118,  1,  17
733712,20081101,   119,  1,  17,    15, -1,   7
733712,20081101,    99, -1,  14,   120,  1,  13
733712,20081101,    75, -1,  35,   128,  1,  14
733712,20081101,   124,  1,  45,   149, -1,  10
733712,20081101,   125,  1,  20,   131, -1,   7
733712,20081101,   126,  1,  44,   223, -1,  10
733712,20081101,   134,  1,  33,   198, -1,  27
733712,20081101,   140,  1,  45,    79, -1,  25
733712,20081101,   220, -1,  13,   141,  1,  10
733712,20081101,    20, -1,  49,   142,  1,   0
733712,20081101,   143,  1,  20,    33, -1,  17
733712,20081101,   132,  1,  34,    88, -1,   7
733712,20081101,   225, -1,  20,   148,  1,  14
733712,20081101,   162, -1,  36,   153,  1,  33
733712,20081101,   156,  1,  62,   138, -1,  28
733712,20081101,   157,  1,  59,    91, -1,  17
733712,20081101,   159,  1,  27,    10, -1,  25
733712,20081101,    23, -1,  34,   160,  1,  27
733712,20081101,   165,  1,  31,   102, -1,  28
733712,20081101,   167,  1,  48,   116, -1,  42
733712,20081101,   111, -1,  49,   168,  1,   0
733712,20081101,   171,  1,  27,    34, -1,  14
733712,20081101,   177,  1,  34,   185, -1,  31
733712,20081101,    69, -1,  28,   178,  1,  27
733712,20081101,    50, -1,  30,   179,  1,  22
733712,20081101,   112, -1,  24,   183,  1,  14
733712,20081101,    57, -1,  29,   184,  1,  16
733712,20081101,   187,  1,  27,   199, -1,   6
733712,20081101,   219,  1,  56,   235, -1,   0
733712,20081101,   175,  1,  40,   146, -1,  21
733712,20081101,   190,  1,  70,   213, -1,  14
733712,20081101,   191,  1,  31,    11, -1,  24
733712,20081101,   194,  1,  58,   236, -1,   0
733712,20081101,    71, -1,  34,   195,  1,  33
733712,20081101,   196,  1,  28,   105, -1,  21
733712,20081101,   200,  1,  41,   201, -1,  14
733712,20081101,   203,  1,  24,    42, -1,  17
733712,20081101,   152, -1,  34,   204,  1,  31
733712,20081101,   205,  1,  39,   202, -1,  33
733712,20081101,    70, -1,  44,    38,  1,  41
733712,20081101,   239, -1,  34,   208,  1,  14
733712,20081101,   197, -1,  44,   218,  1,  14
733712,20081101,   221,  1,  30,    78, -1,  14
733712,20081101,   169, -1,  49,   222,  1,  44
733712,20081101,   114, -1,  24,   226,  1,  17
733712,20081101,   234,  1,  33,    54, -1,  30
733712,20081101,   237,  1,  31,   163, -1,  21
733712,20081101,   229,  1,  27,    36, -1,   7
733712,20081101,   150, -1,  30,   230,  1,   6
733712,20081101,   147, -1,  51,   241,  1,  40
733712,20081101,   231,  1,  31,    58, -1,  10
733712,20081101,   243,  1,  35,   180, -1,  10
733712,20081101,   244,  1,  27,    44, -1,  12
733712,20081101,   174,  1,  43,   122, -1,  13
733713,20081102,    60, -1,  13,   215,  1,  10
733715,20081104,    26,  1,  37,   115, -1,  17
733716,20081105,     2,  1,  47,   207, -1,  30
733716,20081105,    17,  1,  45,   133, -1,  14
733717,20081106,   173,  1,  56,    82, -1,   0
733717,20081106,   220,  1,  13,   197, -1,  10
733717,20081106,   227,  1,  23,   110, -1,  13
733718,20081107,   139, -1,  41,    68,  1,  28
733718,20081107,   160, -1,  14,   166,  1,   9
733719,20081108,     1,  1,  38,    43, -1,  17
733719,20081108,   164, -1,  24,     4,  1,  10
733719,20081108,    92, -1,  20,     5,  1,   0
733719,20081108,    75,  0,  28,    11,  0,   7
733719,20081108,    15,  1,  37,   206, -1,  20
733719,20081108,    20,  1,  49,   221, -1,  14
733719,20081108,    21,  1,  17,   153, -1,   0
733719,20081108,    28,  1,  41,   180, -1,  12
733719,20081108,   244, -1,  13,    23,  1,   3
733719,20081108,   100, -1,  38,    25,  1,  21
733719,20081108,    50, -1,  28,    27,  1,  21
733719,20081108,    30,  1,  49,   136, -1,   3
733719,20081108,    33,  1,  42,   152, -1,   6
733719,20081108,    34,  1,  36,   193, -1,   0
733719,20081108,   190, -1,  17,   215,  1,   6
733719,20081108,    35,  1,  29,   165, -1,  18
733719,20081108,     8, -1,  49,    36,  1,   7
733719,20081108,    42,  1,  28,    91, -1,  24
733719,20081108,    46,  1,  37,    48, -1,  14
733719,20081108,   179, -1,  28,    49,  1,  24
733719,20081108,    51,  1,  31,   208, -1,  21
733719,20081108,   232, -1,  27,    52,  1,  26
733719,20081108,    53,  1,  19,   126, -1,  15
733719,20081108,   137, -1,  27,    54,  1,  17
733719,20081108,    60,  1,  19,   109, -1,  16
733719,20081108,    61,  1,  33,   229, -1,  14
733719,20081108,    62,  1,  46,   147, -1,  13
733719,20081108,    65,  1,  22,    13, -1,  21
733719,20081108,    66,  1,  41,    39, -1,  27
733719,20081108,    40, -1,  23,    71,  1,  18
733719,20081108,    72,  1,  13,   108, -1,  12
733719,20081108,   178, -1,  27,    70,  1,  17
733719,20081108,    19, -1,  17,    76,  1,   6
733719,20081108,    77,  1,  42,    44, -1,  28
733719,20081108,   170, -1,  34,    79,  1,  14
733719,20081108,    80,  1,  38,    67, -1,  17
733719,20081108,    81,  1,  42,   210, -1,  14
733719,20081108,   237, -1,  59,    84,  1,  27
733719,20081108,   240, -1,  55,    87,  1,  20
733719,20081108,   195, -1,  68,    89,  1,   9
733719,20081108,    90,  1,  24,   161, -1,  23
733719,20081108,    73, -1,  42,    99,  1,  38
733719,20081108,    41, -1,  34,   101,  1,  33
733719,20081108,   222, -1,  37,   103,  1,  24
733719,20081108,     3, -1,  27,   106,  1,  21
733719,20081108,   107, -1,  21,   111,  1,  20
733719,20081108,   112,  1,  42,   185, -1,  31
733719,20081108,   117,  1,  21,   167, -1,   7
733719,20081108,   129,  1,  24,   217, -1,  21
733719,20081108,   116, -1,  29,   118,  1,   6
733719,20081108,   121,  1,  41,    97, -1,  24
733719,20081108,   123,  1,  19,   176, -1,   7
733719,20081108,   130,  1,  17,   184, -1,  10
733719,20081108,   138,  1,  45,    96, -1,  35
733719,20081108,    78, -1,  42,   142,  1,  30
733719,20081108,   177, -1,  47,   143,  1,  37
733719,20081108,   144,  1,  35,   127, -1,   9
733719,20081108,   145,  1,  28,    74, -1,   7
733719,20081108,    64, -1,  45,   135,  1,   7
733719,20081108,   192, -1,  15,   146,  1,  14
733719,20081108,   125, -1,  25,   149,  1,  23
733719,20081108,    59, -1,  31,   131,  1,  16
733719,20081108,   155, -1,  45,   151,  1,  10
733719,20081108,    22, -1,  28,   154,  1,   3
733719,20081108,   158,  1,  35,   194, -1,  28
733719,20081108,   162,  1,  41,   105, -1,   7
733719,20081108,   124, -1,  29,   163,  1,  12
733719,20081108,   169,  1,  38,    14, -1,  31
733719,20081108,   172,  1,  35,   196, -1,  17
733719,20081108,   104, -1,  21,   181,  1,   0
733719,20081108,   204, -1,  38,   183,  1,  24
733719,20081108,   113, -1,  31,   186,  1,  26
733719,20081108,   187,  1,  34,    12, -1,  21
733719,20081108,   174,  1,  52,    86, -1,  21
733719,20081108,   219,  1,  17,    31, -1,   3
733719,20081108,   175,  1,  24,   230, -1,  14
733719,20081108,   243, -1,  13,   199,  1,   7
733719,20081108,   200,  1,  45,    56, -1,  24
733719,20081108,    94, -1,  41,   201,  1,  17
733719,20081108,   202,  1,  45,    18, -1,  21
733719,20081108,   156, -1,  66,   203,  1,  28
733719,20081108,   128, -1,  58,   212,  1,  44
733719,20081108,   205,  1,  56,   157, -1,  20
733719,20081108,   209,  1,  17,   241, -1,   7
733719,20081108,    47, -1,  29,   214,  1,  19
733719,20081108,   159, -1,  34,   216,  1,   6
733719,20081108,   218,  1,  27,   141, -1,  20
733719,20081108,    93, -1,  40,   223,  1,  24
733719,20081108,    63, -1,  42,   224,  1,  14
733719,20081108,   225,  1,  24,   140, -1,  13
733719,20081108,   102, -1,  38,   228,  1,  26
733719,20081108,    55, -1,  14,   233,  1,   0
733719,20081108,   234,  1,  28,   226, -1,  17
733719,20081108,    10, -1,  39,   235,  1,  19
733719,20081108,     9, -1,  59,   236,  1,  28
733719,20081108,    37, -1,  26,   238,  1,  23
733719,20081108,   231,  0,  23,    85,  0,  17
733719,20081108,   239,  1,  38,   148, -1,  17
733719,20081108,   242,  1,  33,    38, -1,  28
733719,20081108,   245,  1,  35,    88, -1,  21
733719,20081108,   150,  1,  42,   122, -1,   0
733719,20081108,     6, -1,  41,   171,  1,   7
733722,20081111,    17, -1,  31,   115,  1,  16
733723,20081112,    98,  1,  41,   198, -1,  38
733723,20081112,    29, -1,  33,   133,  1,  30
733724,20081113,    26, -1,  43,     2,  1,  40
733724,20081113,   114,  1,  16,   227, -1,  14
733724,20081113,   218,  1,  22,   243, -1,  14
733725,20081114,    37, -1,  28,   105,  1,  20
733726,20081115,    28, -1,  38,     1,  1,  24
733726,20081115,     3,  1,  32,   120, -1,   7
733726,20081115,   191,  0,  15,     5,  0,   0
733726,20081115,     6,  1,  30,   233, -1,  11
733726,20081115,     8,  1,  24,    61, -1,  16
733726,20081115,    10,  1,  31,   236, -1,   0
733726,20081115,    11,  1,  34,   128, -1,   0
733726,20081115,    73, -1,  17,    15,  1,  13
733726,20081115,    18,  1,  41,   203, -1,  21
733726,20081115,    19,  1,  14,    82, -1,  12
733726,20081115,    30,  1,  51,   214, -1,  28
733726,20081115,   223, -1,  47,    32,  1,  14
733726,20081115,    39,  1,  31,    54, -1,   7
733726,20081115,   157, -1,  30,    42,  1,  17
733726,20081115,    43,  1,  20,   141, -1,   6
733726,20081115,    44,  1,  17,    46, -1,   7
733726,20081115,    23, -1,  45,    48,  1,  16
733726,20081115,   108, -1,  24,    49,  1,  19
733726,20081115,   126, -1,  14,    50,  1,  13
733726,20081115,   123, -1,  37,    55,  1,  14
733726,20081115,    16, -1,  15,    56,  1,  13
733726,20081115,    57,  1,  34,   130, -1,   7
733726,20081115,    59,  1,  28,   149, -1,  13
733726,20081115,    63,  1,  56,   187, -1,   6
733726,20081115,    64,  1,  45,    76, -1,  24
733726,20081115,    62,  1,  40,   103, -1,  29
733726,20081115,    21, -1,  27,    66,  1,  17
733726,20081115,    67,  1,  17,    72, -1,   0
733726,20081115,    68,  1,  24,   142, -1,  17
733726,20081115,    70, -1,  17,    69,  1,  10
733726,20081115,    79,  1,  42,   148, -1,  14
733726,20081115,    81,  1,  70,   211, -1,  30
733726,20081115,    20, -1,  45,    83,  1,  10
733726,20081115,   155, -1,  30,    85,  1,  20
733726,20081115,   150, -1,  28,    88,  1,   0
733726,20081115,    24, -1,  23,    89,  1,   7
733726,20081115,    90,  1,  22,   167, -1,  17
733726,20081115,   121, -1,  52,    91,  1,  20
733726,20081115,    92,  1,  37,     4, -1,  21
733726,20081115,    93,  1,  41,    53, -1,   9
733726,20081115,    94,  1,  26,   200, -1,  21
733726,20081115,    95,  1,  48,   239, -1,  24
733726,20081115,   202, -1,  35,    96,  1,   7
733726,20081115,   138, -1,  56,    97,  1,  28
733726,20081115,   224, -1,  31,    99,  1,  24
733726,20081115,    80, -1,  27,   100,  1,  26
733726,20081115,   101,  1,  31,    25, -1,  15
733726,20081115,   102,  1,  30,    71, -1,  10
733726,20081115,   104,  1,  45,   221, -1,  38
733726,20081115,   215, -1,  30,   109,  1,  14
733726,20081115,   110,  1,  17,   145, -1,  15
733726,20081115,   151, -1,  21,   116,  1,  14
733726,20081115,   119,  1,  59,   217, -1,   0
733726,20081115,   132, -1,  48,   122,  1,  27
733726,20081115,   124,  1,  29,    84, -1,  10
733726,20081115,   125,  1,  49,   163, -1,  32
733726,20081115,   173, -1,  32,   127,  1,   0
733726,20081115,   153,  0,  27,   134,  0,  21
733726,20081115,   139,  1,  41,   181, -1,  17
733726,20081115,   140,  1,  52,   111, -1,  21
733726,20081115,    52, -1,  34,   144,  1,  28
733726,20081115,   136,  1,  23,   232, -1,  16
733726,20081115,   137,  1,  21,   234, -1,  17
733726,20081115,   112, -1,  24,   152,  1,  17
733726,20081115,   158,  1,  55,     9, -1,  45
733726,20081115,   159,  1,  34,    31, -1,  21
733726,20081115,   161,  1,  34,    87, -1,   7
733726,20081115,    77, -1,  24,   160,  1,  21
733726,20081115,   164,  1,  37,     7, -1,   3
733726,20081115,    40, -1,  21,   165,  1,  13
733726,20081115,   107, -1,  37,   168,  1,   7
733726,20081115,   170,  1,  31,    51, -1,  14
733726,20081115,    47,  1,  45,   131, -1,  25
733726,20081115,    34, -1,  49,   176,  1,  14
733726,20081115,   183, -1,  30,   177,  1,  27
733726,20081115,   242, -1,  28,   178,  1,   7
733726,20081115,   179,  1,  34,    27, -1,  17
733726,20081115,   220, -1,  63,   180,  1,  14
733726,20081115,   206, -1,  31,   184,  1,  21
733726,20081115,   172, -1,  49,   189,  1,  16
733726,20081115,   175,  1,  38,   174, -1,  35
733726,20081115,   190,  1,  21,    60, -1,   3
733726,20081115,   188, -1,  42,   192,  1,  20
733726,20081115,   171, -1,  35,   193,  1,  20
733726,20081115,   219, -1,  45,   194,  1,  23
733726,20081115,    33, -1,  49,   185,  1,  41
733726,20081115,   195,  1,  40,   228, -1,  26
733726,20081115,    45, -1,  39,   196,  1,  14
733726,20081115,   204,  1,  34,   143, -1,  10
733726,20081115,    38,  1,  24,    36, -1,  21
733726,20081115,   213, -1,  41,   210,  1,  24
733726,20081115,   222,  1,  36,   186, -1,  10
733726,20081115,   225,  1,  34,   208, -1,  31
733726,20081115,   216, -1,  27,   235,  1,   7
733726,20081115,   230,  1,  48,    86, -1,  45
733726,20081115,   129, -1,  21,   241,  1,  10
733726,20081115,   231,  1,  27,   207, -1,  17
733726,20081115,   240,  1,  35,   118, -1,  32
733726,20081115,   244,  1,  14,   166, -1,   0
733726,20081115,   106,  1,  40,   209, -1,  31
733729,20081118,   133, -1,  42,    98,  1,  14
733730,20081119,    17, -1,  31,    29,  1,  24
733731,20081120,    74,  1,  41,   114, -1,  23
733731,20081120,    75, -1,  33,   212,  1,   7
733732,20081121,    26, -1,  40,    22,  1,  34
733732,20081121,    68, -1,  24,   181,  1,  10
733732,20081121,   207,  1,  42,   115, -1,  14
733733,20081122,    60, -1,  17,   213,  1,  13
733733,20081122,   159, -1,  19,     9,  1,  17
733733,20081122,    13,  1,  28,    62, -1,  14
733733,20081122,   184, -1,  33,    16,  1,  30
733733,20081122,    64,  0,  58,    19,  0,  35
733733,20081122,    23,  1,  41,    44, -1,  10
733733,20081122,    25,  1,  24,    67, -1,  21
733733,20081122,    31,  1,  37,   194, -1,  16
733733,20081122,    33,  1,  47,   112, -1,  30
733733,20081122,   178, -1,  30,    36,  1,   7
733733,20081122,    37,  1,  28,   162, -1,  21
733733,20081122,    35, -1,  24,    40,  1,   0
733733,20081122,    41,  1,  28,    80, -1,  27
733733,20081122,   160, -1,  23,    46,  1,   6
733733,20081122,    49,  1,  46,    27, -1,  34
733733,20081122,   225, -1,  21,    51,  1,   7
733733,20081122,    63,  1,  70,    38, -1,  19
733733,20081122,   217, -1,  31,    65,  1,  27
733733,20081122,    77,  1,  10,   244, -1,   0
733733,20081122,    78,  1,  49,    83, -1,  17
733733,20081122,    81,  1,  42,   222, -1,  37
733733,20081122,    52, -1,  10,    82,  1,   6
733733,20081122,    84,  1,  36,    47, -1,  33
733733,20081122,   175, -1,  17,    86,  1,  10
733733,20081122,   122, -1,  27,    88,  1,  24
733733,20081122,    92,  1,  26,     7, -1,  21
733733,20081122,    93,  1,  19,    50, -1,  14
733733,20081122,    97,  1,  38,    91, -1,  30
733733,20081122,   101, -1,  31,   100,  1,  15
733733,20081122,   102,  1,  26,    61, -1,   3
733733,20081122,   238, -1,  35,   105,  1,  21
733733,20081122,   119, -1,  31,   106,  1,  13
733733,20081122,   140, -1,  28,   107,  1,  24
733733,20081122,    66, -1,  37,   110,  1,   3
733733,20081122,   111,  1,  28,    79, -1,  14
733733,20081122,   215, -1,  28,   113,  1,  21
733733,20081122,   129,  1,  52,   147, -1,  13
733733,20081122,    90, -1,  55,   118,  1,   0
733733,20081122,   120,  1,  31,    12, -1,  28
733733,20081122,     4, -1,  58,   128,  1,  23
733733,20081122,   124,  1,  35,   125, -1,   3
733733,20081122,   126,  1,  42,    32, -1,   7
733733,20081122,    76, -1,  17,   127,  1,  13
733733,20081122,   130,  1,  24,   200, -1,  17
733733,20081122,    20, -1,  41,   139,  1,  34
733733,20081122,   104, -1,  35,   142,  1,  31
733733,20081122,   143,  1,  35,   183, -1,  28
733733,20081122,   137, -1,  41,   145,  1,  10
733733,20081122,   173, -1,  55,   135,  1,   0
733733,20081122,   136,  1,  10,   182, -1,   7
733733,20081122,   174, -1,  25,   132,  1,  24
733733,20081122,   168, -1,  29,   148,  1,  14
733733,20081122,   151,  1,  27,    85, -1,  10
733733,20081122,   196, -1,  24,   153,  1,  23
733733,20081122,   155,  1,  42,   116, -1,   7
733733,20081122,   154,  1,  49,     2, -1,  42
733733,20081122,   156,  1,  65,   205, -1,  21
733733,20081122,   161,  1,  49,   117, -1,  18
733733,20081122,   163,  1,  24,   131, -1,  21
733733,20081122,   166,  1,  28,    48, -1,  10
733733,20081122,   167,  1,  62,    87, -1,  10
733733,20081122,   169,  1,  35,   109, -1,  10
733733,20081122,   172,  1,  30,    14, -1,   3
733733,20081122,   204, -1,  48,   177,  1,  45
733733,20081122,   179,  1,  28,   214, -1,  20
733733,20081122,   180,  1,  42,   218, -1,  21
733733,20081122,   146, -1,  34,   188,  1,  31
733733,20081122,   150, -1,  34,   192,  1,  24
733733,20081122,    24, -1,  23,   193,  1,   0
733733,20081122,   152, -1,  34,   185,  1,  24
733733,20081122,   197,  1,  44,     1, -1,  10
733733,20081122,   198,  1,  55,    58, -1,  52
733733,20081122,    56, -1,  38,   201,  1,  20
733733,20081122,    57, -1,  33,   206,  1,  31
733733,20081122,    95, -1,  58,   208,  1,  27
733733,20081122,   209,  1,  48,   103, -1,   3
733733,20081122,   211,  1,  56,   210, -1,   7
733733,20081122,   220,  1,  48,    28, -1,  24
733733,20081122,    53, -1,  32,   223,  1,   0
733733,20081122,   199, -1,  20,   224,  1,  10
733733,20081122,    39, -1,  13,   226,  1,   3
733733,20081122,   227,  1,  14,    54, -1,   3
733733,20081122,   228,  1,  49,   165, -1,  27
733733,20081122,    21, -1,  24,   234,  1,  21
733733,20081122,   236,  1,  16,   235, -1,  13
733733,20081122,    59, -1,  33,   237,  1,  26
733733,20081122,     8, -1,  35,   229,  1,  10
733733,20081122,   245, -1,  31,   230,  1,  28
733733,20081122,   170, -1,  23,   239,  1,  20
733733,20081122,   144, -1,  17,   232,  1,  14
733733,20081122,   240,  1,  36,    30, -1,  35
733733,20081122,   242,  1,  35,    69, -1,  10
733733,20081122,    43, -1,  31,   243,  1,  20
733734,20081123,   189,  1,  17,    45, -1,  13
733736,20081125,    17,  1,  45,   231, -1,  22
733736,20081125,   134, -1,  16,   133,  1,   0
733738,20081127,   202,  1,  49,   203, -1,   9
733739,20081128,    10,  1,  34,   216, -1,   9
733739,20081128,    12,  0,  31,   106,  0,  30
733739,20081128,    20,  1,  61,    68, -1,  10
733739,20081128,    98, -1,  24,    26,  1,  21
733739,20081128,    60,  1,  53,   222, -1,  21
733739,20081128,    58,  1,  56,    29, -1,  52
733739,20081128,   154, -1,  41,   115,  1,  26
733739,20081128,   119,  1,  45,   120, -1,   0
733739,20081128,   138,  1,  40,    42, -1,  31
733739,20081128,   162,  1,  19,   238, -1,  15
733739,20081128,   198,  1,  27,     2, -1,   6
733739,20081128,    22, -1,  38,   207,  1,  10
733740,20081129,     3,  1,  36,    15, -1,   0
733740,20081129,    21,  1,  28,   110, -1,  21
733740,20081129,   213, -1,  15,   215,  1,   0
733740,20081129,    37,  1,  30,   196, -1,  10
733740,20081129,    39,  1,  31,   187, -1,  14
733740,20081129,   145, -1,  28,    54,  1,  20
733740,20081129,    62,  0,  57,    65,  0,  50
733740,20081129,    63, -1,  45,    66,  1,  15
733740,20081129,    74, -1,  45,    73,  1,  42
733740,20081129,    78,  1,  24,   236, -1,  10
733740,20081129,    96,  0,  40,   121,  0,  37
733740,20081129,   139, -1,  35,   104,  1,  31
733740,20081129,   211, -1,  38,   109,  1,  35
733740,20081129,   113,  1,  45,   210, -1,   6
733740,20081129,   137,  1,  38,   114, -1,  28
733740,20081129,    13, -1,  33,   147,  1,  28
733740,20081129,   156, -1,  61,   157,  1,  41
733740,20081129,   158, -1,  65,   159,  1,  38
733740,20081129,   169,  1,  56,    81, -1,  42
733740,20081129,   190, -1,  28,   186,  1,  12
733740,20081129,   219,  1,  38,   153, -1,   3
733740,20081129,    75,  0,  29,   191,  0,  14
733740,20081129,   199,  1,  28,    99, -1,  10
733740,20081129,    11,  0,  28,   212,  0,   7
733740,20081129,   205,  1,  35,    18, -1,  28
733740,20081129,   221,  1,  47,   142, -1,   2
733740,20081129,   227,  1,  17,   226, -1,  14
733740,20081129,   234,  1,  23,   224, -1,  10
733740,20081129,     8,  1,  37,   173, -1,  21
733740,20081129,   237, -1,  49,    30,  1,  35
733740,20081129,    95,  1,  38,   242, -1,  35
733740,20081129,   124,  1,  31,   204, -1,  13
733740,20081129,   150,  1,  40,   107, -1,  15
733740,20081129,   170,  1,  38,    57, -1,  10
733740,20081129,   140, -1,  29,   175,  1,  20
733740,20081129,   225,  1,  55,    41, -1,  28
733744,20081203,   103,  1,  42,   129, -1,  28
733745,20081204,   172,  1,  63,   105, -1,  14
733746,20081205,    26,  0,  42,    17,  0,  24
733747,20081206,     9,  1,  31,    10, -1,  10
733747,20081206,    31,  1,  48,   235, -1,   7
733747,20081206,   162, -1,  34,    45,  1,  10
733747,20081206,    65,  1,  27,   241, -1,   3
733747,20081206,    37, -1,  29,    78,  1,  24
733747,20081206,   134,  0,  34,    14,  0,   0
733747,20081206,   209,  1,  35,    13, -1,   9
733747,20081206,   219, -1,  28,   216,  1,   7
733747,20081206,   238,  1,  13,   189, -1,   7
733747,20081206,     6,  1,  28,    93, -1,   0
733747,20081206,    63,  0,  31,     3,  0,  20
733747,20081206,    60, -1,  27,   211,  1,  24
733747,20081206,   227,  0,  30,    21,  0,  12
733747,20081206,   156,  0,  62,   121,  0,  21
733747,20081206,   170, -1,  33,     8,  1,  13
733747,20081206,   124,  1,  24,   237, -1,  13
733747,20081206,    95,  1,  31,   225, -1,  27
733747,20081206,   150,  1,  36,   140, -1,  34
733753,20081212,   124, -1,  35,    95,  1,  27
733754,20081213,    75,  0,  41,    92,  0,   9
733754,20081213,   170, -1,  21,   150,  1,  20
733760,20081219,   170,  0,  24,   124,  0,   7
733761,20081220,   234,  0,  29,   134,  0,  19
733761,20081220,    43,  0,  40,    68,  0,  35
733761,20081220,   189,  0,  41,   113,  0,  14
733761,20081220,     9,  0,  31,    28,  0,  21
733762,20081221,   190,  0,  30,   209,  0,  27
733764,20081223,   197,  0,  17,    20,  0,  16
733765,20081224,   153, -1,  49,    78,  1,  21
733767,20081226,    62,  0,  24,    29,  0,  21
733768,20081227,   238,  0,  31,   145,  0,  30
733768,20081227,    66,  0,  42,   240,  0,  13
733768,20081227,    31,  0,  24,   114,  0,  17
733769,20081228,   104,  0,  17,   133,  0,  10
733770,20081229,   172,  0,  29,   137,  0,  23
733770,20081229,   121,  0,  30,   151,  0,  23
733771,20081230,   110,  0,  42,   139,  0,  35
733771,20081230,   169,  1,  38,   231, -1,  14
733771,20081230,   158,  0,  42,   157,  0,  31
733772,20081231,    81,  0,  34,     1,  0,  28
733772,20081231,   159,  0,   3,   162,  0,   0
733772,20081231,   224,  1,  16,    21, -1,  14
733772,20081231,    96,  0,  42,   118,  0,  21
733772,20081231,   106, -1,  38,    74,  1,   3
733773,20090101,    90,  0,  31,   187,  0,  10
733773,20090101,   138,  0,  26,    39,  0,  21
733773,20090101,    73,  0,  24,   117,  0,  12
733773,20090101,   219,  0,  38,   161,  0,  24
733773,20090101,   227,  0,  20,    37,  0,   7
733774,20090102,   119,  0,  47,   205,  0,  34
733774,20090102,    99,  0,  25,    60,  0,  19
733774,20090102,   220,  0,  31,     3,  0,  17
733775,20090103,    45,  0,  38,    26,  0,  20
733777,20090105,   202,  0,  24,   155,  0,  21
733778,20090106,   211,  0,  45,    17,  0,  13
733780,20090108,    63,  0,  24,   156,  0,  14
