736204,20150829,   131,  1,  38,   139, -1,  35
736209,20150903,    78,  1,  69,     8, -1,   6
736209,20150903,    56, -1,  37,   219,  1,   7
736209,20150903,   229,  1,  24,   123, -1,  17
736209,20150903,   188,  1,  43,   147, -1,  13
736209,20150903,   160, -1,  45,    87,  1,  28
736209,20150903,   195,  0,  17,   152,  0,  13
736209,20150903,   206, -1,  23,   125,  1,  17
736209,20150903,    18,  1,  48,   237, -1,  36
736209,20150903,    47,  1,  20,   234, -1,  15
736209,20150903,   242,  1,  41,    63, -1,   3
736209,20150903,   146,  1,  31,   222, -1,  17
736209,20150903,    10,  1,  42,   228, -1,  32
736209,20150903,   249, -1,  14,   233,  1,  12
736209,20150903,    68, -1,  15,   223,  1,  14
736209,20150903,    71,  1,  34,     1, -1,  13
736209,20150903,   230,  1,  12,   200, -1,   9
736209,20150903,    82,  1,  28,    44, -1,  20
736209,20150903,   163, -1,  24,    30,  1,  13
736209,20150903,   185,  1,  45,    34, -1,  16
736209,20150903,   190, -1,  34,   158,  1,  20
736209,20150903,   239,  1,  33,    58, -1,   5
736209,20150903,    59,  1,  52,   232, -1,  10
736209,20150903,   102, -1,  56,    64,  1,  16
736210,20150904,    37, -1,  23,    77,  1,  20
736210,20150904,    21,  1,  16,   243, -1,  13
736210,20150904,   124, -1,  37,   240,  1,  24
736210,20150904,    19, -1,  56,   193,  1,  21
736210,20150904,    70, -1,  37,    15,  1,  35
736210,20150904,   166,  1,  26,   245, -1,   7
736210,20150904,   205,  1,  47,   175, -1,   0
736210,20150904,   107, -1,  20,    35,  1,  14
736210,20150904,    97, -1,  20,    53,  1,  14
736211,20150905,   144,  1,  49,   218, -1,  21
736211,20150905,    41,  1,  49,   250, -1,  10
736211,20150905,   128,  1,  34,   191, -1,   3
736211,20150905,   126,  1,  76,   215, -1,   3
736211,20150905,   176,  1,  56,   241, -1,  16
736211,20150905,    62,  1,  28,   217, -1,  20
736211,20150905,   169,  1,  45,   253, -1,  37
736211,20150905,     2,  1,  63,   134, -1,   7
736211,20150905,     4,  0,  35,   248,  0,  17
736211,20150905,   224,  1,  34,   235, -1,  16
736211,20150905,    13,  1,  48,   231, -1,  13
736211,20150905,   164, -1,  38,    60,  1,  34
736211,20150905,   122,  1,  26,   172, -1,   7
736211,20150905,    27,  1,  51,     7, -1,  14
736211,20150905,   181, -1,  41,   100,  1,  38
736211,20150905,   153, -1,  24,   251,  1,  13
736211,20150905,   101,  1,  34,   196, -1,   0
736211,20150905,    45,  1,  65,   189, -1,  13
736211,20150905,   170, -1,  24,   244,  1,  17
736211,20150905,    39,  1,  52,     5, -1,  10
736211,20150905,   220,  1,  47,    65, -1,  44
736211,20150905,    16,  0,  31,   111,  0,  24
736211,20150905,    22,  1,  24,   113, -1,   3
736211,20150905,   197,  1,  51,    67, -1,   3
736211,20150905,   246,  1,  44,    73, -1,   0
736211,20150905,    32,  1,  73,    79, -1,  14
736211,20150905,     9,  1,  49,    86, -1,   0
736211,20150905,    94,  1,  31,    90, -1,  14
736211,20150905,   121,  1,  45,    20, -1,   0
736211,20150905,   194,  1,  33,    74, -1,  23
736211,20150905,   212,  0,  38,    11,  0,  17
736211,20150905,   227,  1,  55,    14, -1,   6
736211,20150905,   162,  1,  41,     3, -1,   3
736211,20150905,   165,  1,  61,    61, -1,  42
736211,20150905,   208,  0,  59,    23,  0,  30
736211,20150905,    29, -1,  33,   145,  1,  28
736211,20150905,   127, -1,  34,   198,  1,  16
736211,20150905,   148,  1,  66,   135, -1,   0
736211,20150905,   140,  1,  38,   226, -1,  30
736211,20150905,    66,  1,  61,   149, -1,  13
736211,20150905,    76,  1,  51,   225, -1,  14
736211,20150905,    95,  1,  31,   156, -1,   7
736211,20150905,    84,  1,  52,   210, -1,  24
736211,20150905,   159,  1,  38,   211, -1,   3
736211,20150905,   157,  1,  16,   202, -1,   6
736211,20150905,   214,  1,  59,   184, -1,  45
736211,20150905,    92,  1,  48,   182, -1,  47
736211,20150905,   110,  1,  62,   199, -1,  15
736211,20150905,    69,  1,  59,   213, -1,  16
736211,20150905,   119,  1,  63,   129, -1,   7
736211,20150905,   104,  1,  40,   109, -1,  33
736211,20150905,   179,  1,  63,   151, -1,  13
736211,20150905,   207,  1,  27,   168, -1,  10
736211,20150905,   116,  1,  50,   177, -1,  21
736211,20150905,   141,  1,  48,    43, -1,  10
736211,20150905,   136,  1,  70,    96, -1,  14
736211,20150905,    93,  1,  52,    28, -1,  17
736211,20150905,    26,  1,  17,   114, -1,   0
736211,20150905,   201,  1,  48,    75, -1,  20
736211,20150905,    98, -1,  23,    38,  1,  20
736211,20150905,   108,  1,  32,    54, -1,  13
736211,20150905,    31, -1,  20,   131,  1,  19
736211,20150905,    83, -1,  27,   130,  1,  19
736211,20150905,    40,  1,  69,    51, -1,   0
736211,20150905,   171, -1,  38,   221,  1,  11
736211,20150905,    99,  1,  56,   133, -1,   7
736211,20150905,    42, -1,  38,    72,  1,  35
736211,20150905,   120, -1,  28,    17,  1,   7
736211,20150905,    52, -1,  27,   178,  1,  24
736211,20150905,   247, -1,  34,   105,  1,   7
736211,20150905,   187,  1,  37,   186, -1,   3
736211,20150905,   155, -1,  34,   192,  1,  28
736211,20150905,    89,  1,  52,   103, -1,   3
736212,20150906,   115,  1,  41,   174, -1,  31
736212,20150906,   209,  1,  24,     6, -1,  14
736212,20150906,   180,  0,  35,    12,  0,   7
736213,20150907,   161, -1,  42,   236,  1,  24
736216,20150910,   249,  1,  41,   110, -1,  38
736216,20150910,   199, -1,  50,   135,  1,  13
736217,20150911,   121, -1,  44,    65,  1,  20
736217,20150911,   229,  1,  24,   230, -1,  14
736218,20150912,   159, -1,  34,   235,  1,  27
736218,20150912,   193,  1,  31,   154, -1,  13
736218,20150912,   225,  1,  47,   150, -1,   0
736218,20150912,   152,  1,  53,   142, -1,  14
736218,20150912,   128, -1,  27,    14,  1,  20
736218,20150912,   140,  1,  57,   137, -1,  26
736218,20150912,     4,  1,  37,   136, -1,  10
736218,20150912,   125, -1,  23,    45,  1,  20
736218,20150912,   248,  1,  58,   122, -1,   0
736218,20150912,    44,  1,  48,   117, -1,  14
736218,20150912,   211,  1,  42,   176, -1,  28
736218,20150912,   169, -1,  24,     3,  1,   7
736218,20150912,   213,  1,  63,   171, -1,  24
736218,20150912,    32,  1,  35,   187, -1,   7
736218,20150912,     2,  1,  37,   188, -1,  16
736218,20150912,   124,  1,  31,   165, -1,  28
736218,20150912,   164,  1,  24,   151, -1,  10
736218,20150912,   123,  1,  35,   166, -1,   7
736218,20150912,   162, -1,  31,   208,  1,  24
736218,20150912,   207, -1,  34,    39,  1,  26
736218,20150912,   206,  1,  70,   192, -1,   7
736218,20150912,   174,  1,  38,    93, -1,  14
736218,20150912,    94, -1,  31,    95,  1,  17
736218,20150912,   112, -1,  21,   127,  1,  19
736218,20150912,   101, -1,  30,   228,  1,   3
736218,20150912,   119, -1,  55,   100,  1,  23
736218,20150912,   160,  1,  21,   115, -1,  10
736218,20150912,   104, -1,  26,   195,  1,  22
736218,20150912,    22,  1,  76,    86, -1,   0
736218,20150912,   227,  1,  59,    87, -1,   9
736218,20150912,   161,  1,  38,    82, -1,   0
736218,20150912,    84, -1,  34,   111,  1,  31
736218,20150912,   126,  1,  73,    71, -1,  21
736218,20150912,    76, -1,  31,   233,  1,  14
736218,20150912,    11,  1,  35,    31, -1,  21
736218,20150912,   236,  1,  42,    72, -1,   3
736218,20150912,   157,  1,  41,    58, -1,   0
736218,20150912,   144,  1,  35,    59, -1,   0
736218,20150912,    60, -1,  48,   251,  1,  29
736218,20150912,    66,  1,  31,    62, -1,  24
736218,20150912,   103,  1,  45,    54, -1,  13
736218,20150912,    23, -1,  48,   116,  1,  27
736218,20150912,    41,  1,  41,     9, -1,  10
736218,20150912,    10, -1,  44,   146,  1,  20
736218,20150912,   212,  1,  56,    18, -1,  23
736218,20150912,    29,  1,  35,    21, -1,  24
736218,20150912,    47,  1,  22,    15, -1,  17
736218,20150912,   198,  1,  52,    17, -1,   6
736218,20150912,    30,  1,  31,   130, -1,  10
736218,20150912,    69,  1,  34,   197, -1,  14
736218,20150912,   243,  1,  49,    49, -1,   0
736218,20150912,    56,  1,  55,   143, -1,   0
736218,20150912,   218,  1,  44,    36, -1,  16
736218,20150912,    37,  1,  34,   172, -1,  10
736218,20150912,   163,  1,  32,    34, -1,   8
736218,20150912,    92,  1,  36,    68, -1,  22
736218,20150912,    77, -1,  34,   149,  1,  32
736218,20150912,    19,  1,  66,   106, -1,  31
736218,20150912,   145,  1,  48,   194, -1,   9
736218,20150912,   214,  1,  69,   231, -1,  20
736218,20150912,   216,  0,  16,    13,  0,  12
736218,20150912,    78,  1,  65,   219, -1,  10
736218,20150912,   220, -1,  40,   148,  1,  21
736218,20150912,   224, -1,  37,   226,  1,   3
736218,20150912,   205,  1,  30,   242, -1,  17
736218,20150912,   246,  1,  41,   108, -1,  17
736218,20150912,    16,  1,  27,    98, -1,  20
736218,20150912,   168,  1,  27,    27, -1,  14
736218,20150912,   202,  1,  31,   223, -1,   7
736218,20150912,    73,  1,  43,   240, -1,  17
736218,20150912,    89,  1,  44,   239, -1,   0
736218,20150912,   244, -1,  37,   179,  1,  34
736218,20150912,   109,  1,  44,   158, -1,  17
736218,20150912,    42, -1,  41,   180,  1,  14
736218,20150912,   138, -1,  34,    85,  1,  10
736218,20150912,   118,  1,  43,    91, -1,   6
736218,20150912,   196, -1,  27,   222,  1,  17
736218,20150912,   204,  1,  38,    35, -1,   9
736218,20150912,   153,  1,  21,    55, -1,  18
736218,20150912,   217,  1,  35,   201, -1,  20
736218,20150912,    75,  1,  34,   114, -1,   7
736218,20150912,    57, -1,  26,    26,  1,   7
736218,20150912,   183, -1,  56,   232,  1,   3
736218,20150912,    63, -1,  21,    74,  1,  13
736218,20150912,   170, -1,  34,    88,  1,  14
736218,20150912,   181,  1,  55,   200, -1,  10
736218,20150912,    40,  1,  28,   238, -1,  10
736218,20150912,    90,  1,  67,   134, -1,  14
736218,20150912,   234, -1,  14,    70,  1,   7
736218,20150912,     7,  1,  35,   175, -1,   7
736218,20150912,   250,  1,  34,   210, -1,  14
736218,20150912,   139,  1,  41,   245, -1,  14
736218,20150912,     8, -1,  31,     6,  1,  14
736218,20150912,    20, -1,  56,    79,  1,  53
736218,20150912,   156,  1,  38,    61, -1,  35
736218,20150912,   185,  1,  58,    67, -1,  21
736218,20150912,    99,  1,  55,   107, -1,  17
736218,20150912,   237,  1,  43,   133, -1,  40
736218,20150912,    53,  1,  19,   105, -1,   9
736218,20150912,   147, -1,  26,    43,  1,   8
736218,20150912,   177, -1,  31,    80,  1,  28
736218,20150912,   120,  1,  57,   203, -1,  14
736218,20150912,   191,  1,  27,   182, -1,  24
736218,20150912,   209,  0,  35,    96,  0,  25
736218,20150912,   253,  1,  21,   178, -1,  14
736223,20150917,    41, -1,  20,   111,  1,  17
736223,20150917,    36,  1,  47,    64, -1,   7
736223,20150917,   180,  1,  36,    67, -1,   0
736224,20150918,    69, -1,  14,    22,  1,   0
736224,20150918,    21,  1,  52,    88, -1,   0
736224,20150918,    11,  1,  34,   148, -1,  10
736224,20150918,    80, -1,  37,    86,  1,  19
736225,20150919,   212,  1,  44,   146, -1,  27
736225,20150919,   144, -1,  38,   164,  1,  14
736225,20150919,   157, -1,  19,    56,  1,  10
736225,20150919,    10,  1,  77,   155, -1,  13
736225,20150919,   161,  1,  20,   140, -1,  13
736225,20150919,   240,  1,  52,   137, -1,  20
736225,20150919,   121,  1,  36,   145, -1,  33
736225,20150919,   123,  1,  28,   226, -1,   7
736225,20150919,   126, -1,  43,     4,  1,  37
736225,20150919,   202, -1,  41,   227,  1,  31
736225,20150919,   207, -1,  25,   117,  1,  23
736225,20150919,    14,  1,  70,   129, -1,   7
736225,20150919,   206,  1,  56,   193, -1,  37
736225,20150919,   198, -1,  56,   213,  1,  50
736225,20150919,   127,  1,  62,   158, -1,  13
736225,20150919,   115,  1,  45,   151, -1,   7
736225,20150919,    94,  1,  27,   169, -1,  24
736225,20150919,   166,  1,  35,   188, -1,  21
736225,20150919,    76,  1,  52,   195, -1,  20
736225,20150919,   168,  1,  28,   179, -1,   3
736225,20150919,   176, -1,  38,   154,  1,  24
736225,20150919,   216,  1,  30,    95, -1,  23
736225,20150919,   125,  1,  10,   103, -1,   7
736225,20150919,   219,  1,  38,   113, -1,   7
736225,20150919,   101,  1,  39,   110, -1,  33
736225,20150919,   119, -1,  44,    23,  1,  41
736225,20150919,    66, -1,  14,   104,  1,   9
736225,20150919,    72, -1,  16,   223,  1,  15
736225,20150919,   159,  1,  30,    78, -1,  22
736225,20150919,   152,  1,  48,    89, -1,  14
736225,20150919,   205,  1,  30,    30, -1,  27
736225,20150919,    39, -1,  37,   122,  1,  33
736225,20150919,   224,  1,  24,    29, -1,  23
736225,20150919,    32, -1,  45,   211,  1,  44
736225,20150919,    73,  1,  48,    40, -1,  13
736225,20150919,    44,  0,  27,    45,  0,  24
736225,20150919,   128,  1,   9,    47, -1,   6
736225,20150919,    18, -1,  28,    60,  1,  17
736225,20150919,   233,  1,  47,    17, -1,   7
736225,20150919,   112,  1,  45,    16, -1,  21
736225,20150919,   124,  1,  35,     2, -1,  21
736225,20150919,   208,  1,  55,   238, -1,  10
736225,20150919,    92,  1,  38,   249, -1,  35
736225,20150919,   235,  1,  35,   247, -1,  29
736225,20150919,   248,  1,  28,   218, -1,   3
736225,20150919,    27, -1,  33,    65,  1,  15
736225,20150919,   244,  1,  31,   251, -1,  14
736225,20150919,   236, -1,  51,   174,  1,  24
736225,20150919,   242, -1,  17,    15,  1,  14
736225,20150919,   243,  1,  31,   230, -1,  17
736225,20150919,   229, -1,  45,    71,  1,  24
736225,20150919,   162,  1,  52,   220, -1,  38
736225,20150919,   231, -1,  50,   149,  1,  47
736225,20150919,   214, -1,  35,    13,  1,  24
736225,20150919,   194, -1,  34,   187,  1,  27
736225,20150919,   163,  1,  69,   228, -1,  14
736225,20150919,   165,  1,  61,    77, -1,  28
736225,20150919,   160,  1,  35,   190, -1,  14
736225,20150919,    82,  1,  47,   222, -1,  27
736225,20150919,    68,  1,  39,   143, -1,  14
736225,20150919,     3,  1,  52,   189, -1,   9
736225,20150919,   116,  1,  35,   197, -1,  17
736225,20150919,   136,  1,  73,    37, -1,  14
736225,20150919,   141,  1,  45,    62, -1,  21
736225,20150919,    87,  1,  41,   250, -1,  38
736225,20150919,    90, -1,  34,    58,  1,  31
736225,20150919,    61,  1,  55,   132, -1,  50
736225,20150919,     8,  1,  55,   135, -1,  14
736225,20150919,   108,  1,  31,   131, -1,  21
736225,20150919,   156, -1,  34,    31,  1,  20
736225,20150919,   107,  1,  42,   167, -1,  21
736225,20150919,   204,  1,  31,   147, -1,   6
736225,20150919,    91,  1,  20,   150, -1,  10
736225,20150919,   142, -1,  14,    63,  1,   7
736225,20150919,   217,  1,  29,    83, -1,  26
736225,20150919,    81, -1,  41,   175,  1,  10
736225,20150919,    79, -1,  34,     6,  1,  10
736225,20150919,   234,  1,  28,    53, -1,  21
736225,20150919,    26, -1,  19,    48,  1,  14
736225,20150919,    70,  1,  44,    46, -1,  24
736225,20150919,    50, -1,  31,    75,  1,  10
736225,20150919,    52,  1,  24,    57, -1,  13
736225,20150919,   196,  1,  52,    55, -1,   0
736225,20150919,   171,  1,  53,     5, -1,  49
736225,20150919,   130, -1,  31,   241,  1,  16
736225,20150919,   245,  1,  32,    49, -1,  14
736225,20150919,   114,  1,  34,   183, -1,  27
736225,20150919,   221, -1,  24,    12,  1,  20
736225,20150919,   177,  1,  42,   237, -1,  10
736225,20150919,    38, -1,  31,   185,  1,  21
736225,20150919,    93,  1,  29,   191, -1,  28
736225,20150919,   252, -1,  29,    43,  1,  28
736225,20150919,    42,  1,  34,   239, -1,  27
736225,20150919,   139,  1,  34,   153, -1,   9
736225,20150919,   210,  1,  29,   120, -1,  22
736225,20150919,   172,  1,  23,    33, -1,  13
736225,20150919,    25, -1,  20,    24,  1,  16
736225,20150919,    99,  1,  42,     7, -1,  28
736225,20150919,   200,  1,  30,   138, -1,   3
736225,20150919,     1,  1,  49,    85, -1,  21
736225,20150919,   106, -1,  49,   184,  1,  46
736225,20150919,    98,  1,  48,   209, -1,  13
736225,20150919,   253,  1,  48,   201, -1,   3
736225,20150919,   173, -1,  40,   105,  1,   7
736225,20150919,   118, -1,  28,   192,  1,  14
736225,20150919,   199,  1,  50,    96, -1,  31
736230,20150924,   119,  1,  53,    39, -1,  46
736230,20150924,   167, -1,  24,   234,  1,  13
736231,20150925,    21, -1,  56,   235,  1,  14
736231,20150925,   202, -1,  42,   166,  1,  24
736232,20150926,    66,  1,  28,   208, -1,  27
736232,20150926,   206, -1,  55,   214,  1,  52
736232,20150926,   212,  0,  28,    13,  0,  21
736232,20150926,   145,  1,  36,   198, -1,  28
736232,20150926,   227, -1,  42,    11,  1,  14
736232,20150926,    76,  1,  48,   199, -1,   6
736232,20150926,    84,  1,  59,   213, -1,  14
736232,20150926,    19,  1,  70,   176, -1,  17
736232,20150926,   168,  1,  37,   187, -1,  21
736232,20150926,   125,  1,  27,   160, -1,  24
736232,20150926,   163, -1,  30,   211,  1,  27
736232,20150926,   127, -1,  17,    16,  1,   9
736232,20150926,   104,  1,  21,   128, -1,  13
736232,20150926,   141, -1,  28,    47,  1,  18
736232,20150926,   159,  1,  62,   117, -1,  27
736232,20150926,   249,  1,  56,   122, -1,  14
736232,20150926,    89,  1,  27,   136, -1,  25
736232,20150926,    22,  1,  17,   140, -1,  14
736232,20150926,     4,  1,  34,   225, -1,   0
736232,20150926,    44,  1,  48,   150, -1,   0
736232,20150926,   144, -1,  63,   194,  1,  13
736232,20150926,    94,  1,  62,   154, -1,  16
736232,20150926,   146, -1,  24,    27,  1,  21
736232,20150926,   148, -1,  38,   251,  1,  28
736232,20150926,   157,  1,  24,    18, -1,  19
736232,20150926,    15, -1,  58,    60,  1,  36
736232,20150926,     3, -1,  35,   109,  1,  14
736232,20150926,   216,  1,  37,    14, -1,   7
736232,20150926,     9, -1,  49,   164,  1,   0
736232,20150926,    32, -1,  30,   243,  1,  24
736232,20150926,   123,  1,  31,    29, -1,   0
736232,20150926,    23, -1,  35,   174,  1,  28
736232,20150926,   152,  1,  41,    53, -1,  14
736232,20150926,   124,  1,  30,    30, -1,  10
736232,20150926,    45, -1,  33,   228,  1,  31
736232,20150926,    92, -1,  31,   242,  1,  24
736232,20150926,    56,  1,  34,    78, -1,  20
736232,20150926,   248,  1,  28,    82, -1,   0
736232,20150926,   188,  1,  49,    71, -1,  23
736232,20150926,   115, -1,  36,   103,  1,  29
736232,20150926,   246,  1,  45,   116, -1,   6
736232,20150926,   112, -1,  34,   205,  1,  24
736232,20150926,   226,  1,  80,    88, -1,   8
736232,20150926,    99, -1,  48,   193,  1,  45
736232,20150926,   179,  1,  27,   100, -1,  14
736232,20150926,   161,  1,  38,   240, -1,  12
736232,20150926,   111,  1,  45,   185, -1,   3
736232,20150926,   195,  1,  31,   223, -1,  14
736232,20150926,   229, -1,  62,   165,  1,  20
736232,20150926,   224, -1,  56,    10,  1,  30
736232,20150926,   126,  1,  27,   233, -1,  16
736232,20150926,    62,  1,  35,   236, -1,  28
736232,20150926,    65, -1,  17,    37,  1,   7
736232,20150926,   110,  1,  27,    68, -1,  17
736232,20150926,   231,  1,  27,    91, -1,  17
736232,20150926,    73, -1,  44,    87,  1,  20
736232,20150926,   105, -1,  35,   241,  1,  24
736232,20150926,   173,  1,  52,   107, -1,  26
736232,20150926,   113,  1,  27,   175, -1,  17
736232,20150926,   131,  1,  23,   155, -1,  14
736232,20150926,   252,  1,  33,    48, -1,  26
736232,20150926,   133,  1,  34,    51, -1,   0
736232,20150926,    43, -1,  31,    83,  1,  14
736232,20150926,     6, -1,  45,   135,  1,  15
736232,20150926,   250,  1,  16,    74, -1,   0
736232,20150926,    81,  1,  53,    24, -1,  27
736232,20150926,    61, -1,  28,    49,  1,  20
736232,20150926,   132,  1,  45,    31, -1,  28
736232,20150926,    79,  0,  70,   171,  0,  54
736232,20150926,   134, -1,  21,    86,  1,  13
736232,20150926,    63,  1,  17,   217, -1,  13
736232,20150926,   182,  1,  34,   108, -1,  13
736232,20150926,   210, -1,  31,   137,  1,  29
736232,20150926,   209, -1,  30,    67,  1,  14
736232,20150926,     1,  1,  35,   192, -1,  32
736232,20150926,    72,  1,  24,   237, -1,  21
736232,20150926,   245, -1,  38,   138,  1,  17
736232,20150926,    38, -1,  21,   172,  1,   0
736232,20150926,   181,  1,  34,   178, -1,  10
736232,20150926,    98, -1,  48,   215,  1,  41
736232,20150926,   147,  1,  57,    35, -1,  14
736232,20150926,   186, -1,  38,   232,  1,   6
736232,20150926,     7,  1,  17,    57, -1,  14
736232,20150926,    75, -1,  24,    46,  1,  16
736232,20150926,   247,  1,  21,   204, -1,   0
736232,20150926,    50,  1,  49,   183, -1,   7
736232,20150926,    70,  1,  54,   130, -1,  31
736232,20150926,     5,  1,  28,    12, -1,   9
736232,20150926,    97, -1,  20,   114,  1,  16
736232,20150926,   153,  1,  31,   222, -1,  24
736232,20150926,    42,  1,  31,    25, -1,  17
736232,20150926,    36, -1,  33,    40,  1,  20
736232,20150926,    28,  1,  25,    33, -1,  24
736232,20150926,   184,  1,  63,    85, -1,  14
736232,20150926,    52,  1,  31,   102, -1,  27
736232,20150926,    55,  1,  41,   203, -1,   3
736232,20150926,    20,  1,  42,   189, -1,  12
736232,20150926,   151,  1,  24,    80, -1,  14
736232,20150926,    59,  1,  51,    17, -1,  13
736232,20150926,    96,  1,  34,   221, -1,  30
736232,20150926,    34, -1,  49,   158,  1,  21
736237,20151001,    39,  1,  34,   121, -1,  23
736237,20151001,     6, -1,  41,   221,  1,  23
736237,20151001,   190,  1,  30,   106, -1,  27
736238,20151002,   119, -1,  24,   197,  1,  17
736238,20151002,    29,  1,  30,    47, -1,  13
736238,20151002,   207, -1,  37,    37,  1,   3
736238,20151002,   200, -1,  44,   245,  1,   0
736238,20151002,    81,  1,  45,    75, -1,   0
736238,20151002,    43, -1,  28,    48,  1,  21
736238,20151002,   173,  1,  10,    46, -1,   5
736239,20151003,   230,  1,  33,    45, -1,  18
736239,20151003,    62, -1,  49,   193,  1,  23
736239,20151003,    23, -1,  28,    27,  1,  22
736239,20151003,    13, -1,  24,   208,  1,  20
736239,20151003,   202,  1,  55,    10, -1,  17
736239,20151003,    11, -1,  38,   224,  1,  23
736239,20151003,     4, -1,  38,    76,  1,  10
736239,20151003,   168,  1,  20,    15, -1,  14
736239,20151003,    56,  1,   9,    22, -1,   7
736239,20151003,    73, -1,  51,   225,  1,  31
736239,20151003,   187,  1,  21,    71, -1,   7
736239,20151003,   112,  1,  44,    60, -1,  22
736239,20151003,   104,  1,  34,    59, -1,  27
736239,20151003,    69, -1,  24,   242,  1,  16
736239,20151003,    84, -1,  38,   220,  1,  24
736239,20151003,    21,  1,  55,    82, -1,   0
736239,20151003,    14,  1,  49,    87, -1,  35
736239,20151003,    94, -1,  10,   248,  1,   6
736239,20151003,   163,  1,  36,   101, -1,  34
736239,20151003,    95,  1,  38,   100, -1,  13
736239,20151003,   111, -1,  20,   144,  1,  13
736239,20151003,   103,  1,  20,   122, -1,  14
736239,20151003,   123, -1,  28,   116,  1,   0
736239,20151003,    89,  1,  14,   145, -1,  13
736239,20151003,   226, -1,  23,   146,  1,  17
736239,20151003,   212,  1,  30,   127, -1,  17
736239,20151003,   157,  1,  27,   125, -1,   0
736239,20151003,    66,  1,  38,   126, -1,  10
736239,20151003,   148,  1,  38,   149, -1,  29
736239,20151003,   152, -1,  38,    78,  1,  31
736239,20151003,    30,  1,  29,   140, -1,  19
736239,20151003,   198,  1,  49,   154, -1,  14
736239,20151003,    41,  1,  24,   159, -1,  22
736239,20151003,   161, -1,  34,    92,  1,  27
736239,20151003,   160, -1,  14,     3,  1,  12
736239,20151003,   165, -1,  41,    44,  1,  24
736239,20151003,   128,  1,  24,   195, -1,  10
736239,20151003,    16,  1,  35,   188, -1,  21
736239,20151003,   169, -1,  17,   236,  1,  13
736239,20151003,   124,  1,  24,   174, -1,  21
736239,20151003,   110,  1,  43,   109, -1,  14
736239,20151003,   206,  1,  50,   211, -1,   7
736239,20151003,   115,  1,  27,   164, -1,   7
736239,20151003,   194, -1,  24,   218,  1,  18
736239,20151003,   117,  1,  24,    68, -1,  14
736239,20151003,   228, -1,  25,   231,  1,   6
736239,20151003,   233, -1,  17,   136,  1,  13
736239,20151003,    19,  0,  63,   214,  0,  35
736239,20151003,   216, -1,  24,    18,  1,  10
736239,20151003,   219,  1,  45,   223, -1,  31
736239,20151003,     9,  1,  31,   251, -1,  13
736239,20151003,   108, -1,  41,    77,  1,  33
736239,20151003,   162,  1,  44,   246, -1,  24
736239,20151003,   249, -1,  49,   176,  1,  10
736239,20151003,    32,  1,  34,   244, -1,  28
736239,20151003,   141,  1,  33,     2, -1,  11
736239,20151003,   232, -1,  42,    51,  1,  35
736239,20151003,   139, -1,  28,   181,  1,   7
736239,20151003,   147,  1,  37,    63, -1,  14
736239,20151003,    99,  1,  38,   204, -1,  20
736239,20151003,    57,  1,  27,    35, -1,  10
736239,20151003,    42,  1,  55,     5, -1,   0
736239,20151003,   178, -1,   9,   241,  1,   6
736239,20151003,   201, -1,  58,    64,  1,   9
736239,20151003,   186,  1,  30,   114, -1,  27
736239,20151003,   215, -1,  31,   210,  1,  17
736239,20151003,    72,  1,  17,   180, -1,   3
736239,20151003,   134, -1,  26,    54,  1,   6
736239,20151003,   253, -1,  31,   196,  1,   3
736239,20151003,   250, -1,  34,   120,  1,  33
736239,20151003,    53,  1,  24,   247, -1,  23
736239,20151003,   252, -1,  27,   107,  1,  12
736239,20151003,     8,  0,  61,    12,  0,  14
736239,20151003,    26, -1,  28,   237,  1,  22
736239,20151003,    20, -1,  28,   143,  1,  26
736239,20151003,    50, -1,  41,   167,  1,  20
736239,20151003,   189,  1,  37,    67, -1,  27
736239,20151003,    58, -1,  40,    17,  1,  16
736239,20151003,   177,  1,  48,   113, -1,  17
736239,20151003,   131, -1,  27,   222,  1,  13
736239,20151003,   155,  1,  49,   132, -1,  41
736239,20151003,    97,  1,  30,   133, -1,  26
736239,20151003,    31,  1,  58,    88, -1,  26
736239,20151003,    93, -1,  56,   129,  1,  28
736239,20151003,    90,  1,  21,   156, -1,  13
736239,20151003,    24,  1,  41,   175, -1,  31
736239,20151003,   151, -1,  15,    86,  1,  12
736239,20151003,   138, -1,  27,    49,  1,  20
736239,20151003,    83,  1,  37,     7, -1,   0
736239,20151003,   130,  1,  31,    25, -1,  24
736239,20151003,   238,  1,  33,   172, -1,  21
736239,20151003,   153,  0,  19,   170,  0,  17
736239,20151003,    34,  1,  42,     1, -1,  14
736239,20151003,   142, -1,  45,    80,  1,  31
736239,20151003,    52, -1,  27,   203,  1,  14
736239,20151003,    98,  1,  49,   135, -1,   7
736239,20151003,   118, -1,  37,   150,  1,   7
736239,20151003,   184,  0,  34,   192,  0,  28
736239,20151003,   239,  1,  37,   182, -1,  36
736239,20151003,    70, -1,  35,   105,  1,   7
736239,20151003,    33,  1,  24,    55, -1,  14
736239,20151003,   191,  1,  27,   137, -1,  10
736239,20151003,    91,  1,  45,   158, -1,  31
736239,20151003,    79, -1,  59,    96,  1,  27
736244,20151008,    84,  1,  49,   193, -1,  28
736244,20151008,   243, -1,  17,   227,  1,  12
736244,20151008,    20,  1,  17,   180, -1,  14
736244,20151008,    59,  0,  48,   210,  0,  17
736245,20151009,   236,  1,  28,   144, -1,  13
736245,20151009,   115,  1,  31,   198, -1,  10
736246,20151010,   126,  1,  52,   149, -1,   3
736246,20151010,   146,  1,  35,   148, -1,  17
736246,20151010,   220,  1,  34,   225, -1,  24
736246,20151010,   123,  1,  38,   157, -1,   0
736246,20151010,   159,  1,  41,   141, -1,  24
736246,20151010,   160,  1,  34,   122, -1,   3
736246,20151010,    69,  1,  29,   121, -1,  24
736246,20151010,   124, -1,  31,   179,  1,  24
736246,20151010,   125, -1,  41,   174,  1,  13
736246,20151010,   249,  1,  58,   136, -1,  28
736246,20151010,   109,  1,  49,   213, -1,  27
736246,20151010,   197,  1,  45,   205, -1,  24
736246,20151010,   206, -1,  52,   101,  1,  45
736246,20151010,   176, -1,  27,    65,  1,  26
736246,20151010,   188, -1,  33,   226,  1,  27
736246,20151010,   187, -1,  28,    82,  1,  14
736246,20151010,   163, -1,  33,   246,  1,  26
736246,20151010,   211,  0,  24,   162,  0,  17
736246,20151010,    10,  1,  44,   166, -1,   7
736246,20151010,     3, -1,  47,    60,  1,  21
736246,20151010,     9, -1,  37,    77,  1,   3
736246,20151010,     4,  1,  27,    13, -1,  14
736246,20151010,    21, -1,  41,    45,  1,  10
736246,20151010,    19, -1,  66,   100,  1,   7
736246,20151010,   140,  1,  59,    18, -1,  41
736246,20151010,   229,  1,  30,    32, -1,  24
736246,20151010,   240,  1,  41,    30, -1,  39
736246,20151010,    29,  1,  45,    62, -1,  38
736246,20151010,    56, -1,  44,    15,  1,   3
736246,20151010,    47, -1,  40,   223,  1,  13
736246,20151010,    11,  1,  48,    44, -1,  23
736246,20151010,   110, -1,  34,   228,  1,  31
736246,20151010,   161,  1,  49,   116, -1,  28
736246,20151010,    23,  1,  62,   117, -1,  38
736246,20151010,   112,  1,  45,   195, -1,  24
736246,20151010,   216,  1,  38,   103, -1,   7
736246,20151010,   214,  1,  66,    95, -1,  31
736246,20151010,   168,  1,  29,    92, -1,   7
736246,20151010,    94,  1,  29,    89, -1,  20
736246,20151010,    41,  1,  43,    78, -1,  24
736246,20151010,    66, -1,  21,   128,  1,   3
736246,20151010,   208,  1,  38,    76, -1,  31
736246,20151010,   242, -1,   3,    22,  1,   0
736246,20151010,   169,  1,  26,   235, -1,  19
736246,20151010,   230, -1,  56,    71,  1,  14
736246,20151010,    68,  1,  52,   231, -1,  12
736246,20151010,   207,  1,  49,   219, -1,  10
736246,20151010,   244, -1,  45,   165,  1,  38
736246,20151010,   127,  1,  45,   218, -1,  17
736246,20151010,   248, -1,  23,   145,  1,  21
736246,20151010,     2,  1,  31,   251, -1,  17
736246,20151010,   170, -1,  66,   154,  1,   7
736246,20151010,    81, -1,  40,    48,  1,   3
736246,20151010,    38,  1,  31,    72, -1,   3
736246,20151010,    61,  1,  42,    31, -1,  41
736246,20151010,   175,  1,  20,    53, -1,   0
736246,20151010,   173,  1,  44,    43, -1,  20
736246,20151010,    24, -1,  25,    83,  1,  24
736246,20151010,   137,  1,  34,    17, -1,  18
736246,20151010,   222,  1,  38,   155, -1,  24
736246,20151010,   139,  1,  31,   156, -1,  28
736246,20151010,   113, -1,  39,     7,  1,   7
736246,20151010,   171,  1,  45,   135, -1,   6
736246,20151010,   181,  1,  24,    93, -1,   7
736246,20151010,    88, -1,  37,   153,  1,  31
736246,20151010,    99, -1,  51,   217,  1,  30
736246,20151010,   107, -1,  21,    26,  1,  10
736246,20151010,    75,  1,  38,   105, -1,   7
736246,20151010,   114, -1,  13,    33,  1,  10
736246,20151010,    79,  1,  37,     5, -1,  14
736246,20151010,    46,  1,  26,   241, -1,   3
736246,20151010,    52,  1,  13,   186, -1,  12
736246,20151010,   177,  1,  27,    63, -1,  14
736246,20151010,   134,  1,  42,   189, -1,   3
736246,20151010,   143, -1,  27,    67,  1,  24
736246,20151010,    36,  1,  37,   130, -1,   7
736246,20151010,   132,  1,  35,    49, -1,  13
736246,20151010,    55,  1,  34,   232, -1,   7
736246,20151010,   133,  1,  34,    28, -1,  21
736246,20151010,    74,  1,  34,   108, -1,  20
736246,20151010,    70, -1,  48,   167,  1,  45
736246,20151010,   185, -1,  49,   237,  1,  13
736246,20151010,    58,  1,  33,   191, -1,  28
736246,20151010,    50,  1,  35,   252, -1,   3
736246,20151010,   247, -1,  38,   234,  1,  16
736246,20151010,    40,  1,  39,   250, -1,  12
736246,20151010,   199, -1,  45,     6,  1,  34
736246,20151010,   182,  1,  73,   129, -1,  26
736246,20151010,   215,  1,  28,   209, -1,  14
736246,20151010,   245, -1,  24,   131,  1,  21
736246,20151010,    97,  1,  41,   203, -1,  14
736246,20151010,   106,  1,  44,     1, -1,  28
736246,20151010,   238,  1,  24,   120, -1,  21
736246,20151010,   184,  1,  59,    91, -1,   7
736246,20151010,    42,  1,  24,   172, -1,  17
736246,20151010,    35,  1,  35,    25, -1,  33
736246,20151010,    34, -1,  43,    85,  1,   7
736246,20151010,   118,  1,  21,   190, -1,   7
736246,20151010,   183, -1,  26,   178,  1,  13
736246,20151010,   142, -1,  27,   151,  1,   3
736246,20151010,    80,  1,  21,    54, -1,   7
736246,20151010,   192,  1,  28,   150, -1,  24
736246,20151010,   239,  1,  40,   196, -1,  21
736246,20151010,    90, -1,  31,   253,  1,  29
736249,20151013,    14, -1,  49,   194,  1,  31
736251,20151015,    16, -1,  30,   104,  1,  27
736251,20151015,   202,  1,  56,   224, -1,  35
736251,20151015,   249, -1,  55,   154,  1,  28
736251,20151015,     6, -1,  31,    12,  1,  24
736252,20151016,    84, -1,  42,   219,  1,   7
736252,20151016,   230,  1,  52,    21, -1,  26
736252,20151016,    29,  1,  38,    39, -1,  24
736252,20151016,    71,  1,  31,   226, -1,  28
736253,20151017,   148,  1,  28,    82, -1,  27
736253,20151017,    87, -1,  19,   218,  1,  16
736253,20151017,   112,  1,  35,    66, -1,  28
736253,20151017,   216,  1,  63,    60, -1,  20
736253,20151017,    94, -1,  40,   157,  1,  10
736253,20151017,   103, -1,  15,   117,  1,  10
736253,20151017,   115, -1,  33,    65,  1,  17
736253,20151017,   127,  1,  45,   110, -1,  20
736253,20151017,    69,  1,  41,   111, -1,  21
736253,20151017,    41,  1,  34,    22, -1,  17
736253,20151017,   229,  1,  34,    11, -1,  18
736253,20151017,    10, -1,  38,    44,  1,  31
736253,20151017,     9, -1,  59,   225,  1,  14
736253,20151017,     4, -1,  41,   212,  1,  23
736253,20151017,    23,  1,  59,     3, -1,  10
736253,20151017,    45,  1,  38,     2, -1,  23
736253,20151017,    15,  1,  21,    26, -1,  14
736253,20151017,   161,  1,  38,   168, -1,  10
736253,20151017,   165, -1,  26,   243,  1,  20
736253,20151017,   244,  1,  52,   166, -1,  31
736253,20151017,   162, -1,  55,   101,  1,   0
736253,20151017,   187, -1,  30,   188,  1,   7
736253,20151017,   169, -1,  31,    78,  1,  28
736253,20151017,   179, -1,  55,    92,  1,  52
736253,20151017,   248,  1,  24,   174, -1,   7
736253,20151017,   206, -1,  45,    95,  1,  21
736253,20151017,   235,  1,  44,   205, -1,  38
736253,20151017,   159,  1,  41,   227, -1,  31
736253,20151017,   124, -1,  27,   123,  1,  23
736253,20151017,   145, -1,  48,   125,  1,  25
736253,20151017,   119,  1,  37,   126, -1,  24
736253,20151017,    76,  1,   9,   128, -1,   6
736253,20151017,   140, -1,  45,   122,  1,  12
736253,20151017,   251,  1,  28,   146, -1,  21
736253,20151017,    73,  1,  56,   149, -1,  26
736253,20151017,    62,  1,  30,   220, -1,  17
736253,20151017,   214, -1,  30,   100,  1,  20
736253,20151017,   195,  1,  19,   233, -1,  10
736253,20151017,   152,  1,  50,   242, -1,  14
736253,20151017,   121,  1,  30,   236, -1,  20
736253,20151017,   207,  1,  30,   223, -1,  16
736253,20151017,    30,  1,  51,    27, -1,  14
736253,20151017,    19,  1,  62,   246, -1,  38
736253,20151017,   240, -1,  49,   160,  1,  14
736253,20151017,   197, -1,  28,    47,  1,  20
736253,20151017,   136,  1,  42,    68, -1,  34
736253,20151017,    77, -1,  31,    18,  1,  19
736253,20151017,   198,  1,  32,   228, -1,  10
736253,20151017,   164,  1,  37,    37, -1,  34
736253,20151017,    90, -1,  38,   129,  1,   2
736253,20151017,    99, -1,  51,    63,  1,   0
736253,20151017,   170,  1,  59,   132, -1,  42
736253,20151017,   118, -1,  28,    34,  1,  13
736253,20151017,    80, -1,  20,   134,  1,  10
736253,20151017,   247,  1,  34,   147, -1,  18
736253,20151017,   167, -1,  42,    46,  1,   7
736253,20151017,   171, -1,  47,   199,  1,  42
736253,20151017,    24,  1,  38,   173, -1,  31
736253,20151017,    67,  1,  41,    54, -1,  13
736253,20151017,    61, -1,  45,    88,  1,  28
736253,20151017,   120,  1,  52,    64, -1,   0
736253,20151017,    58, -1,  25,   209,  1,  22
736253,20151017,    79, -1,  35,     8,  1,  34
736253,20151017,    70,  1,  47,    83, -1,  41
736253,20151017,   180,  1,  49,    86, -1,  10
736253,20151017,   102,  1,  12,    74, -1,   7
736253,20151017,    43, -1,  17,    75,  1,  13
736253,20151017,    40, -1,  44,   185,  1,  25
736253,20151017,    50, -1,  34,    35,  1,   7
736253,20151017,   183,  1,  31,    48, -1,   6
736253,20151017,    28,  1,  38,    51, -1,   7
736253,20151017,    38, -1,  33,   237,  1,  27
736253,20151017,   192, -1,  28,   190,  1,  27
736253,20151017,   238, -1,  24,   250,  1,  17
736253,20151017,   221, -1,  49,   135,  1,  21
736253,20151017,   177, -1,  37,   175,  1,  12
736253,20151017,   184, -1,  49,     1,  1,  21
736253,20151017,    93,  1,  39,   182, -1,  36
736253,20151017,   239, -1,  24,   156,  1,  19
736253,20151017,   252, -1,  21,   113,  1,  10
736253,20151017,   130,  1,  20,   108, -1,  17
736253,20151017,   234, -1,  37,     7,  1,   0
736253,20151017,   217, -1,  21,   204,  1,  14
736253,20151017,   143, -1,  39,   189,  1,  22
736253,20151017,   200,  1,  44,    49, -1,   0
736253,20151017,   201,  1,  43,   241, -1,  14
736253,20151017,    98, -1,  42,   210,  1,  13
736253,20151017,   215, -1,  44,    17,  1,  14
736253,20151017,    52, -1,  44,   232,  1,  14
736253,20151017,   186,  1,  27,    55, -1,   0
736253,20151017,   196, -1,  24,   139,  1,  21
736253,20151017,   245,  1,  25,   153, -1,  24
736253,20151017,   138,  1,  56,   222, -1,  27
736253,20151017,    36, -1,  10,   172,  1,   7
736253,20151017,    33, -1,  16,   203,  1,   6
736253,20151017,    25,  1,  38,    57, -1,  17
736253,20151017,   142,  1,  24,    20, -1,  14
736253,20151017,    59, -1,  27,   191,  1,  10
736253,20151017,     5,  1,  28,    96, -1,  22
736253,20151017,    81, -1,  42,   105,  1,   0
736253,20151017,   181, -1,  38,   253,  1,   8
736253,20151017,   150,  1,  38,    85, -1,  17
736253,20151017,   158,  1,  48,   106, -1,  35
736256,20151020,    14,  1,  37,   109, -1,  27
736258,20151022,   207, -1,  24,    62,  1,  14
736258,20151022,   224,  1,  40,    32, -1,  24
736258,20151022,     9,  1,  31,    73, -1,  13
736259,20151023,   119, -1,  66,   220,  1,  42
736259,20151023,   187,  1,  48,   230, -1,  14
736259,20151023,   167,  1,  34,   252, -1,  20
736260,20151024,   127,  1,  42,   104, -1,  16
736260,20151024,    19,  1,  45,    95, -1,  27
736260,20151024,   211,  1,  23,   101, -1,   9
736260,20151024,   163,  1,  58,   100, -1,  10
736260,20151024,     2,  1,  42,    71, -1,  14
736260,20151024,   140,  1,  49,    60, -1,  21
736260,20151024,    78,  1,  22,    69, -1,  16
736260,20151024,    84, -1,  59,   223,  1,  10
736260,20151024,   124,  1,  52,    92, -1,  26
736260,20151024,   146,  1,  30,    82, -1,  20
736260,20151024,    23, -1,  48,   103,  1,   0
736260,20151024,    30, -1,  23,    18,  1,  21
736260,20151024,    41, -1,  58,   121,  1,   0
736260,20151024,    44, -1,  17,   166,  1,  13
736260,20151024,    39,  1,  37,    47, -1,  13
736260,20151024,    56, -1,  45,   236,  1,  43
736260,20151024,   111,  1,  17,    22, -1,  14
736260,20151024,    13,  1,  54,    16, -1,  46
736260,20151024,   176,  1,  38,    15, -1,  31
736260,20151024,     4,  1,  19,   208, -1,  14
736260,20151024,   126,  1,  23,   212, -1,   3
736260,20151024,   197,  1,  38,   193, -1,  14
736260,20151024,   198, -1,  44,    37,  1,  10
736260,20151024,   169, -1,  23,   205,  1,  20
736260,20151024,   168, -1,  31,   116,  1,  30
736260,20151024,   188,  1,  31,   148, -1,  21
736260,20151024,   144, -1,  35,   242,  1,  17
736260,20151024,   115,  1,  30,   154, -1,  13
736260,20151024,   157, -1,  30,   145,  1,  28
736260,20151024,    27,  1,  41,   160, -1,  17
736260,20151024,   161, -1,  49,   179,  1,   7
736260,20151024,   233,  1,  10,   128, -1,   3
736260,20151024,   110,  1,  45,   136, -1,  16
736260,20151024,   240,  1,  35,   122, -1,  13
736260,20151024,    68,  1,  41,   164, -1,  12
736260,20151024,   213,  1,  36,   194, -1,  18
736260,20151024,   231,  1,  27,    65, -1,  17
736260,20151024,   112,  1,  48,   249, -1,  20
736260,20151024,   218, -1,  52,   149,  1,   7
736260,20151024,    29,  1,  70,   241, -1,   6
736260,20151024,    21,  1,  34,   251, -1,  14
736260,20151024,   248, -1,  24,    89,  1,  13
736260,20151024,   202,  1,  31,   243, -1,  14
736260,20151024,   244, -1,  45,    10,  1,  42
736260,20151024,   227,  1,  42,   229, -1,  24
736260,20151024,   152,  1,  26,   235, -1,  13
736260,20151024,   162,  1,  63,   214, -1,  27
736260,20151024,   216, -1,  51,   117,  1,  35
736260,20151024,   141,  1,  31,   219, -1,  14
736260,20151024,    87,  1,  27,   225, -1,  13
736260,20151024,   108,  1,  45,   102, -1,  35
736260,20151024,   131,  1,  42,   153, -1,  16
736260,20151024,    36, -1,  34,    74,  1,   0
736260,20151024,    55,  1,  28,    97, -1,  24
736260,20151024,   190, -1,  22,    85,  1,   7
736260,20151024,    34, -1,  35,   106,  1,  17
736260,20151024,    42, -1,  23,   130,  1,  20
736260,20151024,   132,  1,  63,    64, -1,   7
736260,20151024,    61, -1,  43,   138,  1,  41
736260,20151024,    24, -1,  44,    48,  1,  24
736260,20151024,    40, -1,  38,    72,  1,  17
736260,20151024,    50,  1,  13,    46, -1,   9
736260,20151024,    83,  1,  42,   105, -1,   0
736260,20151024,    70,  1,  59,   107, -1,  42
736260,20151024,    49,  1,  38,    88, -1,  13
736260,20151024,   247,  1,  40,    80, -1,   7
736260,20151024,    81,  1,  42,   173, -1,   7
736260,20151024,   177, -1,  59,    99,  1,  49
736260,20151024,   118,  1,  47,   158, -1,  27
736260,20151024,   133, -1,  31,    33,  1,  27
736260,20151024,   215,  1,  52,   137, -1,  45
736260,20151024,    53,  1,  31,   147, -1,  14
736260,20151024,   184,  1,  37,   150, -1,   7
736260,20151024,   156, -1,  10,   181,  1,   7
736260,20151024,   114, -1,  31,    51,  1,  10
736260,20151024,    98, -1,  27,    17,  1,   7
736260,20151024,    35, -1,  26,   183,  1,  10
736260,20151024,   170, -1,  38,    31,  1,  35
736260,20151024,   139, -1,  28,    93,  1,  14
736260,20151024,    52,  1,  27,    28, -1,  24
736260,20151024,   200, -1,  34,   222,  1,   6
736260,20151024,   113,  1,  23,   204, -1,  10
736260,20151024,   238,  1,  56,   185, -1,  36
736260,20151024,   217,  1,  28,   234, -1,  21
736260,20151024,   182,  1,  38,   253, -1,  31
736260,20151024,    90,  1,  48,   239, -1,  28
736260,20151024,   180, -1,  34,    54,  1,   7
736260,20151024,   196,  1,  40,   129, -1,  10
736260,20151024,    38, -1,  20,   250,  1,  17
736260,20151024,   199, -1,  40,   221,  1,  21
736260,20151024,   237, -1,  28,   120,  1,  21
736260,20151024,   155,  1,  52,   245, -1,  36
736260,20151024,    58,  1,  51,   210, -1,  20
736260,20151024,    75, -1,  17,    26,  1,   9
736260,20151024,    25,  1,  26,   201, -1,  24
736260,20151024,   142,  1,  65,    86, -1,  14
736260,20151024,   143,  1,  20,   134, -1,  17
736260,20151024,   203, -1,  37,   232,  1,  14
736260,20151024,    59,  1,  45,   209, -1,  21
736260,20151024,    96,  1,  37,    12, -1,   3
736260,20151024,    20,  1,  59,   151, -1,  49
736260,20151024,    57, -1,  16,   178,  1,   7
736260,20151024,    79,  1,  49,   135, -1,  14
736261,20151025,    91,  1,  25,     1, -1,  20
736265,20151029,   152, -1,  26,   169,  1,  19
736265,20151029,   165, -1,  61,    11,  1,  55
736265,20151029,    73,  1,  37,   213, -1,  13
736265,20151029,    27, -1,  29,   122,  1,  24
736265,20151029,   206,  1,  40,   246, -1,  10
736265,20151029,   240, -1,  58,    60,  1,  28
736266,20151030,    47,  1,  31,    62, -1,  13
736266,20151030,   111, -1,  20,   242,  1,  19
736266,20151030,   110, -1,  42,   176,  1,  17
736266,20151030,   230,  1,  58,   251, -1,  27
736266,20151030,    81,  1,  14,    50, -1,  13
736267,20151031,   115, -1,  34,    37,  1,  10
736267,20151031,    18,  1,  20,   117, -1,  10
736267,20151031,    94,  1,  31,   116, -1,  15
736267,20151031,   235,  1,  27,    78, -1,  21
736267,20151031,   168,  1,  39,    89, -1,   0
736267,20151031,   149,  1,  55,    87, -1,  48
736267,20151031,    66,  0,  27,    76,  0,   3
736267,20151031,   224,  1,  35,    44, -1,  31
736267,20151031,    41, -1,  56,   144,  1,  41
736267,20151031,    30, -1,  14,     3,  1,   6
736267,20151031,    21, -1,  55,   226,  1,  27
736267,20151031,     2, -1,  58,    82,  1,   7
736267,20151031,   243,  1,  49,    10, -1,   3
736267,20151031,   212,  1,  35,   195, -1,  28
736267,20151031,   227, -1,  27,    32,  1,  21
736267,20151031,    95,  1,  24,   211, -1,   0
736267,20151031,   208, -1,  52,   104,  1,  21
736267,20151031,   202, -1,  30,   244,  1,  28
736267,20151031,    69,  1,  45,   205, -1,  21
736267,20151031,   163, -1,  70,   214,  1,  53
736267,20151031,   162, -1,  62,   100,  1,   7
736267,20151031,   229,  1,  27,   166, -1,  12
736267,20151031,   248,  1,  48,   179, -1,  10
736267,20151031,   187, -1,  41,    45,  1,  17
736267,20151031,   109,  1,  30,   225, -1,  24
736267,20151031,   159, -1,  24,   207,  1,  20
736267,20151031,   123, -1,  29,   125,  1,  26
736267,20151031,   121, -1,  30,    56,  1,  27
736267,20151031,   126, -1,  27,    16,  1,  19
736267,20151031,   174,  1,  55,   145, -1,  45
736267,20151031,   249, -1,  55,   164,  1,  30
736267,20151031,     9,  1,  44,   218, -1,  41
736267,20151031,    39,  1,  52,   223, -1,   7
736267,20151031,    13,  1,  63,   215, -1,  28
736267,20151031,   119,  1,  41,   219, -1,  13
736267,20151031,   220, -1,  40,   193,  1,  31
736267,20151031,   198,  1,  34,   231, -1,  13
736267,20151031,    84,  1,  34,   233, -1,   0
736267,20151031,   236, -1,  26,    22,  1,  10
736267,20151031,    14,  1,  48,    77, -1,  34
736267,20151031,    65,  1,  31,    68, -1,  17
736267,20151031,   154,  1,  30,   228, -1,  23
736267,20151031,   141,  1,  29,   197, -1,  17
736267,20151031,    35,  1,  34,   178, -1,   0
736267,20151031,   133,  1,  38,    55, -1,  35
736267,20151031,   171,  1,  54,    12, -1,  29
736267,20151031,     6,  0,  35,     5,  0,  20
736267,20151031,    57,  1,  35,   241, -1,  17
736267,20151031,   107,  1,  33,    75, -1,  28
736267,20151031,    63, -1,  21,   204,  1,   7
736267,20151031,    86,  1,  55,   189, -1,   9
736267,20151031,   201,  1,  23,   183, -1,  14
736267,20151031,   114,  1,  35,    28, -1,  14
736267,20151031,   102,  1,  23,   130, -1,  13
736267,20151031,   139, -1,  35,   182,  1,  29
736267,20151031,    38,  1,  41,   238, -1,  13
736267,20151031,    61,  1,  14,   245, -1,  13
736267,20151031,   250, -1,  41,   237,  1,  20
736267,20151031,    43,  1,  31,    70, -1,  29
736267,20151031,   167, -1,  48,    24,  1,  28
736267,20151031,   147,  1,  20,   175, -1,  17
736267,20151031,   142, -1,  28,    67,  1,  10
736267,20151031,   234,  1,  13,   113, -1,   3
736267,20151031,   118, -1,  15,     1,  1,  13
736267,20151031,   153,  1,  44,   132, -1,  38
736267,20151031,   170,  1,  35,   131, -1,  16
736267,20151031,    90,  1,  27,    93, -1,  24
736267,20151031,   180,  1,  34,    80, -1,  20
736267,20151031,   247,  1,  44,    99, -1,  41
736267,20151031,   200,  1,  54,    31, -1,  37
736267,20151031,    72, -1,  20,   185,  1,  17
736267,20151031,   217,  1,  19,    53, -1,   0
736267,20151031,    58, -1,  34,   137,  1,  20
736267,20151031,    46, -1,  17,   252,  1,   7
736267,20151031,   173,  1,  47,    48, -1,  21
736267,20151031,    20, -1,  49,    54,  1,  21
736267,20151031,    74, -1,  14,   172,  1,  10
736267,20151031,     8, -1,  48,   199,  1,   7
736267,20151031,   209,  1,  20,    17, -1,   6
736267,20151031,   106, -1,  55,    85,  1,   7
736267,20151031,    36,  1,  33,    42, -1,  25
736267,20151031,    34,  1,  21,   190, -1,  16
736267,20151031,   177,  1,  38,     7, -1,  31
736267,20151031,   155,  1,  63,   138, -1,  21
736267,20151031,    52,  1,  31,    97, -1,  14
736267,20151031,    83,  1,  34,    25, -1,  33
736267,20151031,    40,  1,  21,   120, -1,  19
736267,20151031,   156,  1,  20,   196, -1,   7
736267,20151031,   181, -1,  39,   129,  1,   0
736267,20151031,    33, -1,  39,    51,  1,   9
736267,20151031,    26, -1,  35,   105,  1,  24
736267,20151031,   186, -1,  47,   203,  1,  16
736267,20151031,   253, -1,  23,   239,  1,  21
736267,20151031,   191,  1,  38,   210, -1,  17
736267,20151031,    98,  1,  34,    59, -1,   0
736267,20151031,   143,  1,  24,   151, -1,  16
736267,20151031,   158, -1,  37,   150,  1,  21
736267,20151031,   192,  1,  55,    91, -1,  21
736267,20151031,    96, -1,  26,   135,  1,  16
736270,20151103,   140, -1,  32,   216,  1,  27
736271,20151104,    23,  1,  62,   160, -1,  24
736272,20151105,   127, -1,  31,   128,  1,  13
736272,20151105,    14, -1,  40,     9,  1,  27
736272,20151105,    19, -1,  31,   101,  1,  24
736272,20151105,   240,  1,  54,    18, -1,   7
736272,20151105,    27, -1,  18,   103,  1,  17
736272,20151105,   146, -1,  30,    71,  1,  16
736273,20151106,   207, -1,  60,   193,  1,  40
736273,20151106,   231,  1,  24,   176, -1,  21
736273,20151106,    29, -1,  17,   188,  1,  16
736273,20151106,    50,  1,  21,    48, -1,   3
736274,20151107,   163,  1,  49,   206, -1,  29
736274,20151107,   111,  1,  41,   205, -1,  17
736274,20151107,   202, -1,  42,    44,  1,  10
736274,20151107,   208,  1,  27,   195, -1,  24
736274,20151107,   109, -1,  23,    77,  1,  21
736274,20151107,   123,  1,  49,   179, -1,  16
736274,20151107,   157,  1,  23,   168, -1,  21
736274,20151107,   141, -1,  45,   119,  1,  20
736274,20151107,   145,  1,  39,   124, -1,  38
736274,20151107,   161,  1,  28,   125, -1,  14
736274,20151107,   159, -1,  42,   169,  1,  30
736274,20151107,   218,  1,  51,   225, -1,  14
736274,20151107,   144, -1,  24,    22,  1,   8
736274,20151107,   110,  1,  56,   154, -1,  13
736274,20151107,   149, -1,  31,   213,  1,  21
736274,20151107,     2,  1,  20,    15, -1,   3
736274,20151107,    16, -1,  26,   212,  1,  10
736274,20151107,    13, -1,  53,   126,  1,  52
736274,20151107,   227,  1,  38,    10, -1,  30
736274,20151107,   244,  1,  38,    11, -1,  24
736274,20151107,     3, -1,  17,   117,  1,  13
736274,20151107,    84,  1,  33,    39, -1,  30
736274,20151107,   165,  1,  44,    32, -1,  28
736274,20151107,    45, -1,  26,   251,  1,   7
736274,20151107,    47, -1,   7,   219,  1,   3
736274,20151107,   152,  1,  66,    56, -1,  31
736274,20151107,    41,  1,  23,    69, -1,  13
736274,20151107,   122,  1,  28,    60, -1,  13
736274,20151107,   194,  1,  52,    87, -1,  45
736274,20151107,    89, -1,  48,   174,  1,  14
736274,20151107,   226,  1,  41,    82, -1,  21
736274,20151107,   136,  1,  27,   115, -1,  24
736274,20151107,     4,  1,  30,   112, -1,  16
736274,20151107,   211,  1,  59,   100, -1,  20
736274,20151107,   162,  1,  52,    95, -1,  16
736274,20151107,    94, -1,  35,    92,  1,  27
736274,20151107,    76,  1,  27,   104, -1,   3
736274,20151107,   220,  1,  45,   223, -1,  30
736274,20151107,   148,  1,  14,   230, -1,  13
736274,20151107,   121,  1,  27,   235, -1,  21
736274,20151107,    66,  1,   9,   233, -1,   7
736274,20151107,   246,  1,  31,   214, -1,  26
736274,20151107,   224, -1,  41,   166,  1,   0
736274,20151107,   229, -1,  34,   243,  1,  23
736274,20151107,   248, -1,  31,   116,  1,  24
736274,20151107,   197, -1,  22,    62,  1,  17
736274,20151107,   249,  1,  35,    65, -1,  19
736274,20151107,   164, -1,  36,   228,  1,  31
736274,20151107,    68,  1,  48,    37, -1,  31
736274,20151107,   156,  1,  59,    93, -1,  13
736274,20151107,   181,  1,  25,    90, -1,  20
736274,20151107,   131, -1,  33,    88,  1,  27
736274,20151107,   135, -1,  27,     5,  1,  24
736274,20151107,   167,  1,  26,   173, -1,  23
736274,20151107,   171, -1,  40,     8,  1,  34
736274,20151107,   142, -1,   9,   180,  1,   6
736274,20151107,   155, -1,  52,    61,  1,  30
736274,20151107,   137, -1,  46,   209,  1,  43
736274,20151107,   150, -1,  30,   106,  1,  28
736274,20151107,   238,  1,  48,    72, -1,  10
736274,20151107,   204,  1,  14,    86, -1,   9
736274,20151107,   107,  1,  51,    83, -1,  38
736274,20151107,    81, -1,  24,    46,  1,  16
736274,20151107,   252,  1,  41,    24, -1,  14
736274,20151107,    42,  1,  46,    74, -1,   0
736274,20151107,    97,  1,  42,    51, -1,  12
736274,20151107,    34,  1,  36,   192, -1,  24
736274,20151107,    79,  1,  41,   221, -1,  15
736274,20151107,    40,  1,  35,   237, -1,  14
736274,20151107,   199, -1,  57,    12,  1,  24
736274,20151107,   196,  1,  34,   182, -1,  31
736274,20151107,   120,  1,  17,    38, -1,  14
736274,20151107,   147,  1,  30,   177, -1,  25
736274,20151107,   118,  1,  27,   184, -1,  10
736274,20151107,   139,  1,  59,   239, -1,   7
736274,20151107,   247, -1,  34,    63,  1,  13
736274,20151107,   217, -1,  10,   113,  1,   7
736274,20151107,   234, -1,  24,   175,  1,   3
736274,20151107,   191, -1,  44,    17,  1,  15
736274,20151107,    98, -1,  24,    58,  1,   3
736274,20151107,    52, -1,  20,   133,  1,  15
736274,20151107,   201, -1,  22,    35,  1,  13
736274,20151107,    57, -1,  41,   183,  1,  14
736274,20151107,    31,  1,  36,    49, -1,  14
736274,20151107,    28,  1,  42,   232, -1,  21
736274,20151107,   200, -1,  34,   132,  1,  23
736274,20151107,   138,  1,  35,   170, -1,  32
736274,20151107,    91, -1,  16,   190,  1,   2
736274,20151107,    36, -1,  28,   102,  1,  14
736274,20151107,   245,  1,  23,   222, -1,   3
736274,20151107,    25, -1,  40,   241,  1,  10
736274,20151107,   108,  1,  21,   172, -1,  13
736274,20151107,     7, -1,  17,    53,  1,   6
736274,20151107,   114,  1,  49,   203, -1,  14
736274,20151107,   178,  1,  21,    64, -1,   9
736274,20151107,    80,  1,  33,    67, -1,   0
736274,20151107,    43, -1,  28,   105,  1,  19
736274,20151107,    70,  1,  24,    26, -1,  16
736274,20151107,   215, -1,  42,    59,  1,  35
736274,20151107,   151,  1,  20,   189, -1,  17
736274,20151107,   253,  1,  47,   129, -1,   7
736274,20151107,   143,  1,  43,    54, -1,  10
736274,20151107,   186,  1,  31,    33, -1,  27
736274,20151107,    20,  1,  38,   134, -1,  14
736274,20151107,     6, -1,  17,    96,  1,  12
736274,20151107,   158,  1,  39,     1, -1,  22
736277,20151110,   216, -1,  28,    30,  1,  23
736277,20151110,   160,  1,  27,   103, -1,   0
736278,20151111,    23, -1,  41,   240,  1,  27
736278,20151111,   140, -1,  41,    27,  1,  30
736279,20151112,   194,  1,  32,   109, -1,  25
736279,20151112,   236, -1,  23,    78,  1,  21
736280,20151113,   227, -1,  27,    44,  1,  24
736281,20151114,   198, -1,  65,   176,  1,  10
736281,20151114,   197,  1,  44,   207, -1,  23
736281,20151114,   246,  1,  38,   211, -1,  20
736281,20151114,    32,  1,  54,   166, -1,  24
736281,20151114,   169, -1,  31,    56,  1,  13
736281,20151114,   162, -1,  44,    19,  1,  34
736281,20151114,   163, -1,  35,    95,  1,  31
736281,20151114,   165, -1,  38,   202,  1,  36
736281,20151114,   157,  1,  21,   174, -1,  14
736281,20151114,   146,  1,  37,   188, -1,  34
736281,20151114,   161, -1,  28,    89,  1,   3
736281,20151114,   148, -1,  31,    21,  1,  24
736281,20151114,   208,  1,  24,   154, -1,   0
736281,20151114,    69,  1,  34,   144, -1,  17
736281,20151114,    94,  1,  40,   125, -1,  35
736281,20151114,   136, -1,  24,    65,  1,  17
736281,20151114,   152,  1,  59,   121, -1,  21
736281,20151114,    84,  1,  35,   119, -1,  34
736281,20151114,   123, -1,  48,    92,  1,  41
736281,20151114,   145, -1,  31,   179,  1,  14
736281,20151114,    45,  1,  49,   226, -1,  35
736281,20151114,   128,  0,  20,    29,  0,  16
736281,20151114,    41, -1,  37,   205,  1,  27
736281,20151114,     3, -1,  37,   122,  1,  28
736281,20151114,     4, -1,  31,   127,  1,   6
736281,20151114,     9, -1,  47,    87,  1,  20
736281,20151114,    13, -1,  31,   112,  1,  14
736281,20151114,    14, -1,  59,   225,  1,  21
736281,20151114,   214,  1,  59,   101, -1,  44
736281,20151114,   206,  1,  23,   100, -1,  17
736281,20151114,   233,  1,  21,   104, -1,  17
736281,20151114,   124,  1,  24,   116, -1,   7
736281,20151114,   117, -1,  28,    60,  1,  17
736281,20151114,    66, -1,  24,   195,  1,  14
736281,20151114,    76, -1,  20,    16,  1,  13
736281,20151114,    71, -1,  42,    82,  1,  14
736281,20151114,    73, -1,  45,   218,  1,  10
736281,20151114,   159,  1,  28,   242, -1,   7
736281,20151114,    11,  1,  27,   243, -1,  17
736281,20151114,    10,  1,  37,   229, -1,  30
736281,20151114,   111,  1,  38,   235, -1,  31
736281,20151114,   219, -1,  34,    15,  1,  31
736281,20151114,   164,  1,  31,   231, -1,  21
736281,20151114,     2,  1,  35,   230, -1,  28
736281,20151114,    39,  1,  49,   220, -1,  38
736281,20151114,   187,  1,  38,   251, -1,   3
736281,20151114,   212,  1,  41,   238, -1,  17
736281,20151114,   244, -1,  31,   224,  1,  27
736281,20151114,   228, -1,  30,    37,  1,  27
736281,20151114,   115,  1,  52,    68, -1,   0
736281,20151114,    77, -1,  41,   213,  1,  19
736281,20151114,   141,  1,  55,   193, -1,  14
736281,20151114,   181, -1,  30,   196,  1,  23
736281,20151114,   120, -1,  27,    72,  1,  20
736281,20151114,   153,  1,  45,   138, -1,  14
736281,20151114,     1,  1,  21,   190, -1,  17
736281,20151114,   130,  1,  21,   172, -1,  16
736281,20151114,    42,  1,  45,   102, -1,  13
736281,20151114,   106, -1,  28,    91,  1,  21
736281,20151114,     8, -1,  65,   221,  1,  13
736281,20151114,   210,  1,  42,    17, -1,  24
736281,20151114,    38,  1,  31,    40, -1,  23
736281,20151114,    48,  1,   3,    46, -1,   0
736281,20151114,    50, -1,  34,    24,  1,  18
736281,20151114,    74,  1,  28,    64, -1,   3
736281,20151114,   131,  1,  57,    61, -1,  16
736281,20151114,   134,  1,  21,    67, -1,   7
736281,20151114,    59, -1,  41,   137,  1,  34
736281,20151114,    58, -1,  23,   215,  1,  21
736281,20151114,    83, -1,  23,    26,  1,   7
736281,20151114,    31, -1,  55,   222,  1,  38
736281,20151114,    79, -1,  49,    12,  1,  31
736281,20151114,   147, -1,  24,     7,  1,  14
736281,20151114,   156, -1,  41,   129,  1,   0
736281,20151114,   171, -1,  38,     6,  1,  13
736281,20151114,   184,  1,  59,   158, -1,  21
736281,20151114,   167, -1,  35,    81,  1,  25
736281,20151114,   132, -1,  44,    88,  1,  20
736281,20151114,   133, -1,  36,   232,  1,  29
736281,20151114,    80, -1,  42,   189,  1,   3
736281,20151114,    90, -1,  42,   182,  1,  21
736281,20151114,    99, -1,  24,    53,  1,  21
736281,20151114,    43,  1,  49,   107, -1,  42
736281,20151114,   239, -1,  37,    93,  1,  30
736281,20151114,   252, -1,  35,   173,  1,  28
736281,20151114,   185, -1,  37,   250,  1,  27
736281,20151114,   247,  1,  31,   217, -1,  17
736281,20151114,    70, -1,  38,    75,  1,  31
736281,20151114,    36,  1,  31,   108, -1,  24
736281,20151114,   234,  1,  21,   177, -1,  20
736281,20151114,   143, -1,  41,    86,  1,   6
736281,20151114,   204, -1,  19,   175,  1,   7
736281,20151114,    63, -1,  27,   113,  1,  22
736281,20151114,   170,  1,  24,   200, -1,  23
736281,20151114,   155,  1,  49,    49, -1,  35
736281,20151114,    28,  1,  20,    55, -1,  13
736281,20151114,   201,  1,  21,   178, -1,   0
736281,20151114,    52,  1,  28,   114, -1,  21
736281,20151114,   199,  1,  46,     5, -1,   7
736281,20151114,   186, -1,  35,    51,  1,  10
736281,20151114,   241,  1,  28,    35, -1,   7
736281,20151114,   183, -1,  28,    25,  1,  19
736281,20151114,   180, -1,  17,   151,  1,  10
736281,20151114,   142,  1,  27,    54, -1,   6
736281,20151114,    97, -1,  20,    33,  1,  14
736281,20151114,    98,  1,  56,   191, -1,  28
736281,20151114,   139, -1,  27,   253,  1,  24
736281,20151114,    34, -1,  34,   150,  1,  31
736281,20151114,   192,  1,  55,    85, -1,  20
736284,20151117,   160,  1,  48,    18, -1,  31
736284,20151117,   216, -1,  44,    23,  1,  28
736285,20151118,   140,  1,  27,   240, -1,  19
736285,20151118,    30, -1,  27,   103,  1,  14
736286,20151119,    62, -1,  44,   223,  1,   7
736286,20151119,   213,  1,  16,   225, -1,   3
736286,20151119,   150, -1,  27,   190,  1,  24
736286,20151119,   108,  1,  24,    42, -1,  21
736287,20151120,   197,  1,  65,    39, -1,  27
736287,20151120,     2, -1,  37,    21,  1,  30
736287,20151120,    24, -1,  28,    46,  1,  23
736288,20151121,    40, -1,  23,   195,  1,  22
736288,20151121,   202,  1,  35,    32, -1,  22
736288,20151121,   235,  1,  42,    56, -1,  34
736288,20151121,    45, -1,  28,   148,  1,  21
736288,20151121,   244,  1,  27,    44, -1,   3
736288,20151121,    19, -1,  45,   163,  1,  35
736288,20151121,    11,  1,  52,    10, -1,  37
736288,20151121,    29,  1,  52,    71, -1,  10
736288,20151121,   121,  1,  38,    78, -1,  21
736288,20151121,    76,  1,  23,    73, -1,  17
736288,20151121,    47,  1,  20,    84, -1,  17
736288,20151121,   125,  1,  32,    89, -1,  23
736288,20151121,    92, -1,  47,   116,  1,  28
736288,20151121,    16,  1,  56,    87, -1,  34
736288,20151121,   207,  1,  31,   119, -1,  12
736288,20151121,   110, -1,  17,   231,  1,  15
736288,20151121,   169,  1,  45,   111, -1,  34
736288,20151121,   101,  1,  38,    95, -1,  35
736288,20151121,   126,  1,  38,   112, -1,  17
736288,20151121,   159,  0,  19,    22,  0,  16
736288,20151121,   157, -1,  13,   248,  1,   7
736288,20151121,   152, -1,  30,   236,  1,  27
736288,20151121,   136,  1,  41,   154, -1,   7
736288,20151121,   149, -1,  37,   109,  1,  34
736288,20151121,   141, -1,  44,   220,  1,  21
736288,20151121,   230,  1,  31,   146, -1,  27
736288,20151121,   127, -1,  51,    13,  1,  50
736288,20151121,   123, -1,  28,   168,  1,  16
736288,20151121,   124, -1,  17,   161,  1,  14
736288,20151121,   122, -1,  20,   117,  1,  13
736288,20151121,   165,  1,  48,   227, -1,  28
736288,20151121,   162,  1,  30,   206, -1,  29
736288,20151121,   212, -1,  25,   233,  1,   0
736288,20151121,   144,  1,  42,   205, -1,  29
736288,20151121,   208, -1,  19,   128,  1,   8
736288,20151121,    69,  1,  52,    38, -1,  13
736288,20151121,   188, -1,  42,    82,  1,  23
736288,20151121,   179, -1,  31,    15,  1,  21
736288,20151121,   187, -1,  52,   226,  1,  14
736288,20151121,    94,  1,  40,   174, -1,  20
736288,20151121,   228,  1,  34,   176, -1,  24
736288,20151121,   249, -1,  63,    68,  1,   7
736288,20151121,   246, -1,  49,   100,  1,   0
736288,20151121,     3,  1,  42,    27, -1,  21
736288,20151121,   193,  1,  49,   219, -1,  21
736288,20151121,   224, -1,  17,   229,  1,   9
736288,20151121,   243, -1,  52,   166,  1,   7
736288,20151121,    41,  1,  33,   242, -1,  13
736288,20151121,   198,  1,  56,   164, -1,  31
736288,20151121,    77,  1,  24,   194, -1,  10
736288,20151121,    66,  1,  20,    65, -1,  14
736288,20151121,     4,  1,  56,    36, -1,   6
736288,20151121,   104,  1,  58,    37, -1,  10
736288,20151121,   200,  1,  49,   155, -1,  41
736288,20151121,   151, -1,  17,   134,  1,  10
736288,20151121,    50,  1,  17,   173, -1,  10
736288,20151121,   217,  1,  38,   175, -1,  21
736288,20151121,   107,  1,  49,   105, -1,  35
736288,20151121,   245,  1,  35,    88, -1,  14
736288,20151121,   147,  1,  22,   113, -1,   6
736288,20151121,   118, -1,  20,   106,  1,  14
736288,20151121,   133, -1,  20,   114,  1,  17
736288,20151121,   131, -1,  54,   132,  1,  35
736288,20151121,    58,  1,  21,    59, -1,   7
736288,20151121,   250,  1,  38,    72, -1,  28
736288,20151121,    81, -1,  38,   252,  1,  19
736288,20151121,    54,  1,  32,    86, -1,  31
736288,20151121,    53, -1,  14,    63,  1,  10
736288,20151121,   167,  1,  34,    48, -1,  21
736288,20151121,    43,  1,  14,    26, -1,  10
736288,20151121,    20,  0,  35,    67,  0,  14
736288,20151121,   170, -1,  34,    61,  1,  31
736288,20151121,   130, -1,  23,    74,  1,   9
736288,20151121,   186,  1,  28,    28, -1,  27
736288,20151121,    97,  1,  58,   232, -1,  13
736288,20151121,    83,  1,  45,    75, -1,   7
736288,20151121,     8,  1,  44,     5, -1,  10
736288,20151121,    12, -1,  25,   135,  1,  19
736288,20151121,   183,  1,  45,   241, -1,  17
736288,20151121,    57,  1,  30,   201, -1,  20
736288,20151121,    55,  1,  27,    52, -1,  17
736288,20151121,   185, -1,  47,   120,  1,  21
736288,20151121,    99,  1,  38,   234, -1,  29
736288,20151121,   177,  1,  20,   247, -1,   9
736288,20151121,    93,  1,  27,   253, -1,  24
736288,20151121,   180, -1,  52,   189,  1,  29
736288,20151121,   184, -1,  42,    34,  1,  13
736288,20151121,   156,  1,  49,   182, -1,  28
736288,20151121,   139,  1,  55,   129, -1,   0
736288,20151121,   210,  1,  30,   209, -1,  24
736288,20151121,   238, -1,  24,   237,  1,  20
736288,20151121,   172,  1,  14,   102, -1,   6
736288,20151121,   204,  1,  20,     7, -1,   2
736288,20151121,   222, -1,  35,    49,  1,  21
736288,20151121,    91, -1,  30,    85,  1,   3
736288,20151121,   153, -1,  45,    31,  1,  21
736288,20151121,    90,  1,  46,   196, -1,   0
736288,20151121,   138,  1,  40,     1, -1,  36
736288,20151121,   178,  1,  21,    25, -1,  20
736288,20151121,   143, -1,  21,   142,  1,  16
736288,20151121,    51, -1,  20,   203,  1,  17
736288,20151121,    98,  1,  42,   137, -1,  20
736288,20151121,   215, -1,  28,   191,  1,  25
736288,20151121,   239,  1,  30,   181, -1,  24
736288,20151121,   158,  1,  33,   192, -1,  17
736288,20151121,   171,  1,  56,    96, -1,  14
736291,20151124,   160, -1,  26,   140,  1,  21
736291,20151124,    23, -1,  48,    18,  1,  10
736293,20151126,   214, -1,  48,   211,  1,  45
736293,20151126,   197, -1,  44,   223,  1,   3
736294,20151127,   240, -1,  35,   216,  1,  30
736294,20151127,   243,  1,  45,   244, -1,  10
736294,20151127,   206,  1,  28,    19, -1,  21
736294,20151127,     3,  1,  20,   103, -1,   0
736294,20151127,    94, -1,  28,   145,  1,  20
736294,20151127,   117, -1,  31,    27,  1,  26
736294,20151127,    30,  1,  35,    60, -1,  28
736294,20151127,   165,  1,  52,   166, -1,  42
736294,20151127,   121, -1,  29,   169,  1,  24
736294,20151127,    13,  1,  28,   128, -1,   3
736294,20151127,    84,  1,  52,   141, -1,  31
736294,20151127,   249,  1,  49,   115, -1,  28
736294,20151127,    21, -1,  40,   188,  1,  23
736294,20151127,    77,  1,  31,   218, -1,  21
736294,20151127,   220, -1,  45,   219,  1,  34
736295,20151128,   124,  1,  55,   168, -1,  16
736295,20151128,   162, -1,  58,   163,  1,  23
736295,20151128,   112,  1,  19,   212, -1,   7
736295,20151128,   119,  1,  63,   193, -1,   0
736295,20151128,   198, -1,  58,   110,  1,  24
736295,20151128,     9,  1,  28,   109, -1,   7
736295,20151128,   202,  1,  38,   159, -1,  36
736295,20151128,   161, -1,  42,   123,  1,  13
736295,20151128,    82,  1,  28,   225, -1,  26
736295,20151128,   157,  0,  24,    89,  0,  14
736295,20151128,   187,  1,  31,   146, -1,  14
736295,20151128,   152, -1,  45,   144,  1,  34
736295,20151128,   136, -1,  42,   228,  1,   7
736295,20151128,   126, -1,  38,   127,  1,  27
736295,20151128,   251,  1,  35,   226, -1,  28
736295,20151128,    69, -1,  27,    66,  1,   2
736295,20151128,    76, -1,  13,    78,  1,   7
736295,20151128,    92, -1,  54,   174,  1,  36
736295,20151128,   116, -1,  46,   179,  1,  41
736295,20151128,   111, -1,  38,   104,  1,  24
736295,20151128,   101, -1,  45,   100,  1,  14
736295,20151128,   246,  1,  30,    95, -1,   6
736295,20151128,   205,  1,  20,    22, -1,  17
736295,20151128,    14, -1,  52,   149,  1,  28
736295,20151128,   148,  1,  47,     2, -1,  35
736295,20151128,     4, -1,  29,    16,  1,  13
736295,20151128,    32,  1,  48,    11, -1,  46
736295,20151128,   229,  1,  20,    44, -1,  14
736295,20151128,    41, -1,  37,   195,  1,  32
736295,20151128,    45, -1,  34,    71,  1,  31
736295,20151128,    56, -1,  27,   242,  1,  21
736295,20151128,   207,  1,  27,    47, -1,   3
736295,20151128,    29, -1,  51,   230,  1,  28
736295,20151128,    39, -1,  19,    62,  1,  16
736295,20151128,    65, -1,  33,   164,  1,  31
736295,20151128,    73,  1,  55,   194, -1,  17
736295,20151128,   176,  1,  27,    37, -1,   7
736295,20151128,   248, -1,  31,   125,  1,  21
736295,20151128,   231, -1,  20,   154,  1,  17
736295,20151128,   227,  1,  40,   224, -1,  21
736295,20151128,   236, -1,  23,   235,  1,  20
736295,20151128,   208,  1,  53,   233, -1,  28
736295,20151128,    87,  1,  38,   213, -1,  31
736295,20151128,     5,  1,  38,   221, -1,   7
736295,20151128,    79,  0,  34,   199,  0,  23
736295,20151128,     8, -1,  14,    96,  1,  10
736295,20151128,    38,  1,  50,    70, -1,  20
736295,20151128,    40, -1,  41,    42,  1,  38
736295,20151128,   239, -1,  24,    52,  1,   7
736295,20151128,   131,  1,  24,   181, -1,  17
736295,20151128,    43, -1,  27,   147,  1,  20
736295,20151128,   156,  1,  53,    58, -1,  17
736295,20151128,   184,  1,  42,   200, -1,  39
736295,20151128,   247,  1,  52,    57, -1,  49
736301,20151204,    23,  0,  34,   140,  0,  14
736302,20151205,    77, -1,  34,    73,  1,   7
736302,20151205,   218, -1,  41,   109,  1,  17
736302,20151205,   101,  1,  24,   246, -1,  23
736302,20151205,    14,  1,  55,   213, -1,  17
736302,20151205,   211, -1,  23,    19,  1,  17
736302,20151205,   225,  1,  42,   149, -1,  35
736302,20151205,     9, -1,  34,   194,  1,  27
736302,20151205,    43, -1,  44,    99,  1,  38
736302,20151205,   184, -1,  34,   118,  1,  29
736302,20151205,    98,  1,  41,    38, -1,  35
736302,20151205,    36,  1,  14,    40, -1,   6
736302,20151205,   139,  1,  37,   131, -1,   6
736302,20151205,   156, -1,  29,   170,  1,  17
736302,20151205,   177,  1,  48,   247, -1,  13
736302,20151205,    90,  1,  36,   239, -1,  19
736302,20151205,     4,  0,  29,    66,  0,  15
736302,20151205,   202,  0,  41,   227,  0,  22
736302,20151205,   124,  0,  16,    94,  0,  13
736302,20151205,    41,  0,  45,   152,  0,  37
736302,20151205,    84,  1,  24,   207, -1,  13
736302,20151205,   249,  1,  45,   198, -1,  28
736302,20151205,   187,  1,  27,     2, -1,  24
736302,20151205,     8,  0,  49,    79,  0,  21
736308,20151211,    98,  1,  58,    36, -1,  38
736308,20151211,   177, -1,  39,    90,  1,  27
736309,20151212,   141,  0,  21,    15,  0,  17
736309,20151212,   139,  1,  23,   156, -1,  13
736309,20151212,   184,  1,  48,    43, -1,  21
736315,20151218,   139,  1,  33,   177, -1,   7
736316,20151219,     9,  0,  31,   160,  0,  29
736316,20151219,   142,  0,  41,     8,  0,  34
736316,20151219,   188,  0,  27,    77,  0,  16
736316,20151219,   229,  0,  35,    29,  0,  28
736316,20151219,    10, -1,  45,   148,  1,  37
736316,20151219,   110,  0,  47,    14,  0,  28
736316,20151219,    98,  1,  62,   184, -1,  10
736318,20151221,   249,  0,  45,   197,  0,  35
736319,20151222,     3,  0,  23,   230,  0,  21
736319,20151222,   216,  0,  32,   207,  0,  17
736320,20151223,    73,  0,  58,    23,  0,  27
736320,20151223,    21,  0,  55,   140,  0,   7
736321,20151224,   240,  0,  45,   136,  0,  31
736321,20151224,   187,  0,  42,    39,  0,   7
736323,20151226,   145,  0,  37,   224,  0,  29
736323,20151226,   243,  0,  44,   198,  0,  31
736323,20151226,   236,  0,  55,   220,  0,  52
736323,20151226,    56,  0,  44,    92,  0,  41
736323,20151226,   115,  0,  16,    47,  0,  10
736323,20151226,   244,  0,  20,   121,  0,  14
736325,20151228,   125,  0,  21,    30,  0,  14
736325,20151228,   141,  1,  44,   169, -1,  28
736326,20151229,    32,  0,  55,     2,  0,  36
736326,20151229,    19,  0,  49,   152,  0,  38
736326,20151229,   112,  0,  56,   214,  0,  27
736326,20151229,   146,  0,  28,    45,  0,  23
736327,20151230,   127,  0,  51,   144,  0,  28
736327,20151230,    16,  0,  31,   119,  0,  10
736327,20151230,   248,  0,  23,   227,  0,  21
736327,20151230,   111,  0,  27,   212,  0,  21
736328,20151231,    84,  0,  38,    69,  0,  24
736328,20151231,     4,  0,  38,   124,  0,   0
736328,20151231,    41,  0,  37,   162,  0,  17
736329,20160101,   161,  0,  44,   159,  0,  28
736329,20160101,   208,  0,  45,   157,  0,   6
736329,20160101,   123,  0,  41,    66,  0,   7
736329,20160101,   202,  0,  45,    94,  0,  16
736329,20160101,   126,  0,  48,   163,  0,  20
736330,20160102,   206,  0,  47,   165,  0,  41
736330,20160102,   246, -1,  43,    11,  1,  42
736330,20160102,    13,  0,  45,   101,  0,  23
736330,20160102,    76,  0,  24,   168,  0,  17
736337,20160109,   139,  0,  37,    98,  0,  10
736339,20160111,     4,  0,  45,    41,  0,  40
