729260,19960824,    25,  1,  41,   187, -1,  37
729261,19960825,   149,  0,  24,   202,  0,   7
729265,19960829,    23,  1,  41,    80, -1,  35
729265,19960829,   198,  1,  39,   221, -1,  33
729265,19960829,    56,  1,  24,    95, -1,  20
729265,19960829,    51, -1,  28,   214,  1,  20
729265,19960829,    89,  1,  35,    14, -1,  10
729265,19960829,   131, -1,  28,   132,  1,   7
729265,19960829,   200,  1,  14,   133, -1,  12
729265,19960829,   136, -1,  22,   100,  1,  21
729265,19960829,   142,  1,  44,     2, -1,  14
729265,19960829,   216,  1,  19,     6, -1,  13
729265,19960829,   227,  1,  28,   224, -1,   0
729266,19960830,   194, -1,  34,    33,  1,  14
729266,19960830,    59,  1,  55,    96, -1,  21
729267,19960831,     1,  1,  45,   166, -1,   0
729267,19960831,     3,  1,  21,    20, -1,   7
729267,19960831,     7,  1,  23,   205, -1,   3
729267,19960831,    12,  1,  29,   197, -1,   0
729267,19960831,    18, -1,  24,    72,  1,  21
729267,19960831,    25,  1,  58,    10, -1,   9
729267,19960831,    26, -1,  42,    17,  1,  21
729267,19960831,    37,  1,  37,   218, -1,  19
729267,19960831,    38,  1,  61,    32, -1,  19
729267,19960831,    60, -1,  35,   184,  1,  20
729267,19960831,    65, -1,  28,   160,  1,  14
729267,19960831,    75,  1,  43,   162, -1,  25
729267,19960831,    90,  1,  21,   189, -1,  14
729267,19960831,    97,  1,  20,   122, -1,   0
729267,19960831,    98, -1,  38,    92,  1,  14
729267,19960831,   103,  1,  30,   124, -1,   6
729267,19960831,   107, -1,  30,   106,  1,   7
729267,19960831,   108,  1,  64,    91, -1,   6
729267,19960831,   109,  1,  20,    79, -1,   8
729267,19960831,   110,  1,  52,   154, -1,  14
729267,19960831,   112,  1,  38,    78, -1,  14
729267,19960831,   134,  1,  45,    35, -1,   0
729267,19960831,   138, -1,  31,   174,  1,  21
729267,19960831,   145,  1,  23,   115, -1,  20
729267,19960831,   146, -1,  30,    63,  1,  27
729267,19960831,   159,  1,  38,   208, -1,  28
729267,19960831,   170,  1,  17,   195, -1,  10
729267,19960831,   172, -1,  11,    67,  1,   7
729267,19960831,   182, -1,  28,    53,  1,  24
729267,19960831,   183,  1,  62,   201, -1,   3
729267,19960831,   186,  1,  40,   114, -1,  10
729267,19960831,   196,  0,  42,   152,  0,  24
729267,19960831,   193, -1,  61,     5,  1,   7
729267,19960831,   204,  1,  20,   203, -1,  17
729267,19960831,   220, -1,  34,   150,  1,   0
729267,19960831,   225,  1,  40,    77, -1,  38
729268,19960901,    86, -1,  40,     4,  1,   0
729272,19960905,   141, -1,  14,   207,  1,   7
729274,19960907,     1, -1,  65,   201,  1,  17
729274,19960907,     3,  1,  20,   172, -1,  10
729274,19960907,     5, -1,  31,    69,  1,   6
729274,19960907,     6,  1,  16,   185, -1,   3
729274,19960907,     8,  1,  45,   217, -1,  42
729274,19960907,    10,  1,  24,    13, -1,   0
729274,19960907,    12,  1,  62,    63, -1,   0
729274,19960907,    15, -1,  24,    97,  1,  16
729274,19960907,    17,  1,  33,   151, -1,  22
729274,19960907,    28, -1,  45,   166,  1,  25
729274,19960907,    33,  1,  24,    92, -1,   3
729274,19960907,    35,  1,  19,    64, -1,   3
729274,19960907,    37, -1,  48,    38,  1,  34
729274,19960907,    40, -1,  20,    23,  1,   3
729274,19960907,    45,  1,  52,   119, -1,   6
729274,19960907,    46,  1,  49,    94, -1,   7
729274,19960907,    55,  1,  45,    56, -1,  21
729274,19960907,    59,  1,  62,    65, -1,  14
729274,19960907,    61,  1,  44,    49, -1,   7
729274,19960907,    68, -1,  28,   127,  1,  16
729274,19960907,    73,  1,  33,    43, -1,   3
729274,19960907,    78,  1,  35,    27, -1,  32
729274,19960907,    81, -1,  40,   191,  1,   6
729274,19960907,    84,  1,  21,     7, -1,  20
729274,19960907,    90,  1,  59,    82, -1,   3
729274,19960907,    99,  1,  35,    75, -1,  34
729274,19960907,   100, -1,  24,    62,  1,  13
729274,19960907,   102,  1,  55,    76, -1,  27
729274,19960907,   103,  1,  39,   197, -1,  15
729274,19960907,   107,  1,  52,    34, -1,   6
729274,19960907,   108, -1,  16,    14,  1,   6
729274,19960907,   111, -1,  30,   200,  1,   3
729274,19960907,   112,  1,  31,   211, -1,   7
729274,19960907,   113, -1,  31,   106,  1,  10
729274,19960907,   117, -1,  35,   147,  1,  14
729274,19960907,   125, -1,  10,   159,  1,   6
729274,19960907,   128,  1,  55,   110, -1,  14
729274,19960907,   131,  1,  49,   137, -1,  33
729274,19960907,   134, -1,  27,   180,  1,  10
729274,19960907,   135,  1,  20,    80, -1,  14
729274,19960907,   140,  1,  27,   173, -1,  10
729274,19960907,   142, -1,  21,    72,  1,  10
729274,19960907,   143,  1,  70,   156, -1,   7
729274,19960907,   146,  1,  44,   129, -1,  30
729274,19960907,   149,  1,  24,    98, -1,   7
729274,19960907,   150,  1,  52,    91, -1,  14
729274,19960907,   157,  1,  13,    36, -1,   0
729274,19960907,   165,  1,  40,    77, -1,  21
729274,19960907,   171,  1,  33,   198, -1,  14
729274,19960907,   202, -1,  55,    79,  1,   3
729274,19960907,   161,  1,  27,   190, -1,  14
729274,19960907,   170, -1,  23,     9,  1,  10
729274,19960907,   115, -1,  12,   105,  1,   7
729274,19960907,   177,  1,  27,    19, -1,  23
729274,19960907,   183,  1,  35,   199, -1,  20
729274,19960907,   184,  1,  24,   122, -1,  14
729274,19960907,   186,  1,  41,   132, -1,   7
729274,19960907,   181, -1,  20,   144,  1,   7
729274,19960907,   196, -1,  10,     4,  1,   3
729274,19960907,   189,  0,  31,   145,  0,   3
729274,19960907,   192, -1,  14,    24,  1,   3
729274,19960907,   193, -1,  40,    52,  1,  38
729274,19960907,   203, -1,  17,   179,  1,  10
729274,19960907,   204,  1,  57,    42, -1,  27
729274,19960907,   208, -1,  50,   104,  1,  14
729274,19960907,   209,  1,  55,    26, -1,  21
729274,19960907,   210, -1,  21,     2,  1,  18
729274,19960907,   216,  1,  28,   139, -1,  27
729274,19960907,   218, -1,  38,   182,  1,  34
729274,19960907,   219,  1,  22,    54, -1,  20
729274,19960907,   220,  1,  34,   214, -1,   9
729274,19960907,   212, -1,  20,    95,  1,  10
729274,19960907,   213, -1,  17,   124,  1,   0
729274,19960907,   223, -1,  44,   123,  1,  41
729274,19960907,   221, -1,  23,   155,  1,  16
729274,19960907,   222,  1,  24,    53, -1,   3
729274,19960907,   225, -1,  41,    85,  1,  38
729279,19960912,   107, -1,  33,   159,  1,   0
729280,19960913,    76,  1,  26,    70, -1,   7
729281,19960914,     3,  1,  36,   207, -1,  26
729281,19960914,   197,  1,  42,    10, -1,  17
729281,19960914,     4, -1,  16,   173,  1,  14
729281,19960914,     7,  1,  41,    79, -1,   0
729281,19960914,     8,  1,  52,   135, -1,   7
729281,19960914,    11,  1,  37,   142, -1,  20
729281,19960914,    12, -1,  45,   112,  1,  28
729281,19960914,    15, -1,  14,    98,  1,  13
729281,19960914,    20,  1,  20,   182, -1,  16
729281,19960914,    22,  1,  44,   192, -1,   7
729281,19960914,    23, -1,  36,    36,  1,  16
729281,19960914,    28,  1,  42,   165, -1,  37
729281,19960914,    30,  1,  42,    58, -1,  19
729281,19960914,    34,  1,  13,   157, -1,  10
729281,19960914,    40,  1,  21,   136, -1,  19
729281,19960914,    50,  1,  30,   101, -1,  17
729281,19960914,    51,  1,  35,    82, -1,  16
729281,19960914,    53, -1,  19,   214,  1,  12
729281,19960914,    54, -1,  27,    17,  1,  21
729281,19960914,    64,  1,  27,   160, -1,  13
729281,19960914,    68,  1,  30,   216, -1,  10
729281,19960914,    75, -1,  42,   150,  1,  35
729281,19960914,    77,  1,  52,   177, -1,  17
729281,19960914,    80,  1,  29,   167, -1,   0
729281,19960914,    81,  1,  21,   108, -1,  14
729281,19960914,    84,  1,  38,    85, -1,  13
729281,19960914,    86,  0,  21,   184,  0,  14
729281,19960914,    88, -1,  24,   105,  1,  10
729281,19960914,    89, -1,  52,   181,  1,  17
729281,19960914,    90,  1,  35,    33, -1,   0
729281,19960914,    91,  1,  28,   227, -1,  12
729281,19960914,    94,  1,  20,    62, -1,  14
729281,19960914,    95,  1,  27,    47, -1,   7
729281,19960914,    97, -1,  38,    26,  1,  37
729281,19960914,   100,  1,  45,    19, -1,   8
729281,19960914,   104, -1,  28,    74,  1,  10
729281,19960914,   106, -1,  19,   114,  1,  16
729281,19960914,   109, -1,  20,    37,  1,  13
729281,19960914,   122,  1,  16,    32, -1,   9
729281,19960914,   111,  1,  26,    14, -1,  23
729281,19960914,   116,  1,  46,   175, -1,  17
729281,19960914,   117,  1,  43,    27, -1,   0
729281,19960914,   120,  1,  13,    16, -1,   6
729281,19960914,   123,  1,  48,   161, -1,  38
729281,19960914,   129,  1,  31,   118, -1,   7
729281,19960914,   130, -1,  35,   155,  1,  26
729281,19960914,   131,  1,  17,   198, -1,   7
729281,19960914,   133,  1,  21,    87, -1,   8
729281,19960914,   137,  1,  43,   174, -1,  13
729281,19960914,   138,  1,  38,   168, -1,  12
729281,19960914,   139, -1,  38,    49,  1,  13
729281,19960914,   141,  1,  35,   154, -1,   0
729281,19960914,   145,  1,  30,   195, -1,   9
729281,19960914,   146,  1,  35,    38, -1,  28
729281,19960914,   149,  1,  49,   124, -1,   0
729281,19960914,   156, -1,  21,   194,  1,  14
729281,19960914,   158,  1,  38,    24, -1,   0
729281,19960914,   163,  1,  12,    13, -1,  10
729281,19960914,   171,  1,  23,    67, -1,  14
729281,19960914,   202,  1,  46,   147, -1,  17
729281,19960914,   172,  1,  31,   204, -1,  24
729281,19960914,   188,  1,  28,    73, -1,  13
729281,19960914,    96,  1,  29,   187, -1,  22
729281,19960914,   179,  1,  25,   166, -1,   2
729281,19960914,   205,  1,  14,   132, -1,   7
729281,19960914,   191, -1,  27,     2,  1,  10
729281,19960914,   199,  1,  44,   200, -1,   0
729281,19960914,   203, -1,  21,   170,  1,  17
729281,19960914,   208,  1,  27,    46, -1,   0
729281,19960914,   209,  1,  21,   103, -1,   3
729281,19960914,   210, -1,  45,    18,  1,   7
729281,19960914,   215, -1,  27,    83,  1,   0
729281,19960914,   217,  1,  29,    25, -1,  17
729281,19960914,   220,  1,  10,    55, -1,   9
729281,19960914,   212,  1,  24,   224, -1,   6
729281,19960914,   213,  1,  34,     5, -1,  17
729281,19960914,   223,  1,  14,    52, -1,   7
729281,19960914,   221,  1,  40,   211, -1,  21
729281,19960914,   222, -1,  52,   201,  1,  17
729281,19960914,   225,  1,  66,    72, -1,   0
729286,19960919,    61, -1,  51,   127,  1,  17
729288,19960921,     3, -1,  17,     9,  1,   7
729288,19960921,   197,  1,  24,    87, -1,  17
729288,19960921,     5,  1,  31,     4, -1,   7
729288,19960921,     6, -1,  21,    52,  1,  14
729288,19960921,     8,  1,  19,   128, -1,   0
729288,19960921,    11,  1,  35,    49, -1,  17
729288,19960921,    14,  1,  31,   198, -1,  10
729288,19960921,    15,  1,  42,   147, -1,  10
729288,19960921,    20, -1,  14,   108,  1,  10
729288,19960921,    25,  1,  17,   131, -1,  14
729288,19960921,    23, -1,  34,    94,  1,  20
729288,19960921,    42, -1,  33,   132,  1,   0
729288,19960921,    28,  1,  33,   129, -1,  15
729288,19960921,    26,  1,  38,   214, -1,  28
729288,19960921,    34,  1,  28,   212, -1,  14
729288,19960921,    38,  1,  35,   201, -1,  16
729288,19960921,    39,  1,  20,    71, -1,  13
729288,19960921,    41,  1,  33,   153, -1,  27
729288,19960921,    44,  1,  24,   148, -1,  22
729288,19960921,    48,  1,  34,   164, -1,   7
729288,19960921,    50, -1,  36,   176,  1,   9
729288,19960921,    55, -1,  23,   171,  1,   7
729288,19960921,    56,  1,  38,   211, -1,   0
729288,19960921,    54,  1,  38,   188, -1,   7
729288,19960921,    59, -1,  35,   183,  1,  29
729288,19960921,    64,  1,  33,   224, -1,   3
729288,19960921,    66, -1,  59,    58,  1,  14
729288,19960921,    67,  1,  15,   189, -1,  12
729288,19960921,    72,  1,  20,    17, -1,  14
729288,19960921,    74, -1,  38,    36,  1,  21
729288,19960921,    79,  1,  38,     2, -1,   7
729288,19960921,    80,  1,  31,   227, -1,  28
729288,19960921,    85,  1,  42,   138, -1,  23
729288,19960921,    86,  1,  16,    60, -1,   9
729288,19960921,    88, -1,  38,    19,  1,   7
729288,19960921,    90, -1,  34,   156,  1,   7
729288,19960921,    92,  1,   3,    81, -1,   0
729288,19960921,    99, -1,  19,    12,  1,  15
729288,19960921,    97, -1,  38,   113,  1,  23
729288,19960921,    98, -1,  30,   110,  1,  20
729288,19960921,   100,  1,  58,   155, -1,  19
729288,19960921,   101,  1,  30,    83, -1,   7
729288,19960921,   102, -1,  29,    65,  1,  13
729288,19960921,   104, -1,  23,   157,  1,  17
729288,19960921,   106,  1,  17,   194, -1,  10
729288,19960921,   109,  1,  20,    18, -1,  14
729288,19960921,   111,  1,  35,   180, -1,  33
729288,19960921,   112, -1,  20,   207,  1,   9
729288,19960921,   114,  1,  38,    35, -1,  24
729288,19960921,   119, -1,  24,   206,  1,   0
729288,19960921,   120,  1,  34,    95, -1,  28
729288,19960921,   123, -1,  16,   167,  1,   0
729288,19960921,   125,  1,  19,   170, -1,  17
729288,19960921,   130,  1,  21,    40, -1,  13
729288,19960921,   134,  1,  16,    68, -1,   0
729288,19960921,   126, -1,  24,    70,  1,  20
729288,19960921,   200,  1,  34,   162, -1,  31
729288,19960921,   136, -1,  36,    93,  1,   6
729288,19960921,   137, -1,  38,   151,  1,  24
729288,19960921,   124, -1,  31,    10,  1,  30
729288,19960921,   139,  1,  28,   142, -1,   7
729288,19960921,   141, -1,  27,   186,  1,  24
729288,19960921,   143,  1,  72,   150, -1,   0
729288,19960921,   145,  1,  31,   204, -1,  17
729288,19960921,   149,  0,  41,   182,  0,   0
729288,19960921,   158,  1,   7,   192, -1,   0
729288,19960921,   165,  1,  51,   144, -1,  31
729288,19960921,   166, -1,  26,   205,  1,  25
729288,19960921,   202, -1,  26,    75,  1,   9
729288,19960921,   172,  1,  52,    96, -1,  27
729288,19960921,   173, -1,  63,   152,  1,   0
729288,19960921,   115, -1,  39,   190,  1,   7
729288,19960921,   178,  1,  32,   169, -1,  27
729288,19960921,    32,  1,  26,   121, -1,   7
729288,19960921,   185,  1,  20,   163, -1,  10
729288,19960921,   187,  1,  55,   135, -1,   0
729288,19960921,   191, -1,  24,    53,  1,   7
729288,19960921,   193,  1,  37,   133, -1,   7
729288,19960921,   195,  1,  27,    84, -1,  20
729288,19960921,   203,  1,  45,    63, -1,  17
729288,19960921,   208,  1,  49,    62, -1,  10
729288,19960921,   209, -1,  42,   216,  1,   7
729288,19960921,   210,  1,  30,   159, -1,  14
729288,19960921,   217,  1,  31,     7, -1,  17
729288,19960921,   218,  1,  55,   146, -1,  44
729288,19960921,   219, -1,  30,    27,  1,  20
729288,19960921,   220, -1,  20,   154,  1,   6
729288,19960921,   213, -1,  18,    73,  1,   9
729288,19960921,   223, -1,  34,    13,  1,   2
729288,19960921,   221, -1,  47,    22,  1,   0
729288,19960921,   222,  1,  14,   179, -1,   0
729288,19960921,   225,  1,  22,     1, -1,  19
729288,19960921,   226, -1,  30,    21,  1,   0
729293,19960926,    68,  1,  48,    49, -1,  22
729294,19960927,   176,  1,  43,    58, -1,  22
729295,19960928,     1,  1,  45,   156, -1,  17
729295,19960928,     2,  1,  27,   214, -1,   7
729295,19960928,     6,  1,  34,    34, -1,  20
729295,19960928,     8,  1,  48,   146, -1,  27
729295,19960928,     9,  1,  38,   200, -1,  21
729295,19960928,    11, -1,  27,   135,  1,  10
729295,19960928,    18,  1,  43,   125, -1,  38
729295,19960928,    20,  1,  31,    26, -1,  27
729295,19960928,    25,  1,  31,   170, -1,   3
729295,19960928,    28,  1,  48,   147, -1,  42
729295,19960928,    29,  1,  12,   178, -1,   7
729295,19960928,    33,  1,  30,   108, -1,  23
729295,19960928,    35,  1,  21,   216, -1,  10
729295,19960928,    37, -1,  24,   187,  1,  10
729295,19960928,    39, -1,  17,    62,  1,  10
729295,19960928,    40, -1,  42,   226,  1,   6
729295,19960928,    44, -1,  21,    94,  1,  14
729295,19960928,    45, -1,  24,   192,  1,  17
729295,19960928,    46, -1,  27,   100,  1,  17
729295,19960928,    55,  1,  28,   198, -1,   7
729295,19960928,    56, -1,  49,   212,  1,  10
729295,19960928,    51, -1,  38,   190,  1,   0
729295,19960928,    52,  1,  28,   185, -1,   7
729295,19960928,    54,  1,  24,   151, -1,   7
729295,19960928,    59,  1,  65,    92, -1,   0
729295,19960928,    60,  1,  21,    76, -1,  20
729295,19960928,    61,  1,  13,   134, -1,   0
729295,19960928,    63,  1,  20,    72, -1,   0
729295,19960928,    64, -1,  31,   211,  1,  14
729295,19960928,    66, -1,  43,   169,  1,   6
729295,19960928,    69, -1,  54,   152,  1,  12
729295,19960928,    71, -1,  30,    22,  1,   7
729295,19960928,    73, -1,  45,    31,  1,   0
729295,19960928,   188,  1,  27,    77, -1,  21
729295,19960928,    82, -1,  34,    95,  1,  10
729295,19960928,    85,  1,  45,   114, -1,  31
729295,19960928,    86,  1,  39,   121, -1,  13
729295,19960928,    93,  1,  30,    41, -1,  19
729295,19960928,    99,  1,  63,   132, -1,   7
729295,19960928,   101, -1,  28,   215,  1,  27
729295,19960928,   102,  1,  37,   223, -1,   3
729295,19960928,   104,  1,  21,   136, -1,  14
729295,19960928,   107,  1,  45,   150, -1,   0
729295,19960928,   109,  1,  38,   199, -1,   9
729295,19960928,   110,  1,  47,    53, -1,   0
729295,19960928,   113, -1,  14,   171,  1,  10
729295,19960928,   117, -1,  35,    43,  1,  17
729295,19960928,   118,  1,  17,    78, -1,  13
729295,19960928,   123,  1,  34,   122, -1,   7
729295,19960928,   128,  1,  65,    38, -1,   9
729295,19960928,   129,  1,  63,    91, -1,  42
729295,19960928,   130, -1,  39,    88,  1,  22
729295,19960928,   131,  1,  27,   181, -1,   7
729295,19960928,   137,  1,  32,    42, -1,  14
729295,19960928,   138,  1,  43,   105, -1,  10
729295,19960928,   139, -1,  35,    81,  1,  17
729295,19960928,   140, -1,  20,    17,  1,  16
729295,19960928,   143, -1,  29,   141,  1,  16
729295,19960928,   148,  1,  38,    36, -1,   7
729295,19960928,   149, -1,  23,   222,  1,  20
729295,19960928,   153,  1,  37,    74, -1,  30
729295,19960928,   154,  1,  42,   127, -1,  21
729295,19960928,   155,  1,  28,    21, -1,  13
729295,19960928,   157, -1,  37,    19,  1,   7
729295,19960928,   158, -1,  35,    30,  1,  13
729295,19960928,   163,  1,  14,     5, -1,  13
729295,19960928,   164,  1,  10,   206, -1,   7
729295,19960928,   167,  1,  17,    13, -1,  13
729295,19960928,   161, -1,  38,    80,  1,  35
729295,19960928,   172, -1,  24,    98,  1,   7
729295,19960928,   173,  0,  19,   184,  0,  18
729295,19960928,   115,  1,  34,    87, -1,   9
729295,19960928,    96, -1,  37,    97,  1,  31
729295,19960928,   177,  1,  16,    48, -1,  12
729295,19960928,   168,  1,  13,   193, -1,  10
729295,19960928,   180,  1,  52,   210, -1,  21
729295,19960928,    32,  1,  23,    65, -1,  21
729295,19960928,   196, -1,  26,   162,  1,  20
729295,19960928,   189,  1,  58,   204, -1,  20
729295,19960928,   205, -1,  37,   124,  1,   6
729295,19960928,   191,  1,  31,   219, -1,  24
729295,19960928,   195, -1,  31,   144,  1,  24
729295,19960928,   203,  1,  45,    89, -1,  42
729295,19960928,   209,  1,  37,   186, -1,  13
729295,19960928,   218,  1,  52,   166, -1,  16
729295,19960928,   220,  1,  13,   103, -1,   0
729295,19960928,   225, -1,  33,   201,  1,  21
729300,19961003,   183,  0,  41,   112,  0,   3
729301,19961004,    25, -1,  45,   204,  1,  17
729302,19961005,   193,  1,  37,     4, -1,   6
729302,19961005,     3,  1,  35,    92, -1,   7
729302,19961005,   197, -1,  24,   223,  1,   0
729302,19961005,     7,  1,  34,   218, -1,  26
729302,19961005,     8,  1,  56,    17, -1,   7
729302,19961005,    11,  1,  39,   226, -1,  13
729302,19961005,    12,  1,  28,   171, -1,  24
729302,19961005,    14, -1,  28,   214,  1,   5
729302,19961005,    23,  1,  41,    41, -1,  24
729302,19961005,    42,  1,  46,   151, -1,  14
729302,19961005,    28, -1,  22,   202,  1,  15
729302,19961005,    29, -1,  42,    83,  1,   0
729302,19961005,    36,  1,  44,    21, -1,  27
729302,19961005,    38, -1,  28,    72,  1,  16
729302,19961005,    39, -1,  42,    74,  1,  16
729302,19961005,    44,  1,  20,    62, -1,   7
729302,19961005,    45, -1,  42,    57,  1,   0
729302,19961005,    46,  1,  50,    19, -1,  16
729302,19961005,    47, -1,  34,    16,  1,  12
729302,19961005,    48,  1,  51,    24, -1,   7
729302,19961005,    50, -1,  28,   169,  1,  20
729302,19961005,    56,  1,  31,     6, -1,  10
729302,19961005,    52,  1,  45,   167, -1,   0
729302,19961005,    54,  1,  20,   118, -1,  13
729302,19961005,    59, -1,  42,     9,  1,   7
729302,19961005,    60,  0,  59,    70,  0,  58
729302,19961005,    61,  1,  34,    35, -1,   3
729302,19961005,    64,  1,  45,   212, -1,  30
729302,19961005,    66,  1,  31,   101, -1,  14
729302,19961005,    67, -1,  38,   113,  1,  19
729302,19961005,    65,  1,  20,   211, -1,  17
729302,19961005,    68,  1,  13,   209, -1,   7
729302,19961005,    75, -1,  31,    96,  1,  24
729302,19961005,    77,  1,  38,    27, -1,  33
729302,19961005,    78,  1,  44,    43, -1,  14
729302,19961005,    79,  1,  46,    81, -1,  43
729302,19961005,    82, -1,  10,   213,  1,   7
729302,19961005,    84,  1,  37,   110, -1,  30
729302,19961005,    86,  1,  31,   196, -1,  14
729302,19961005,    88,  1,  31,   100, -1,   7
729302,19961005,    89, -1,  52,   144,  1,  24
729302,19961005,    91,  1,  32,     2, -1,  17
729302,19961005,    93, -1,  17,    71,  1,   7
729302,19961005,    94, -1,  20,   153,  1,  14
729302,19961005,    99,  1,  35,   207, -1,   0
729302,19961005,   102,  1,  45,    32, -1,   0
729302,19961005,   106,  1,  18,    33, -1,  16
729302,19961005,   108,  1,  46,    26, -1,  14
729302,19961005,   122, -1,  30,    87,  1,  23
729302,19961005,   114, -1,  27,   170,  1,  26
729302,19961005,   117,  1,  44,   174, -1,  13
729302,19961005,   119, -1,  30,    31,  1,  27
729302,19961005,   123,  1,  51,    13, -1,   7
729302,19961005,   125,  1,  64,    49, -1,  27
729302,19961005,   128, -1,  39,    90,  1,   3
729302,19961005,   129, -1,  54,   201,  1,  17
729302,19961005,   133, -1,  10,   163,  1,   3
729302,19961005,   134, -1,  45,   216,  1,   6
729302,19961005,   127, -1,  34,   103,  1,   8
729302,19961005,   135, -1,  24,   124,  1,  21
729302,19961005,   200,  1,  13,   140, -1,  10
729302,19961005,   136,  1,  27,   157, -1,  10
729302,19961005,   137,  1,  59,   219, -1,  45
729302,19961005,   139,  1,  17,   109, -1,  16
729302,19961005,   142,  1,   7,    53, -1,   0
729302,19961005,   143,  1,  38,   149, -1,   7
729302,19961005,   148, -1,  30,    22,  1,  21
729302,19961005,   150,  1,  53,   182, -1,  52
729302,19961005,   154,  1,  30,   111, -1,  27
729302,19961005,   155,  1,  41,   104, -1,  21
729302,19961005,   156,  1,  38,   131, -1,  21
729302,19961005,   160,  1,  27,   120, -1,  20
729302,19961005,   173,  1,  24,   121, -1,   0
729302,19961005,   115,  1,  24,   161, -1,  17
729302,19961005,   177,  1,  52,   164, -1,   3
729302,19961005,   178, -1,  17,    58,  1,  13
729302,19961005,   180,  1,  42,   159, -1,   0
729302,19961005,   185,  1,  21,   190, -1,  14
729302,19961005,   186,  1,  71,   145, -1,  14
729302,19961005,   187,  1,  63,    97, -1,  13
729302,19961005,   189,  1,  45,    15, -1,  24
729302,19961005,   191,  1,  24,    20, -1,  16
729302,19961005,   192,  1,  49,    30, -1,  28
729302,19961005,   194,  1,  35,   181, -1,   7
729302,19961005,   199, -1,  41,   146,  1,  22
729302,19961005,   203, -1,  34,   205,  1,  27
729302,19961005,   208, -1,  38,    40,  1,  27
729302,19961005,   215, -1,  24,   175,  1,   6
729302,19961005,   217,  1,  27,   179, -1,   6
729302,19961005,   220,  1,  34,    18, -1,  17
729302,19961005,   221,  1,  31,   130, -1,   7
729302,19961005,   225, -1,  45,   166,  1,  22
729307,19961010,   172, -1,  28,    55,  1,   7
729308,19961011,   165,  1,  56,    72, -1,   8
729308,19961011,   176, -1,  27,   178,  1,  13
729309,19961012,     3, -1,  24,   127,  1,  19
729309,19961012,     5, -1,  24,   152,  1,   0
729309,19961012,     8, -1,  42,   199,  1,  34
729309,19961012,     9,  1,  38,    97, -1,  21
729309,19961012,    11, -1,  42,   159,  1,  21
729309,19961012,    12, -1,  49,   113,  1,  15
729309,19961012,    14,  1,  30,   142, -1,  27
729309,19961012,    18, -1,  24,    33,  1,  17
729309,19961012,    20,  1,  31,    91, -1,  24
729309,19961012,    25,  1,  63,   201, -1,  28
729309,19961012,    21, -1,  27,   153,  1,  23
729309,19961012,    27,  1,  34,   177, -1,  33
729309,19961012,    42, -1,  35,   219,  1,  28
729309,19961012,    29,  1,  25,   169, -1,   7
729309,19961012,   198,  1,  38,   163, -1,   6
729309,19961012,    26,  1,  42,     2, -1,   0
729309,19961012,    35, -1,  13,    49,  1,   6
729309,19961012,    36, -1,  35,   192,  1,  10
729309,19961012,    37,  1,  35,   145, -1,  13
729309,19961012,    39, -1,  20,   148,  1,  19
729309,19961012,    41, -1,  20,    71,  1,  13
729309,19961012,    44,  1,  35,    74, -1,   7
729309,19961012,    45,  1,  31,   158, -1,  21
729309,19961012,    46, -1,  14,   157,  1,   7
729309,19961012,    48, -1,  55,    57,  1,  34
729309,19961012,    50, -1,  52,   175,  1,  14
729309,19961012,    56, -1,  41,    34,  1,  20
729309,19961012,    54, -1,  51,    43,  1,  34
729309,19961012,    59,  1,  56,    99, -1,  13
729309,19961012,    60,  1,  24,   126, -1,  23
729309,19961012,    61, -1,  34,   107,  1,  16
729309,19961012,    63,  1,  28,   166, -1,  18
729309,19961012,    64, -1,  20,     6,  1,  14
729309,19961012,    66,  1,  20,    83, -1,   0
729309,19961012,    65, -1,  38,   212,  1,  28
729309,19961012,    70, -1,  37,    47,  1,   7
729309,19961012,    73, -1,  29,    95,  1,  20
729309,19961012,    75,  1,  37,   106, -1,  20
729309,19961012,    76,  1,  61,    16, -1,  21
729309,19961012,    82, -1,  24,   161,  1,  13
729309,19961012,    84, -1,  31,    81,  1,  10
729309,19961012,    87,  1,  34,   223, -1,  20
729309,19961012,    88,  1,  26,   221, -1,  21
729309,19961012,    90, -1,  35,   114,  1,  10
729309,19961012,    98, -1,  23,   194,  1,  20
729309,19961012,   100, -1,  17,    40,  1,  16
729309,19961012,   101,  1,  34,    58, -1,   3
729309,19961012,   102, -1,  45,   211,  1,  20
729309,19961012,   104,  1,  43,    19, -1,  12
729309,19961012,   108, -1,  35,    53,  1,  25
729309,19961012,   110,  1,  42,    79, -1,  14
729309,19961012,   122,  1,  50,    13, -1,  14
729309,19961012,   121,  1,  19,    69, -1,  10
729309,19961012,   116, -1,  23,   215,  1,  10
729309,19961012,   117,  1,  43,    78, -1,  19
729309,19961012,   123, -1,  28,   190,  1,  14
729309,19961012,   125, -1,  20,     1,  1,  17
729309,19961012,   128,  1,  49,    15, -1,   0
729309,19961012,   129,  1,  66,    17, -1,  28
729309,19961012,   130,  1,  42,    94, -1,  27
729309,19961012,   133,  1,  19,   140, -1,  17
729309,19961012,   134,  1,  38,   103, -1,   7
729309,19961012,   137, -1,  49,   118,  1,  18
729309,19961012,   138,  1,  47,    80, -1,  10
729309,19961012,   139,  1,  26,   111, -1,  24
729309,19961012,   141,  1,  54,   217, -1,  20
729309,19961012,   143,  1,  17,   222, -1,  14
729309,19961012,   144,  0,  30,   186,  0,  27
729309,19961012,   149,  1,  31,   154, -1,  14
729309,19961012,   162, -1,  14,   168,  1,  10
729309,19961012,   171, -1,  25,    92,  1,  14
729309,19961012,   202,  1,  14,     7, -1,   7
729309,19961012,   174,  1,  41,   188, -1,  27
729309,19961012,    96,  1,  42,    10, -1,  31
729309,19961012,   179,  1,  27,   146, -1,  24
729309,19961012,   180,  1,  55,   150, -1,   7
729309,19961012,   183, -1,  29,    67,  1,  17
729309,19961012,   185,  1,  30,   167, -1,  20
729309,19961012,   187, -1,  24,    85,  1,  21
729309,19961012,   181,  1,  18,   205, -1,   0
729309,19961012,   189, -1,  30,    89,  1,  17
729309,19961012,   193,  1,  16,   105, -1,  12
729309,19961012,   195,  1,  20,    38, -1,  14
729309,19961012,   204, -1,  53,   132,  1,  21
729309,19961012,   206,  1,  50,    24, -1,  29
729309,19961012,   207, -1,  19,   135,  1,   7
729309,19961012,   208, -1,  42,   136,  1,  31
729309,19961012,   210,  1,  38,   182, -1,   0
729309,19961012,   218, -1,  24,   147,  1,   3
729309,19961012,   213, -1,  10,    51,  1,   7
729309,19961012,   224,  1,  41,   119, -1,  14
729309,19961012,   225,  1,  42,   214, -1,  28
729309,19961012,   226,  1,  23,    22, -1,  21
729309,19961012,   227, -1,  17,    23,  1,   6
729316,19961019,     1, -1,  20,   141,  1,  17
729316,19961019,     2,  1,  10,   108, -1,   7
729316,19961019,     3,  1,  37,   112, -1,   0
729316,19961019,   197,  1,  39,    96, -1,  29
729316,19961019,     4, -1,  31,   152,  1,  15
729316,19961019,     6, -1,  35,    65,  1,  28
729316,19961019,     8,  1,  48,   202, -1,  35
729316,19961019,    10,  1,  38,   167, -1,   9
729316,19961019,    11,  1,  34,   194, -1,  10
729316,19961019,    14, -1,  16,    20,  1,  11
729316,19961019,   160,  1,  20,    16, -1,  18
729316,19961019,    18,  1,  37,   159, -1,  13
729316,19961019,    19,  1,  16,    73, -1,   9
729316,19961019,    25, -1,  55,   195,  1,  30
729316,19961019,    21,  1,  27,    62, -1,  14
729316,19961019,    22,  1,  10,   153, -1,   6
729316,19961019,    27,  1,  45,   174, -1,  34
729316,19961019,    29, -1,  21,    58,  1,   0
729316,19961019,    26,  1,  41,    53, -1,  36
729316,19961019,    33,  1,  31,    75, -1,  20
729316,19961019,    35,  1,  28,    68, -1,  25
729316,19961019,    36, -1,  31,    41,  1,  21
729316,19961019,    37, -1,  20,    89,  1,   7
729316,19961019,    38,  1,  36,   166, -1,  13
729316,19961019,    39,  1,   3,    93, -1,   0
729316,19961019,    44,  1,  40,   226, -1,   6
729316,19961019,    45, -1,  30,    24,  1,  10
729316,19961019,    46,  1,  24,   136, -1,  14
729316,19961019,    48,  1,  27,   206, -1,  12
729316,19961019,    50,  1,  15,    66, -1,   0
729316,19961019,    55, -1,  31,   107,  1,   6
729316,19961019,    52, -1,  20,   122,  1,  13
729316,19961019,    57, -1,  24,   164,  1,  23
729316,19961019,    59,  1,  51,    12, -1,  10
729316,19961019,    60, -1,  47,    47,  1,  26
729316,19961019,    64,  1,  35,    34, -1,  25
729316,19961019,    67,  1,  13,   207, -1,   2
729316,19961019,    71, -1,  28,    74,  1,  25
729316,19961019,    72,  1,  38,   201, -1,  28
729316,19961019,    77,  1,  24,   129, -1,  15
729316,19961019,    82,  1,  23,    80, -1,   7
729316,19961019,    84, -1,  21,   149,  1,  20
729316,19961019,    88, -1,  31,   157,  1,  27
729316,19961019,    90, -1,  23,   187,  1,  20
729316,19961019,    94, -1,  28,   148,  1,  24
729316,19961019,    95, -1,  23,   223,  1,  14
729316,19961019,    99,  1,  41,    92, -1,  14
729316,19961019,    97,  1,  61,   191, -1,  20
729316,19961019,    98,  1,  27,   124, -1,   3
729316,19961019,   100,  1,  34,   130, -1,  20
729316,19961019,   101,  1,  28,   176, -1,  20
729316,19961019,   102,  1,  56,   212, -1,  21
729316,19961019,   103,  1,  52,   216, -1,   0
729316,19961019,   104,  1,  41,    23, -1,  20
729316,19961019,   109,  1,  27,    81, -1,  20
729316,19961019,   110, -1,  27,   111,  1,   9
729316,19961019,   117, -1,  34,    54,  1,  30
729316,19961019,   118, -1,  24,    42,  1,  17
729316,19961019,   123, -1,  35,    51,  1,  28
729316,19961019,   128, -1,  24,   189,  1,  10
729316,19961019,   126,  1,  55,   120, -1,   7
729316,19961019,   135,  1,  13,   132, -1,   0
729316,19961019,   200, -1,  39,   198,  1,  38
729316,19961019,   137,  1,  51,    43, -1,  32
729316,19961019,   138,  1,  38,   115, -1,  31
729316,19961019,   139, -1,  34,   222,  1,  30
729316,19961019,   140,  1,  38,   162, -1,  21
729316,19961019,   142, -1,  24,    91,  1,  15
729316,19961019,   143, -1,  42,   154,  1,  14
729316,19961019,   144, -1,  28,    15,  1,  24
729316,19961019,   145,  1,  28,    85, -1,  27
729316,19961019,   147,  1,  26,   179, -1,  12
729316,19961019,   156,  1,  35,   170, -1,  17
729316,19961019,   163, -1,  27,    87,  1,  17
729316,19961019,   165, -1,  48,   131,  1,  42
729316,19961019,   169, -1,  14,    83,  1,   8
729316,19961019,   171,  1,  23,     9, -1,  17
729316,19961019,   172,  1,  16,   106, -1,   0
729316,19961019,   173,  1,  27,    86, -1,  16
729316,19961019,   168, -1,  27,   133,  1,  11
729316,19961019,   184,  1,  37,   190, -1,  14
729316,19961019,   185, -1,  23,    13,  1,  17
729316,19961019,   196, -1,  28,     5,  1,  17
729316,19961019,   192, -1,  15,   116,  1,   6
729316,19961019,   193,  1,  24,   188, -1,  13
729316,19961019,   203,  1,  21,   181, -1,   7
729316,19961019,   204, -1,  39,    17,  1,  14
729316,19961019,   209,  1,  62,   127, -1,  14
729316,19961019,   211, -1,  28,    32,  1,  14
729316,19961019,   215,  1,  41,   178, -1,  12
729316,19961019,   217,  1,  41,   199, -1,  21
729316,19961019,   218,  1,  21,    28, -1,  18
729316,19961019,   219, -1,  35,   151,  1,  10
729316,19961019,   220, -1,  30,   182,  1,  10
729316,19961019,   213, -1,  26,   161,  1,  19
729316,19961019,   221, -1,  30,   208,  1,  21
729316,19961019,   225,  1,  42,    63, -1,  21
729323,19961026,     1,  1,  34,    72, -1,   7
729323,19961026,     2, -1,  34,   124,  1,  17
729323,19961026,     7,  1,  33,   147, -1,   7
729323,19961026,     8, -1,  41,   179,  1,   9
729323,19961026,    11, -1,  27,   108,  1,   7
729323,19961026,    14, -1,  24,    26,  1,  17
729323,19961026,    15,  1,  49,    85, -1,  21
729323,19961026,    25, -1,  45,   181,  1,  21
729323,19961026,    21,  1,  27,   148, -1,  21
729323,19961026,    22, -1,  38,    74,  1,   7
729323,19961026,    24,  1,  34,   164, -1,   3
729323,19961026,    42, -1,  52,    43,  1,  17
729323,19961026,    30,  1,  49,   215, -1,  41
729323,19961026,    33, -1,  10,    98,  1,   7
729323,19961026,    34,  1,  35,    65, -1,  20
729323,19961026,    36,  1,  40,    93, -1,   9
729323,19961026,    37,  1,  28,   186, -1,  24
729323,19961026,    38,  1,  27,   165, -1,  18
729323,19961026,    39, -1,  13,   226,  1,  10
729323,19961026,    44, -1,  38,    41,  1,  21
729323,19961026,    45,  1,  19,    48, -1,  16
729323,19961026,    46,  1,  27,    88, -1,  13
729323,19961026,    47, -1,  35,   120,  1,  14
729323,19961026,    50,  1,  45,    83, -1,  14
729323,19961026,    56,  1,  21,    64, -1,  19
729323,19961026,    51, -1,  35,   185,  1,  27
729323,19961026,    52, -1,  45,   190,  1,   7
729323,19961026,    53,  1,  51,    91, -1,  10
729323,19961026,    54, -1,  31,    78,  1,  17
729323,19961026,    57,  1,  41,   206, -1,  35
729323,19961026,    61,  1,  31,   209, -1,  24
729323,19961026,    62,  1,  46,    66, -1,   6
729323,19961026,    63, -1,  34,   201,  1,  23
729323,19961026,    68,  1,  27,   198, -1,  20
729323,19961026,    70, -1,  20,   160,  1,  14
729323,19961026,    71, -1,  24,   153,  1,   0
729323,19961026,    73, -1,  24,    40,  1,  16
729323,19961026,    76,  1,  38,   126, -1,   3
729323,19961026,    86, -1,  52,    69,  1,   0
729323,19961026,    90,  1,  42,   144, -1,  35
729323,19961026,    92,  1,  24,    67, -1,  17
729323,19961026,    95,  1,  38,    31, -1,   7
729323,19961026,    99,  1,  28,   113, -1,  20
729323,19961026,    97,  1,  35,   197, -1,  31
729323,19961026,   101, -1,  21,   178,  1,  13
729323,19961026,   102, -1,  24,     6,  1,  10
729323,19961026,   103, -1,  22,    49,  1,  19
729323,19961026,   107, -1,  10,   220,  1,   7
729323,19961026,   109, -1,  44,   111,  1,  10
729323,19961026,   110,  1,  30,   222, -1,  13
729323,19961026,   112,  1,  38,    10, -1,  21
729323,19961026,   121, -1,  23,   196,  1,  17
729323,19961026,   114,  1,  35,   145, -1,  28
729323,19961026,   117,  1,  48,   137, -1,  32
729323,19961026,   118,  1,  24,   151, -1,   6
729323,19961026,   125, -1,  47,   216,  1,  18
729323,19961026,   128,  1,  63,    89, -1,   7
729323,19961026,   129, -1,  40,   135,  1,  13
729323,19961026,   130,  1,  40,   104, -1,   7
729323,19961026,   132,  1,  52,   174, -1,  21
729323,19961026,   133, -1,  49,   188,  1,  36
729323,19961026,   134, -1,  42,    75,  1,  14
729323,19961026,   138, -1,  33,   161,  1,   7
729323,19961026,   139,  1,  27,    79, -1,  24
729323,19961026,   142,  1,  38,    20, -1,   0
729323,19961026,   143, -1,  38,    84,  1,  26
729323,19961026,   149, -1,  48,    81,  1,  26
729323,19961026,   155,  1,  38,    19, -1,   7
729323,19961026,   156, -1,  48,   205,  1,  21
729323,19961026,   158,  1,  43,   116, -1,   6
729323,19961026,   159,  1,  28,   182, -1,  17
729323,19961026,   162,  1,  30,   105, -1,  25
729323,19961026,   169,  1,  45,    58, -1,   7
729323,19961026,   171, -1,  27,   207,  1,   0
729323,19961026,   167,  1,  16,   122, -1,  13
729323,19961026,   202, -1,  29,   218,  1,  24
729323,19961026,   170,  1,  52,   131, -1,  31
729323,19961026,   172, -1,  31,   194,  1,  28
729323,19961026,   173, -1,  21,     5,  1,  14
729323,19961026,   115, -1,  24,    80,  1,  13
729323,19961026,    96,  1,  13,   106, -1,   9
729323,19961026,   176, -1,  41,    29,  1,  28
729323,19961026,   168,  1,  43,   163, -1,  14
729323,19961026,   180, -1,  45,    18,  1,  17
729323,19961026,   183,  1,  20,     3, -1,  13
729323,19961026,    32, -1,  20,   212,  1,   6
729323,19961026,   184,  1,  38,    13, -1,  14
729323,19961026,   189, -1,  13,   187,  1,  10
729323,19961026,   191,  1,  10,   214, -1,   7
729323,19961026,   192,  1,  54,   175, -1,  14
729323,19961026,   193, -1,  31,    87,  1,  21
729323,19961026,   199, -1,  38,    28,  1,  29
729323,19961026,   203,  1,  45,   195, -1,  19
729323,19961026,   204,  1,  35,    77, -1,  28
729323,19961026,   208, -1,  20,   157,  1,   3
729323,19961026,   210,  1,  34,   150, -1,  17
729323,19961026,   217, -1,  33,   146,  1,  14
729323,19961026,   213,  1,  51,    27, -1,  10
729323,19961026,   223,  1,  27,    82, -1,  20
729323,19961026,   221,  1,  21,   136, -1,  14
729323,19961026,   227,  1,  24,   140, -1,  14
729328,19961031,   150,  1,  20,    18, -1,  13
729330,19961102,     2,  1,  21,    20, -1,  14
729330,19961102,     6, -1,  20,    32,  1,   6
729330,19961102,     8, -1,  29,   147,  1,  14
729330,19961102,    11,  1,  41,    93, -1,  21
729330,19961102,    12,  1,  28,     9, -1,   7
729330,19961102,    14, -1,  39,    53,  1,  25
729330,19961102,    25,  1,  40,   205, -1,  18
729330,19961102,    21, -1,  35,    41,  1,  21
729330,19961102,    22, -1,   7,    94,  1,   6
729330,19961102,    23, -1,  14,    73,  1,  10
729330,19961102,    24,  1,  33,    57, -1,  31
729330,19961102,    28,  1,  56,     7, -1,  55
729330,19961102,    30,  1,  28,   175, -1,  14
729330,19961102,   198,  1,  42,    80, -1,  15
729330,19961102,    26, -1,  52,    91,  1,  51
729330,19961102,    35,  1,  35,   103, -1,   3
729330,19961102,    37, -1,  41,   114,  1,  13
729330,19961102,    38, -1,  42,     1,  1,  41
729330,19961102,    40, -1,  45,    19,  1,  10
729330,19961102,    44, -1,   6,    71,  1,   3
729330,19961102,    45, -1,  37,   206,  1,  35
729330,19961102,    50,  1,  52,    58, -1,   7
729330,19961102,    55,  1,  34,    10, -1,  16
729330,19961102,    56, -1,  17,    65,  1,  14
729330,19961102,    51, -1,  42,    13,  1,   7
729330,19961102,    52,  1,  30,   184, -1,  10
729330,19961102,    59,  0,  47,    67,  0,   7
729330,19961102,    60,  1,  83,   120, -1,  12
729330,19961102,    61, -1,  49,    68,  1,   3
729330,19961102,    62,  1,  28,    74, -1,   0
729330,19961102,    63,  1,  41,    17, -1,   7
729330,19961102,    66,  1,  24,    29, -1,   0
729330,19961102,    75, -1,  20,   194,  1,  17
729330,19961102,    77,  1,  37,    54, -1,  27
729330,19961102,    83,  1,  20,   178, -1,  14
729330,19961102,    84, -1,  31,    79,  1,  21
729330,19961102,    89, -1,  34,    85,  1,  31
729330,19961102,    95, -1,  34,    70,  1,  30
729330,19961102,    97, -1,  40,   124,  1,  14
729330,19961102,    98,  1,  13,   106, -1,  10
729330,19961102,   100, -1,  22,   104,  1,  14
729330,19961102,   102,  1,  56,    34, -1,  25
729330,19961102,   107, -1,  57,   182,  1,  26
729330,19961102,   108, -1,  27,   191,  1,   7
729330,19961102,   109,  1,  45,   110, -1,  29
729330,19961102,   113,  1,  59,   200, -1,   0
729330,19961102,   121,  1,  20,   152, -1,   0
729330,19961102,   117, -1,  43,    42,  1,  36
729330,19961102,   123,  1,  41,   185, -1,   3
729330,19961102,   128, -1,  73,   144,  1,  21
729330,19961102,   129,  1,  63,   132, -1,  14
729330,19961102,   130,  1,  14,   157, -1,  13
729330,19961102,   131, -1,  34,   195,  1,  23
729330,19961102,   133,  1,  14,   173, -1,   0
729330,19961102,   134,  1,  52,   127, -1,  20
729330,19961102,   126,  1,  73,    16, -1,   7
729330,19961102,   136, -1,  31,    88,  1,   7
729330,19961102,   137,  1,  50,    78, -1,  38
729330,19961102,   138, -1,  23,   227,  1,  10
729330,19961102,   140, -1,  49,   188,  1,   0
729330,19961102,   141,  0,  54,   125,  0,  27
729330,19961102,   142, -1,  38,   214,  1,   0
729330,19961102,   143,  1,  45,   111, -1,   0
729330,19961102,   148,  1,  20,   226, -1,   3
729330,19961102,   149,  1,  34,   139, -1,   9
729330,19961102,   151,  1,  38,    43, -1,  31
729330,19961102,   153, -1,  14,    39,  1,  11
729330,19961102,   156,  1,  51,   203, -1,  10
729330,19961102,   163,  1,  20,   224, -1,  14
729330,19961102,   165, -1,  49,   166,  1,  20
729330,19961102,   160, -1,  34,    47,  1,  14
729330,19961102,   172,  1,  21,    33, -1,  17
729330,19961102,   176,  1,  29,   169, -1,  21
729330,19961102,   177, -1,  38,   174,  1,  20
729330,19961102,   179, -1,  21,   199,  1,  20
729330,19961102,   168, -1,  38,   105,  1,  37
729330,19961102,   180, -1,  30,   220,  1,   7
729330,19961102,   183, -1,  31,   171,  1,  14
729330,19961102,   190, -1,   7,   167,  1,   6
729330,19961102,   186,  1,  28,    15, -1,  23
729330,19961102,   187, -1,  38,   145,  1,  19
729330,19961102,   181,  1,  42,   201, -1,  34
729330,19961102,   196,  1,  20,    69, -1,   7
729330,19961102,   192, -1,  33,   101,  1,  32
729330,19961102,   204,  1,  21,   135, -1,  13
729330,19961102,   207,  1,  31,   197, -1,  15
729330,19961102,   208,  1,  34,   155, -1,  16
729330,19961102,   209, -1,  27,    49,  1,   3
729330,19961102,   210,  1,  47,    96, -1,  16
729330,19961102,   215,  1,  38,   158, -1,  35
729330,19961102,   217, -1,  21,   202,  1,  10
729330,19961102,   219,  1,  17,   118, -1,   7
729330,19961102,   212, -1,  17,   211,  1,  14
729330,19961102,   213, -1,  23,   115,  1,  17
729330,19961102,   223,  1,  51,   161, -1,  37
729330,19961102,   221,  1,  10,    46, -1,   7
729330,19961102,   222,  1,  33,   154, -1,  25
729330,19961102,   225,  1,  59,   170, -1,  17
729335,19961107,   165,  1,  28,   225, -1,  24
729336,19961108,    66, -1,  23,   176,  1,  13
729337,19961109,     3, -1,  26,    99,  1,   0
729337,19961109,     8,  1,  35,    28, -1,   7
729337,19961109,     9,  1,  13,   112, -1,   7
729337,19961109,    10,  1,  55,    97, -1,  38
729337,19961109,    11,  1,  23,     1, -1,   7
729337,19961109,    12,  1,  28,   200, -1,  24
729337,19961109,    14,  1,  50,    91, -1,   6
729337,19961109,    25,  1,  49,   156, -1,   0
729337,19961109,    21, -1,  31,    71,  1,   7
729337,19961109,    42, -1,  42,    78,  1,  40
729337,19961109,   198, -1,  35,   197,  1,  13
729337,19961109,    34,  1,  16,    32, -1,  13
729337,19961109,    35, -1,  24,   209,  1,  16
729337,19961109,    36, -1,  34,    62,  1,  13
729337,19961109,    37,  1,  49,    85, -1,  42
729337,19961109,    38, -1,  42,    63,  1,  20
729337,19961109,    41, -1,  28,   226,  1,  20
729337,19961109,    44,  1,  40,    39, -1,   0
729337,19961109,    45,  1,  38,   224, -1,  14
729337,19961109,    50, -1,  48,   178,  1,   9
729337,19961109,    51, -1,  41,   167,  1,  21
729337,19961109,    53,  1,  20,     2, -1,  17
729337,19961109,    58,  1,  27,    83, -1,   0
729337,19961109,    59, -1,  28,   207,  1,  21
729337,19961109,    61,  0,  44,   216,  0,   7
729337,19961109,    64,  1,  21,    65, -1,  14
729337,19961109,    69,  1,   7,     4, -1,   0
729337,19961109,    70,  1,  38,    16, -1,  24
729337,19961109,    75,  1,  56,   172, -1,  49
729337,19961109,    76, -1,  23,   160,  1,   3
729337,19961109,    77,  1,  34,   132, -1,  19
729337,19961109,    88, -1,  14,    40,  1,   6
729337,19961109,    90, -1,  38,    89,  1,  12
729337,19961109,    92,  1,  24,   113, -1,  21
729337,19961109,    93,  1,  23,    22, -1,   7
729337,19961109,    94, -1,  20,    74,  1,  10
729337,19961109,   100, -1,   9,    73,  1,   7
729337,19961109,   101,  1,   9,    29, -1,   6
729337,19961109,   102, -1,  34,    56,  1,  10
729337,19961109,   106,  1,  21,   183, -1,  17
729337,19961109,   108,  1,  24,   142, -1,   8
729337,19961109,   110,  1,  38,    81, -1,  15
729337,19961109,   122, -1,  30,   190,  1,  12
729337,19961109,   121,  1,  16,     5, -1,   9
729337,19961109,   116,  1,  43,   169, -1,  10
729337,19961109,   117,  1,  63,   151, -1,   6
729337,19961109,   118,  1,  37,    27, -1,  20
729337,19961109,   123, -1,  17,    52,  1,  14
729337,19961109,   125,  1,  30,    46, -1,  14
729337,19961109,   128,  1,  51,   114, -1,   7
729337,19961109,   129, -1,  54,   204,  1,  27
729337,19961109,   130,  1,  34,   208, -1,   0
729337,19961109,   133,  1,  20,   162, -1,  10
729337,19961109,   134,  1,  28,    98, -1,  10
729337,19961109,   126, -1,  31,    47,  1,   6
729337,19961109,   127,  1,  44,    49, -1,  22
729337,19961109,   135, -1,  30,    17,  1,  27
729337,19961109,   136,  1,  10,    19, -1,   3
729337,19961109,   137, -1,  13,    54,  1,  10
729337,19961109,   138, -1,  34,    82,  1,  19
729337,19961109,   139, -1,  40,    84,  1,  13
729337,19961109,   141, -1,  48,    18,  1,  21
729337,19961109,   143, -1,  48,    79,  1,   0
729337,19961109,   144, -1,  27,   145,  1,  17
729337,19961109,   146,  1,  49,     7, -1,  31
729337,19961109,   148, -1,  10,   153,  1,   6
729337,19961109,   154,  1,   9,   109, -1,   3
729337,19961109,   158, -1,  16,   175,  1,  15
729337,19961109,   166, -1,  38,    72,  1,  17
729337,19961109,   170, -1,  30,   205,  1,   0
729337,19961109,   173,  1,  21,    60, -1,  17
729337,19961109,   188, -1,  16,   105,  1,  13
729337,19961109,    96,  1,  45,   124, -1,  31
729337,19961109,   179,  1,  24,   202, -1,  20
729337,19961109,   168,  1,  42,    87, -1,  10
729337,19961109,   180, -1,  31,   194,  1,   7
729337,19961109,   185,  1,  21,   184, -1,  19
729337,19961109,   186, -1,  38,   189,  1,  32
729337,19961109,   187, -1,  24,    15,  1,   7
729337,19961109,   181, -1,  31,   195,  1,  24
729337,19961109,   196,  1,  42,   120, -1,   3
729337,19961109,   191,  1,  23,    26, -1,  20
729337,19961109,   193, -1,  26,   140,  1,  13
729337,19961109,   199,  1,  38,   218, -1,  14
729337,19961109,   203, -1,  31,   131,  1,  24
729337,19961109,   211,  1,  20,   157, -1,   7
729337,19961109,   210,  1,  35,    55, -1,  14
729337,19961109,   217,  1,  42,   147, -1,   3
729337,19961109,   219, -1,  41,    43,  1,  31
729337,19961109,   220, -1,  55,   159,  1,  14
729337,19961109,   213,  1,  28,    80, -1,  11
729337,19961109,   223, -1,  31,   119,  1,  26
729337,19961109,   214, -1,  16,    20,  1,  13
729337,19961109,   221,  1,  30,   104, -1,   6
729337,19961109,   222,  1,  45,   111, -1,  28
729337,19961109,   227, -1,  17,   115,  1,  13
729342,19961114,   103,  1,  13,    68, -1,  10
729344,19961116,     1, -1,  44,    63,  1,  38
729344,19961116,     6, -1,  24,   212,  1,  17
729344,19961116,     7,  1,  35,   199, -1,  17
729344,19961116,    14,  1,  24,   191, -1,  14
729344,19961116,    16,  1,  28,   206, -1,  23
729344,19961116,    17, -1,  33,   132,  1,  32
729344,19961116,    18,  1,  21,   182, -1,  20
729344,19961116,    25, -1,  45,    72,  1,  14
729344,19961116,    22,  1,  51,    62, -1,  17
729344,19961116,    23, -1,  35,   100,  1,  31
729344,19961116,    42,  1,  49,    54, -1,  27
729344,19961116,   198,  1,  27,    20, -1,  19
729344,19961116,    33, -1,  34,   197,  1,  14
729344,19961116,    35,  1,  40,   127, -1,  17
729344,19961116,    36, -1,  30,    94,  1,  23
729344,19961116,    37,  1,  12,    90, -1,   0
729344,19961116,    39,  1,  24,    41, -1,  10
729344,19961116,    44, -1,  27,    21,  1,  24
729344,19961116,    45, -1,  40,   164,  1,  34
729344,19961116,    46,  1,  43,   155, -1,  27
729344,19961116,    50, -1,  20,    29,  1,   3
729344,19961116,    55,  1,  55,   142, -1,  45
729344,19961116,    56, -1,  28,    32,  1,  24
729344,19961116,    52, -1,  24,    13,  1,  10
729344,19961116,    59,  1,  52,   171, -1,  25
729344,19961116,    60,  0,  20,   160,  0,   6
729344,19961116,    61,  1,  54,   172, -1,  14
729344,19961116,    66,  1,  61,   178, -1,  14
729344,19961116,    67, -1,  56,    12,  1,  49
729344,19961116,    65,  1,  45,    95, -1,  14
729344,19961116,    75,  1,  38,    98, -1,   7
729344,19961116,    76,  1,  49,   120, -1,   0
729344,19961116,    78, -1,  31,   151,  1,  12
729344,19961116,    80,  1,  26,   185, -1,  15
729344,19961116,    84,  1,  31,   222, -1,   0
729344,19961116,    86,  1,  76,   152, -1,  20
729344,19961116,    92,  1,  25,   207, -1,   0
729344,19961116,    93,  1,  38,    74, -1,  21
729344,19961116,    99, -1,  39,   112,  1,   7
729344,19961116,   101, -1,  41,   169,  1,   6
729344,19961116,   102,  1,  42,    64, -1,  17
729344,19961116,   104,  1,  39,    40, -1,  38
729344,19961116,   105, -1,  20,   140,  1,   3
729344,19961116,   122,  1,  31,    51, -1,  24
729344,19961116,   111,  1,  23,    79, -1,  21
729344,19961116,   113,  1,  17,     3, -1,  16
729344,19961116,   121, -1,  25,     4,  1,  20
729344,19961116,   114, -1,  49,    15,  1,  42
729344,19961116,   116, -1,  33,    30,  1,  27
729344,19961116,   117, -1,  24,   219,  1,  10
729344,19961116,   118,  1,  49,    43, -1,  14
729344,19961116,   119, -1,  38,    57,  1,  21
729344,19961116,   123,  1,  50,   184, -1,  14
729344,19961116,   125,  1,  35,   194, -1,  21
729344,19961116,   128, -1,  49,    85,  1,  14
729344,19961116,   129,  1,  66,    10, -1,  14
729344,19961116,   201,  1,  44,   165, -1,  42
729344,19961116,   130, -1,  31,    19,  1,  10
729344,19961116,   126,  1,  17,    69, -1,  12
729344,19961116,   135,  1,  24,    77, -1,  17
729344,19961116,   200,  1,  31,    87, -1,  28
729344,19961116,   138,  1,  30,   213, -1,   6
729344,19961116,   139,  1,  27,   154, -1,  24
729344,19961116,   141,  1,  60,   150, -1,   6
729344,19961116,   143, -1,  27,    81,  1,  17
729344,19961116,   146,  1,  40,    28, -1,  23
729344,19961116,   147,  1,  67,   124, -1,  28
729344,19961116,   148,  1,  17,    71, -1,  12
729344,19961116,   149, -1,  29,   109,  1,  17
729344,19961116,   153, -1,  17,   226,  1,  13
729344,19961116,   156, -1,  30,   181,  1,  17
729344,19961116,   163,  1,  31,   190, -1,  12
729344,19961116,   161,  1,  34,   167, -1,  17
729344,19961116,   115, -1,  27,    82,  1,  12
729344,19961116,   188,  1,  31,   168, -1,  19
729344,19961116,   176, -1,  45,    83,  1,  14
729344,19961116,   179,  1,  33,   218, -1,  17
729344,19961116,   180,  1,  42,    11, -1,  17
729344,19961116,   183,  1,  55,     9, -1,  14
729344,19961116,   186, -1,  38,    89,  1,  17
729344,19961116,   187,  1,  33,   144, -1,  16
729344,19961116,   196, -1,  34,   173,  1,  30
729344,19961116,   189,  1,  56,    96, -1,  21
729344,19961116,   192,  1,  35,   215, -1,  11
729344,19961116,   193, -1,  35,   162,  1,  14
729344,19961116,   195, -1,  38,   205,  1,  21
729344,19961116,   208, -1,  40,    88,  1,  23
729344,19961116,   209,  1,  20,   134, -1,  17
729344,19961116,   211,  1,  34,    34, -1,  27
729344,19961116,   210, -1,  21,   107,  1,   7
729344,19961116,   216,  1,  17,    49, -1,  16
729344,19961116,   217,  1,  53,   166, -1,  10
729344,19961116,   214,  1,  76,    91, -1,  27
729344,19961116,   221, -1,  28,   157,  1,  13
729344,19961116,   224,  1,  43,    31, -1,  15
729344,19961116,   225, -1,  25,    38,  1,  24
729344,19961116,   227, -1,  14,    73,  1,   3
729349,19961121,   197,  1,  49,    31, -1,  13
729349,19961121,   170,  1,  27,   181, -1,  24
729349,19961121,   193,  1,  50,   163, -1,  10
729351,19961123,     3,  1,  24,    12, -1,  23
729351,19961123,     6,  1,  26,   211, -1,  14
729351,19961123,     8, -1,  56,     7,  1,  14
729351,19961123,     9, -1,  16,   113,  1,  13
729351,19961123,    13,  1,  55,   190, -1,  24
729351,19961123,    25, -1,  37,   203,  1,  17
729351,19961123,    22,  1,  28,    36, -1,  27
729351,19961123,    27, -1,  48,    43,  1,  28
729351,19961123,    33,  1,  35,   200, -1,  13
729351,19961123,    39,  1,  31,    21, -1,  27
729351,19961123,    41,  1,  24,   148, -1,  21
729351,19961123,    44, -1,  24,   153,  1,   0
729351,19961123,    55, -1,  20,   106,  1,  10
729351,19961123,    51,  1,  45,    52, -1,  21
729351,19961123,    60,  0,  41,    16,  0,   7
729351,19961123,    61,  0,  48,   103,  0,  10
729351,19961123,    64,  1,  42,    32, -1,  21
729351,19961123,    71,  1,  26,   226, -1,  21
729351,19961123,    73,  1,  21,   155, -1,   0
729351,19961123,    74, -1,  45,    66,  1,  36
729351,19961123,    76,  1,  48,    47, -1,  23
729351,19961123,    77, -1,  64,    17,  1,  19
729351,19961123,    81, -1,  33,   154,  1,  16
729351,19961123,    84, -1,  43,   111,  1,  24
729351,19961123,    86, -1,  27,     5,  1,  17
729351,19961123,    94, -1,  23,    93,  1,  19
729351,19961123,    99,  1,  35,   194, -1,  17
729351,19961123,   107,  1,  43,    18, -1,  26
729351,19961123,   109, -1,  13,   143,  1,   9
729351,19961123,   122,  1,  16,   185, -1,  10
729351,19961123,   112, -1,  31,    67,  1,  27
729351,19961123,   114,  1,  42,    89, -1,  25
729351,19961123,   117,  1,  35,   118, -1,  14
729351,19961123,   120,  1,  23,    70, -1,  22
729351,19961123,   125, -1,  36,    68,  1,  26
729351,19961123,   131,  1,  44,   205, -1,  17
729351,19961123,   133, -1,  17,   105,  1,  16
729351,19961123,   134, -1,  27,    49,  1,  10
729351,19961123,   127,  1,  37,   216, -1,  22
729351,19961123,   136,  1,  30,   130, -1,  28
729351,19961123,   140, -1,  17,   168,  1,  10
729351,19961123,   141,  1,  62,   159, -1,   0
729351,19961123,   145,  1,  37,    15, -1,  17
729351,19961123,   146, -1,  49,   147,  1,  13
729351,19961123,   149,  1,  32,   110, -1,  29
729351,19961123,   156,  1,  42,   195, -1,  14
729351,19961123,   158, -1,  28,    50,  1,  26
729351,19961123,   162,  1,  29,   188, -1,  17
729351,19961123,   165,  1,  31,    63, -1,  21
729351,19961123,   166,  1,  31,   201, -1,  28
729351,19961123,   171, -1,  34,    35,  1,  31
729351,19961123,   160,  0,  35,   126,  0,   0
729351,19961123,   167, -1,  24,   184,  1,  21
729351,19961123,   179, -1,  42,    28,  1,  21
729351,19961123,   180, -1,  36,   182,  1,  15
729351,19961123,   183,  1,  56,    92, -1,  10
729351,19961123,   189, -1,  22,   144,  1,  12
729351,19961123,   191, -1,  24,   142,  1,  23
729351,19961123,   199,  1,  48,   202, -1,  41
729351,19961123,   210,  1,  31,   220, -1,  14
729351,19961123,   217, -1,  31,   218,  1,  24
729351,19961123,   219, -1,  37,    78,  1,  22
729351,19961123,   222, -1,  35,    79,  1,  15
729351,19961123,   224, -1,  26,    34,  1,  21
729353,19961125,    90,  1,  35,    85, -1,  20
729356,19961128,   165,  1,  28,     1, -1,  23
729357,19961129,    99, -1,  17,     9,  1,   7
729357,19961129,   128,  1,  17,    37, -1,  12
729357,19961129,   186,  1,  51,   187, -1,  15
729357,19961129,   210,  1,  26,   209, -1,   9
729358,19961130,    55,  0,  50,   127,  0,  29
729358,19961130,    56,  1,  35,   208, -1,  29
729358,19961130,    61,  1,  24,    59, -1,  21
729358,19961130,    64, -1,  42,   137,  1,  31
729358,19961130,    67,  1,  19,    68, -1,  10
729358,19961130,   102,  1,  59,    46, -1,  14
729358,19961130,   107, -1,  38,   180,  1,  31
729358,19961130,   113, -1,  17,   112,  1,   0
729358,19961130,   117,  1,  48,   133, -1,   3
729358,19961130,   123,  1,  34,   213, -1,   6
729358,19961130,   138,  1,  21,    51, -1,  14
729358,19961130,   150,  1,  24,   159, -1,   9
729358,19961130,   202,  1,  27,   141, -1,  20
729358,19961130,   173,  0,  17,    69,  0,  12
729358,19961130,   183, -1,  14,   207,  1,   7
729358,19961130,   193,  1,  29,    60, -1,  25
729358,19961130,   221,  1,  45,    86, -1,   6
729358,19961130,   222, -1,  59,    72,  1,  10
729365,19961207,    11,  0,  28,   125,  0,  24
729365,19961207,    25,  0,  28,   225,  0,  25
729365,19961207,    59,  0,  45,     3,  0,  30
729365,19961207,   102,  1,  54,    64, -1,   0
729365,19961207,   117,  1,  44,    56, -1,  14
729365,19961207,   138,  1,  38,   221, -1,  35
729365,19961207,   186,  0,  37,   128,  0,  27
729365,19961207,   193,  1,  31,   123, -1,   3
729372,19961214,   102,  1,  31,   138, -1,  14
729372,19961214,   117,  1,  70,   193, -1,   7
729377,19961219,   129,  0,  18,    14,  0,  15
729379,19961221,   102,  1,  49,   117, -1,  29
729383,19961225,   125,  0,  42,    28,  0,  38
729385,19961227,   107,  1,  31,   209, -1,  21
729385,19961227,   180,  0,  30,    75,  0,  17
729385,19961227,   222,  0,  38,   203,  0,  10
729386,19961228,    99,  0,  10,    35,  0,   7
729387,19961229,    84,  0,  27,   189,  0,   0
729388,19961230,    37,  0,  33,   217,  0,  21
729389,19961231,    12,  0,  32,    11,  0,  29
729389,19961231,    76,  0,  27,   173,  0,  24
729389,19961231,   128,  0,  41,   210,  0,  21
729389,19961231,   179,  0,  38,   110,  0,   0
729390,19970101,     3,  0,  17,   109,  0,  14
729390,19970101,    25,  0,  19,    90,  0,  15
729390,19970101,   134,  0,  20,   220,  0,  13
729390,19970101,   143,  0,  20,     8,  0,  17
729390,19970101,   149,  0,  38,   186,  0,  15
729390,19970101,   183,  0,  48,   139,  0,  28
729391,19970102,    59,  0,  52,    61,  0,  20
