730359,19990828,    64,  1,  41,   102, -1,   7
730359,19990828,   132, -1,  23,   195,  1,  20
730359,19990828,   147,  1,  48,    93, -1,  13
730359,19990828,   155,  1,  41,     9, -1,   7
730360,19990829,   112,  0,  23,   149,  0,  12
730364,19990902,    28,  1,  33,    54, -1,  17
730364,19990902,    49,  1,  34,   230, -1,  27
730364,19990902,    60,  1,  28,    36, -1,  10
730364,19990902,    80,  0,  48,    57,  0,  21
730364,19990902,    88,  1,  33,    85, -1,   7
730364,19990902,   108, -1,   6,   191,  1,   0
730364,19990902,   115,  1,  27,   152, -1,  20
730364,19990902,   124,  1,  40,    47, -1,   0
730364,19990902,   210, -1,  26,   141,  1,   3
730364,19990902,   167, -1,  43,   174,  1,  25
730364,19990902,   189, -1,  35,   200,  1,  12
730364,19990902,    34, -1,  29,   170,  1,  27
730364,19990902,   222, -1,  27,   129,  1,  21
730364,19990902,   232, -1,  34,   199,  1,  10
730366,19990904,     1,  1,  37,   217, -1,  13
730366,19990904,     3, -1,  28,   216,  1,  17
730366,19990904,     4, -1,  37,    91,  1,  20
730366,19990904,     6, -1,  35,    32,  1,  13
730366,19990904,    11,  1,  13,   126, -1,   9
730366,19990904,    12, -1,  26,   177,  1,   0
730366,19990904,    15,  1,  22,     8, -1,  15
730366,19990904,    21,  1,  30,    18, -1,  29
730366,19990904,    24,  1,  37,   125, -1,  10
730366,19990904,    45,  1,  41,   185, -1,   7
730366,19990904,    30,  1,  21,   165, -1,   7
730366,19990904,    35,  1,  41,    95, -1,   3
730366,19990904,    38,  1,  28,   105, -1,  21
730366,19990904,    40,  0,  41,    39,  0,  14
730366,19990904,    58,  0,  30,   229,  0,  23
730366,19990904,    59, -1,  24,    67,  1,  22
730366,19990904,    62,  1,  55,   223, -1,  26
730366,19990904,    66,  1,  34,   157, -1,   6
730366,19990904,    70,  1,  38,   213, -1,   7
730366,19990904,    71, -1,  49,   130,  1,  14
730366,19990904,    72,  0,  41,     7,  0,  25
730366,19990904,    73,  1,  21,    50, -1,   0
730366,19990904,    76,  1,  56,    42, -1,  17
730366,19990904,    78,  1,  28,   162, -1,   3
730366,19990904,    82,  1,  41,    13, -1,   3
730366,19990904,    84,  1,  21,    17, -1,   9
730366,19990904,    89,  1,  35,    79, -1,  21
730366,19990904,    97,  1,  44,   183, -1,   7
730366,19990904,   104,  1,  29,   173, -1,  21
730366,19990904,   103, -1,  56,    96,  1,  28
730366,19990904,   107, -1,  13,    37,  1,  10
730366,19990904,   112,  1,  57,    63, -1,   3
730366,19990904,   113, -1,  28,   145,  1,   3
730366,19990904,   114,  1,  26,   147, -1,  22
730366,19990904,   116,  1,  33,   148, -1,   7
730366,19990904,   117, -1,   3,   111,  1,   0
730366,19990904,   118,  1,  40,   127, -1,   7
730366,19990904,   119,  1,  31,   206, -1,  28
730366,19990904,   133, -1,  42,    87,  1,   7
730366,19990904,   135, -1,  37,   161,  1,  14
730366,19990904,   132,  1,  10,   178, -1,   0
730366,19990904,   209,  1,  27,   138, -1,  10
730366,19990904,   144, -1,  41,   110,  1,  17
730366,19990904,   151,  1,  24,   101, -1,   7
730366,19990904,   153, -1,  28,   134,  1,  13
730366,19990904,   155,  1,  70,     2, -1,  24
730366,19990904,   156,  1,  30,    22, -1,  10
730366,19990904,   160, -1,  47,   207,  1,  13
730366,19990904,   163,  1,  42,   220, -1,   6
730366,19990904,   172,  1,  41,   179, -1,  12
730366,19990904,   166,  1,  20,    33, -1,  14
730366,19990904,   211, -1,  62,    75,  1,   7
730366,19990904,   181,  1,  20,   146, -1,  13
730366,19990904,   192,  1,  42,   234, -1,  17
730366,19990904,   195,  1,  69,   187, -1,  17
730366,19990904,   196,  0,  37,   102,  0,  17
730366,19990904,   205,  1,  34,   158, -1,   0
730366,19990904,   214,  1,  13,   136, -1,  10
730366,19990904,   201,  1,  34,   121, -1,   7
730366,19990904,   204,  1,  45,   120, -1,  21
730366,19990904,   208,  1,  38,    20, -1,   7
730366,19990904,   212, -1,  27,   227,  1,   7
730366,19990904,   218, -1,  20,   140,  1,  17
730366,19990904,   219,  1,  47,    92, -1,   0
730366,19990904,   231,  1,  49,   128, -1,  10
730367,19990905,     9, -1,  35,   190,  1,  31
730367,19990905,   193,  1,  41,     5, -1,   8
730368,19990906,    10,  1,  31,   198, -1,  13
730368,19990906,   180,  1,  48,   203, -1,  14
730371,19990909,    27,  1,  35,   226, -1,  28
730371,19990909,   143,  1,  55,    29, -1,  21
730373,19990911,     2, -1,  17,    25,  1,  10
730373,19990911,     3,  1,  37,    78, -1,  10
730373,19990911,     6, -1,  24,   121,  1,  16
730373,19990911,     7, -1,  38,     5,  1,  27
730373,19990911,     8,  1,  34,    55, -1,  20
730373,19990911,     9,  1,  34,   127, -1,  19
730373,19990911,    15,  1,  30,    80, -1,  23
730373,19990911,    19,  1,  28,   125, -1,  25
730373,19990911,    20,  1,  35,   182, -1,  27
730373,19990911,    22,  1,  40,   194, -1,  15
730373,19990911,    24, -1,  21,    38,  1,  16
730373,19990911,    37,  1,  33,   218, -1,  14
730373,19990911,    39,  1,  63,   173, -1,  35
730373,19990911,    40,  1,  38,   134, -1,  33
730373,19990911,    49, -1,  26,    36,  1,  16
730373,19990911,    53,  1,  32,    97, -1,   3
730373,19990911,    58,  1,  27,    52, -1,   9
730373,19990911,    59, -1,  51,    50,  1,  28
730373,19990911,    61, -1,  42,    86,  1,   6
730373,19990911,    62,  1,  58,   207, -1,  27
730373,19990911,    63,  1,  56,   139, -1,   7
730373,19990911,    64,  1,  41,    71, -1,  35
730373,19990911,    69, -1,  34,    77,  1,  16
730373,19990911,    70,  1,  24,   178, -1,   9
730373,19990911,    68, -1,  55,   233,  1,  14
730373,19990911,    72,  1,  36,     4, -1,  31
730373,19990911,    73,  0,  28,    79,  0,  27
730373,19990911,    75,  1,  31,    54, -1,  27
730373,19990911,    76, -1,  27,   105,  1,  19
730373,19990911,    82,  1,  38,   172, -1,  10
730373,19990911,    83,  1,  55,   174, -1,   7
730373,19990911,    88,  1,  17,    87, -1,  10
730373,19990911,    90, -1,  20,    47,  1,  15
730373,19990911,    92,  1,  29,   142, -1,  21
730373,19990911,    93,  1,  71,    44, -1,  14
730373,19990911,    94,  1,  40,   191, -1,   0
730373,19990911,    96,  1,  45,    42, -1,  14
730373,19990911,    99, -1,  49,    65,  1,   7
730373,19990911,   104,  1,  52,   141, -1,   0
730373,19990911,   102,  1,  55,   169, -1,  17
730373,19990911,   103,  1,  58,    34, -1,  30
730373,19990911,   106,  1,  20,   186, -1,   0
730373,19990911,   107,  1,  63,   100, -1,   3
730373,19990911,   108,  1,  51,   221, -1,  10
730373,19990911,   109,  1,  34,   135, -1,  19
730373,19990911,   114,  1,  37,   162, -1,   3
730373,19990911,   115,  1,  51,    56, -1,   7
730373,19990911,   116,  1,  35,   209, -1,   0
730373,19990911,   117,  1,  38,    13, -1,  14
730373,19990911,   118,  1,  13,   111, -1,  10
730373,19990911,   122,  1,  41,    45, -1,  38
730373,19990911,   124, -1,  56,    26,  1,  34
730373,19990911,   130, -1,  48,    95,  1,  28
730373,19990911,   133,  1,  45,    30, -1,   0
730373,19990911,   210, -1,  27,    18,  1,  24
730373,19990911,   137, -1,  35,   136,  1,  28
730373,19990911,   140, -1,  42,    84,  1,  30
730373,19990911,   132,  1,  38,   230, -1,   9
730373,19990911,   144, -1,  36,   148,  1,  21
730373,19990911,   145,  1,  17,   190, -1,   7
730373,19990911,   149,  1,  42,   208, -1,  20
730373,19990911,   150,  1,  49,    85, -1,   0
730373,19990911,   151,  1,  46,   204, -1,   9
730373,19990911,   152,  1,  47,   214, -1,  28
730373,19990911,   153,  1,  46,    66, -1,  23
730373,19990911,   155,  1,  20,   156, -1,  17
730373,19990911,   160,  1,  28,   147, -1,  23
730373,19990911,   164,  1,  34,    48, -1,   7
730373,19990911,   168,  1,   9,   176, -1,   7
730373,19990911,   170, -1,  51,    16,  1,   0
730373,19990911,   179,  1,  17,   197, -1,  10
730373,19990911,   167,  1,  58,   128, -1,  51
730373,19990911,   180,  1,  40,   146, -1,   6
730373,19990911,   181,  1,  17,    11, -1,   9
730373,19990911,   120,  1,  37,   205, -1,   7
730373,19990911,   184,  1,  35,   183, -1,   0
730373,19990911,   187,  1,  54,   227, -1,  17
730373,19990911,   189,  1,  47,    28, -1,   7
730373,19990911,   193,  0,  48,    89,  0,  33
730373,19990911,   195, -1,  38,   165,  1,  21
730373,19990911,   198, -1,  38,   101,  1,  17
730373,19990911,   201,  1,  35,    98, -1,   7
730373,19990911,   202, -1,  31,    35,  1,  24
730373,19990911,   203,  1,  53,   177, -1,  19
730373,19990911,   213,  1,  51,   175, -1,  17
730373,19990911,   216,  1,  34,   129, -1,  31
730373,19990911,   217, -1,  35,   163,  1,  30
730373,19990911,   219,  1,  31,   206, -1,  10
730373,19990911,   224, -1,  24,   188,  1,  12
730373,19990911,   225, -1,  34,    14,  1,  15
730373,19990911,   229,  1,  43,   113, -1,  27
730373,19990911,   222,  1,  77,   126, -1,   7
730373,19990911,   223,  1,  46,   236, -1,  28
730373,19990911,   231,  1,  50,    17, -1,  10
730373,19990911,   234,  1,  41,   228, -1,  16
730378,19990916,    27,  1,  34,    40, -1,  13
730378,19990916,   157,  1,  48,    57, -1,  39
730380,19990918,     1, -1,  31,   226,  1,  21
730380,19990918,     2,  1,  25,   191, -1,  15
730380,19990918,     4, -1,  26,   126,  1,  19
730380,19990918,    12,  1,  44,   209, -1,   6
730380,19990918,    15, -1,  41,   104,  1,   7
730380,19990918,    21, -1,  14,   130,  1,  10
730380,19990918,    23, -1,  25,   235,  1,  24
730380,19990918,    26, -1,  21,   183,  1,   7
730380,19990918,    29,  1,  40,   123, -1,  37
730380,19990918,    35,  1,  17,   231, -1,  12
730380,19990918,    38, -1,  49,    65,  1,  24
730380,19990918,    39,  1,  51,    93, -1,  17
730380,19990918,    42,  1,  23,    25, -1,   0
730380,19990918,    43, -1,  20,   159,  1,   3
730380,19990918,    48,  1,  49,    16, -1,  21
730380,19990918,    50,  1,  26,   139, -1,   6
730380,19990918,    58, -1,  21,   178,  1,   3
730380,19990918,    60, -1,  26,   220,  1,  17
730380,19990918,    55,  1,  31,    85, -1,  24
730380,19990918,    61,  1,  34,    53, -1,  21
730380,19990918,    62,  1,  23,   192, -1,  21
730380,19990918,    64,  1,  42,   132, -1,  11
730380,19990918,    67, -1,  52,   230,  1,   6
730380,19990918,    69,  1,  47,   176, -1,  12
730380,19990918,    71,  1,  41,   207, -1,  10
730380,19990918,    73,  0,  26,    11,  0,  13
730380,19990918,    74,  1,  24,    41, -1,   7
730380,19990918,    75,  1,  34,    20, -1,  19
730380,19990918,    76, -1,  28,   161,  1,  13
730380,19990918,    77,  1,  30,    98, -1,  12
730380,19990918,    78,  1,  45,   101, -1,   0
730380,19990918,    79,  0,  31,    19,  0,  27
730380,19990918,    80, -1,  28,   227,  1,  17
730380,19990918,    82, -1,  41,   103,  1,  36
730380,19990918,    86, -1,  31,    97,  1,  23
730380,19990918,    87,  1,  24,   129, -1,   0
730380,19990918,    88, -1,  24,   210,  1,   0
730380,19990918,    89,  1,  31,    72, -1,   6
730380,19990918,    92, -1,  35,   135,  1,  28
730380,19990918,    94,  1,  40,   214, -1,   7
730380,19990918,    96, -1,  44,    84,  1,  35
730380,19990918,    99,  1,  56,   121, -1,  10
730380,19990918,   102, -1,  29,     3,  1,  28
730380,19990918,   105,  1,  21,   163, -1,  14
730380,19990918,   107,  1,  35,    22, -1,  16
730380,19990918,   108,  1,  33,   229, -1,   0
730380,19990918,   111,  1,  31,    13, -1,  26
730380,19990918,   113,  1,  35,    56, -1,  14
730380,19990918,   114, -1,  18,   189,  1,  13
730380,19990918,   115, -1,  23,   147,  1,  13
730380,19990918,   127,  1,  52,   233, -1,  42
730380,19990918,   116,  1,  55,    83, -1,   7
730380,19990918,   118,  1,  29,   151, -1,  11
730380,19990918,   119,  1,  48,   223, -1,  34
730380,19990918,   128,  1,  45,   174, -1,  18
730380,19990918,   133,  1,  20,   180, -1,  13
730380,19990918,   136,  1,  45,   143, -1,  14
730380,19990918,   137, -1,  35,    10,  1,   7
730380,19990918,   141, -1,  21,   198,  1,  14
730380,19990918,   145, -1,  15,    52,  1,  12
730380,19990918,   149,  1,  40,   148, -1,  16
730380,19990918,   150,  1,  41,    18, -1,  10
730380,19990918,   152,  1,  72,   134, -1,  10
730380,19990918,   153,  1,  48,    68, -1,  41
730380,19990918,   154,  1,  17,    46, -1,   6
730380,19990918,   155, -1,  27,   112,  1,  23
730380,19990918,   156,  1,  30,    95, -1,  23
730380,19990918,   160,  1,  58,    28, -1,  16
730380,19990918,   170, -1,  32,   199,  1,   7
730380,19990918,   173,  1,  38,   185, -1,   3
730380,19990918,   179, -1,  21,   232,  1,   6
730380,19990918,   211,  1,  24,   172, -1,  21
730380,19990918,   167, -1,  34,    54,  1,   6
730380,19990918,   181,  1,  42,   158, -1,   0
730380,19990918,   182, -1,  31,   110,  1,  24
730380,19990918,   184,  1,  16,   106, -1,   0
730380,19990918,   186,  1,  33,    31, -1,  22
730380,19990918,   187, -1,  50,     9,  1,  22
730380,19990918,   175,  1,  28,   197, -1,  17
730380,19990918,   193,  0,  42,    63,  0,  25
730380,19990918,   194,  1,  18,   100, -1,  15
730380,19990918,   195,  1,  18,   162, -1,  13
730380,19990918,   196,  1,  62,   204, -1,  13
730380,19990918,   200, -1,  23,    17,  1,  10
730380,19990918,   201, -1,  27,    24,  1,  20
730380,19990918,   202, -1,  27,     5,  1,  20
730380,19990918,   203,  1,  48,    14, -1,  28
730380,19990918,   208,  1,  35,    66, -1,  21
730380,19990918,   212,  1,  38,   213, -1,  18
730380,19990918,   215,  1,  17,   164, -1,  13
730380,19990918,   216, -1,  37,   117,  1,  34
730380,19990918,   217,  1,  26,   109, -1,  21
730380,19990918,   218,  1,  35,   225, -1,   7
730380,19990918,   224,  1,  33,   168, -1,   0
730380,19990918,   228,  1,  27,    81, -1,  24
730380,19990918,   222,  0,  14,   138,  0,  13
730385,19990923,   219,  1,  31,    37, -1,  11
730387,19990925,     3,  1,  35,    12, -1,  28
730387,19990925,     4,  1,  27,   158, -1,   3
730387,19990925,   206,  1,  29,    78, -1,  10
730387,19990925,     8, -1,  51,    36,  1,   0
730387,19990925,     9, -1,  30,   227,  1,  24
730387,19990925,    11,  1,  33,     7, -1,  17
730387,19990925,    14,  1,  41,    17, -1,  21
730387,19990925,    20,  1,  20,   136, -1,   9
730387,19990925,    21, -1,  27,   165,  1,   7
730387,19990925,    23,  1,  35,    98, -1,  28
730387,19990925,    24,  1,  38,    50, -1,  28
730387,19990925,    45,  1,  41,   123, -1,  10
730387,19990925,    30,  1,  24,    10, -1,  23
730387,19990925,    38, -1,  35,    46,  1,   3
730387,19990925,    41,  1,  28,   201, -1,  13
730387,19990925,    42, -1,  34,   105,  1,  20
730387,19990925,    43,  1,  42,    65, -1,  14
730387,19990925,    53, -1,  31,   106,  1,   0
730387,19990925,    58,  1,  27,   112, -1,  23
730387,19990925,    60,  1,  38,   221, -1,  10
730387,19990925,    54,  1,  42,   199, -1,  21
730387,19990925,    55, -1,  17,   170,  1,  16
730387,19990925,    56,  1,  38,     2, -1,  17
730387,19990925,    57,  1,  48,    44, -1,  41
730387,19990925,    59,  1,  40,   131, -1,   7
730387,19990925,    61, -1,  59,    31,  1,  20
730387,19990925,    62, -1,  38,    96,  1,  10
730387,19990925,    63,  0,  76,   166,  0,  17
730387,19990925,    64, -1,  42,   140,  1,  10
730387,19990925,    66, -1,  49,   134,  1,  24
730387,19990925,    67,  1,  58,   220, -1,   0
730387,19990925,    69,  1,  30,   184, -1,   7
730387,19990925,    70,  1,  24,   207, -1,  23
730387,19990925,    68,  1,  49,    34, -1,  10
730387,19990925,    73,  1,  27,    72, -1,   7
730387,19990925,    74, -1,  25,    77,  1,  17
730387,19990925,    75, -1,  20,   177,  1,   0
730387,19990925,    76,  1,  38,    29, -1,   3
730387,19990925,    79,  1,  32,   205, -1,  20
730387,19990925,    83, -1,  46,   120,  1,  42
730387,19990925,    86,  1,  24,   168, -1,   0
730387,19990925,    89, -1,  63,   126,  1,   0
730387,19990925,    92,  1,  21,    49, -1,   7
730387,19990925,    94, -1,  35,    88,  1,  28
730387,19990925,    95,  1,  41,    22, -1,  27
730387,19990925,    99, -1,  31,   159,  1,   0
730387,19990925,   107,  1,  34,   191, -1,   0
730387,19990925,   113, -1,  24,    28,  1,  16
730387,19990925,   114, -1,  21,   231,  1,  16
730387,19990925,   115, -1,  27,    82,  1,  10
730387,19990925,   117, -1,  24,    15,  1,  17
730387,19990925,   118,  1,  17,   178, -1,   0
730387,19990925,   122,  1,  81,   228, -1,  22
730387,19990925,   124,  1,  50,    48, -1,  39
730387,19990925,   125, -1,  24,   161,  1,  21
730387,19990925,   133, -1,  40,   119,  1,  10
730387,19990925,   138, -1,  45,    91,  1,  42
730387,19990925,   209,  1,  38,   146, -1,   7
730387,19990925,   143, -1,  29,   197,  1,  26
730387,19990925,   144,  1,  34,   167, -1,  14
730387,19990925,   148,  1,  45,    25, -1,   6
730387,19990925,   149,  1,  34,    35, -1,  20
730387,19990925,   150, -1,  42,   103,  1,  21
730387,19990925,   152,  1,  33,   211, -1,  30
730387,19990925,   155,  1,  45,    84, -1,  24
730387,19990925,   157, -1,  52,    81,  1,  13
730387,19990925,   160,  1,  31,   145, -1,  23
730387,19990925,   162,  1,  20,   130, -1,  17
730387,19990925,   163,  1,  27,   135, -1,  17
730387,19990925,   164, -1,  27,    32,  1,  24
730387,19990925,   172, -1,  41,    93,  1,  13
730387,19990925,   173,  1,  34,   204, -1,  10
730387,19990925,   176,  1,  32,   186, -1,  11
730387,19990925,   181, -1,  36,     5,  1,  13
730387,19990925,   101,  1,  45,   127, -1,  31
730387,19990925,   187,  1,  42,   208, -1,  32
730387,19990925,   188,  1,   7,   121, -1,   3
730387,19990925,   189,  1,  30,   229, -1,   7
730387,19990925,   192,  1,  17,   111, -1,  16
730387,19990925,   195, -1,  62,    18,  1,   0
730387,19990925,   196,  1,  23,   180, -1,   6
730387,19990925,   190, -1,  24,    13,  1,  21
730387,19990925,   214,  1,  54,   137, -1,  23
730387,19990925,   200,  1,  24,   109, -1,   3
730387,19990925,   202,  1,  41,   179, -1,  24
730387,19990925,   212, -1,  52,   210,  1,  14
730387,19990925,   216, -1,  31,    52,  1,  14
730387,19990925,   217, -1,  34,   154,  1,   6
730387,19990925,   218, -1,  45,    27,  1,  40
730387,19990925,   224,  1,  45,   183, -1,  13
730387,19990925,   225,  1,  31,   132, -1,   7
730387,19990925,   226,  1,  31,    39, -1,  24
730387,19990925,   232,  1,  21,   174, -1,  10
730387,19990925,   223, -1,  24,   129,  1,  21
730387,19990925,   230, -1,  42,   142,  1,  30
730387,19990925,   233,  1,  35,    33, -1,  13
730387,19990925,   234, -1,  10,     1,  1,   7
730387,19990925,   235,  1,  48,   215, -1,   2
730387,19990925,   236,  1,  28,   222, -1,  24
730392,19990930,    71,  1,  49,   108, -1,  31
730393,19991001,    27, -1,  34,   213,  1,  31
730394,19991002,     1, -1,  23,   172,  1,  22
730394,19991002,     2, -1,  31,    17,  1,   9
730394,19991002,     3, -1,  40,    62,  1,  39
730394,19991002,   206,  1,  47,   209, -1,   0
730394,19991002,     5, -1,  35,   126,  1,  27
730394,19991002,     6,  1,  44,   188, -1,  21
730394,19991002,     8,  1,  23,    60, -1,  19
730394,19991002,    10,  1,  28,   208, -1,  27
730394,19991002,    13,  1,  45,   169, -1,  20
730394,19991002,    18,  1,  23,   141, -1,  10
730394,19991002,    20,  1,  26,   212, -1,  20
730394,19991002,    21,  1,  33,   142, -1,  22
730394,19991002,    22,  1,  34,   200, -1,  23
730394,19991002,    24, -1,  23,   154,  1,  16
730394,19991002,    29,  1,  38,   182, -1,  10
730394,19991002,    44,  1,  41,    81, -1,  27
730394,19991002,   207,  1,  31,    54, -1,  21
730394,19991002,    36,  1,  20,   166, -1,  14
730394,19991002,    37,  1,  31,   140, -1,  20
730394,19991002,    38, -1,  24,    74,  1,  21
730394,19991002,    40,  1,  46,   137, -1,   7
730394,19991002,    42,  1,  20,   161, -1,   9
730394,19991002,    43, -1,  33,    23,  1,  28
730394,19991002,    48,  1,  42,    26, -1,   7
730394,19991002,    49,  1,  41,   163, -1,  33
730394,19991002,    50,  1,  43,    19, -1,  29
730394,19991002,    53,  1,  51,   186, -1,   6
730394,19991002,    58, -1,  33,    14,  1,  14
730394,19991002,    55, -1,  37,   174,  1,  28
730394,19991002,    57, -1,  14,   143,  1,  10
730394,19991002,    61,  1,  41,    32, -1,  14
730394,19991002,    63,  1,  66,   125, -1,  10
730394,19991002,    64,  0,  51,    52,  0,  23
730394,19991002,    66,  1,  26,   190, -1,  19
730394,19991002,    67, -1,  27,   221,  1,  19
730394,19991002,    69, -1,  28,    86,  1,   0
730394,19991002,    70,  1,  23,   104, -1,  22
730394,19991002,    68, -1,  62,   220,  1,   0
730394,19991002,    72, -1,  47,   158,  1,  19
730394,19991002,    75,  1,  33,   214, -1,   3
730394,19991002,    76, -1,  27,   109,  1,  14
730394,19991002,    83,  1,  47,   144, -1,  28
730394,19991002,    84,  1,  34,    82, -1,  31
730394,19991002,    90, -1,  28,    16,  1,  21
730394,19991002,    92, -1,  23,   217,  1,  20
730394,19991002,    93,  1,  27,   177, -1,   9
730394,19991002,    94, -1,  35,   195,  1,  17
730394,19991002,    96,  1,  31,    12, -1,  20
730394,19991002,    97, -1,  17,   176,  1,   7
730394,19991002,    98,  1,  20,    46, -1,  10
730394,19991002,    99,  1,  63,    41, -1,  13
730394,19991002,   102, -1,  41,   101,  1,  31
730394,19991002,   103,  1,  45,    56, -1,  10
730394,19991002,   105,  1,  35,   110, -1,   7
730394,19991002,   106, -1,  49,    31,  1,   7
730394,19991002,   107, -1,  32,   113,  1,  14
730394,19991002,   114,  1,  38,   160, -1,  12
730394,19991002,   115,  1,  49,    87, -1,   3
730394,19991002,   116, -1,  33,   145,  1,  14
730394,19991002,   117, -1,  36,   178,  1,  10
730394,19991002,   118, -1,  42,   216,  1,  14
730394,19991002,   119, -1,  27,   111,  1,  17
730394,19991002,   130, -1,  31,   229,  1,  28
730394,19991002,   133,  1,  38,   151, -1,  14
730394,19991002,   134,  1,  26,   210, -1,  12
730394,19991002,   135,  1,  38,   175, -1,  28
730394,19991002,   131, -1,  28,   139,  1,  14
730394,19991002,   129, -1,  45,    25,  1,  21
730394,19991002,   146,  1,  42,   138, -1,  17
730394,19991002,   147,  1,  34,   150, -1,  30
730394,19991002,   148,  1,  31,    95, -1,   3
730394,19991002,   156,  1,  55,   191, -1,  24
730394,19991002,   157,  1,  51,   122, -1,  48
730394,19991002,   159,  1,  27,    65, -1,   0
730394,19991002,   162, -1,  20,   204,  1,  10
730394,19991002,   164,  1,  23,   224, -1,  21
730394,19991002,   170,  1,  34,    91, -1,  18
730394,19991002,   173, -1,  44,   187,  1,  39
730394,19991002,   179,  1,  21,   167, -1,  14
730394,19991002,   211,  1,  37,   153, -1,  29
730394,19991002,   181,  0,  21,    73,  0,   6
730394,19991002,   120, -1,  27,   222,  1,  17
730394,19991002,   183, -1,  24,   168,  1,  23
730394,19991002,   189,  1,  47,   203, -1,  17
730394,19991002,   192,  1,  24,    15, -1,   0
730394,19991002,   193, -1,  36,     4,  1,  15
730394,19991002,   194, -1,  45,   199,  1,   9
730394,19991002,   198,  1,  21,   196, -1,  19
730394,19991002,   201,  1,  14,    77, -1,   0
730394,19991002,   202, -1,  48,   127,  1,  31
730394,19991002,   215,  1,  27,    51, -1,  17
730394,19991002,   219, -1,  31,   218,  1,   7
730394,19991002,   225,  1,  17,   165, -1,  10
730394,19991002,   226,  1,  34,   152, -1,  20
730394,19991002,   227,  1,  31,    30, -1,   7
730394,19991002,   228,  1,  52,    45, -1,  49
730394,19991002,   232,  1,  21,   128, -1,  15
730394,19991002,   223,  1,  38,    28, -1,  16
730394,19991002,   231, -1,  42,   149,  1,  17
730394,19991002,   233, -1,  41,    34,  1,  34
730394,19991002,   234,  1,  28,    80, -1,  13
730394,19991002,   235, -1,  17,   171,  1,   6
730394,19991002,   236, -1,  31,    85,  1,  28
730399,19991007,    14,  1,  59,   103, -1,  52
730399,19991007,   189, -1,  24,   156,  1,  17
730400,19991008,    76,  1,  58,    50, -1,  14
730400,19991008,    86, -1,  20,   186,  1,  15
730401,19991009,     1,  0,  19,   130,  0,  14
730401,19991009,     2,  1,  41,   148, -1,  28
730401,19991009,     6, -1,  37,   224,  1,  21
730401,19991009,     7,  1,  61,   158, -1,   0
730401,19991009,     9,  1,  31,   211, -1,  24
730401,19991009,    12,  1,  58,   127, -1,   6
730401,19991009,    20,  1,  41,    57, -1,   7
730401,19991009,    27,  1,  38,    30, -1,  28
730401,19991009,    23,  1,  53,   159, -1,  30
730401,19991009,    45,  1,  41,   157, -1,  14
730401,19991009,    32, -1,  35,   183,  1,  13
730401,19991009,    28, -1,  38,    25,  1,  19
730401,19991009,    38, -1,  56,    98,  1,  14
730401,19991009,    39,  1,  46,   119, -1,  39
730401,19991009,    41,  1,  10,    24, -1,   7
730401,19991009,    43,  1,  24,    74, -1,  23
730401,19991009,    48,  1,  41,   171, -1,   0
730401,19991009,    51,  1,  38,   185, -1,   7
730401,19991009,    52, -1,  24,   218,  1,  17
730401,19991009,    53,  1,  10,   184, -1,   3
730401,19991009,    55,  1,  30,   232, -1,  10
730401,19991009,    61,  1,  27,   176, -1,   0
730401,19991009,    62, -1,  31,   104,  1,  10
730401,19991009,    63, -1,  40,    79,  1,  34
730401,19991009,    64,  1,  31,   112, -1,  21
730401,19991009,    66,  1,  44,    40, -1,  13
730401,19991009,    67,  1,  35,     8, -1,  21
730401,19991009,    69, -1,  41,   106,  1,  40
730401,19991009,    68,  1,  70,   221, -1,   7
730401,19991009,    71,  1,  31,   140, -1,  24
730401,19991009,    72,  1,  42,   126, -1,  19
730401,19991009,    78,  1,  23,    35, -1,  20
730401,19991009,    80,  1,  28,   141, -1,  10
730401,19991009,    83,  1,  20,    85, -1,  17
730401,19991009,    84,  1,  34,   145, -1,  17
730401,19991009,    89,  1,  44,     5, -1,  17
730401,19991009,    94,  1,  50,    93, -1,   9
730401,19991009,    96, -1,  30,   178,  1,  10
730401,19991009,    97,  1,  19,    31, -1,   6
730401,19991009,    99, -1,  30,    46,  1,  14
730401,19991009,   108, -1,  17,   225,  1,  14
730401,19991009,   109,  1,  77,   142, -1,   0
730401,19991009,   111, -1,  38,   206,  1,  14
730401,19991009,   113, -1,  45,    22,  1,  31
730401,19991009,   115,  1,  34,   114, -1,  31
730401,19991009,   117,  1,  20,   203, -1,  13
730401,19991009,   118, -1,  18,    15,  1,  16
730401,19991009,   122,  1,  48,    44, -1,  27
730401,19991009,   123,  1,  29,   228, -1,   6
730401,19991009,   125,  1,  28,   201, -1,  22
730401,19991009,   128,  1,  62,   199, -1,  14
730401,19991009,   133,  1,  49,    88, -1,  14
730401,19991009,   134, -1,  23,   137,  1,  16
730401,19991009,   210, -1,  35,   234,  1,  32
730401,19991009,   136, -1,  24,   172,  1,  21
730401,19991009,   131,  1,  41,    73, -1,  24
730401,19991009,   132,  1,  35,    37, -1,  31
730401,19991009,   143, -1,  43,    81,  1,  28
730401,19991009,   129,  1,  37,    17, -1,  17
730401,19991009,   144,  1,  42,    29, -1,  21
730401,19991009,   147,  1,  48,    10, -1,  17
730401,19991009,   149,  1,  25,   160, -1,  22
730401,19991009,   151,  1,  41,   198, -1,  21
730401,19991009,   154,  1,  35,    65, -1,  18
730401,19991009,   155, -1,  31,    87,  1,   7
730401,19991009,   162, -1,  38,    75,  1,  19
730401,19991009,   163,  1,  41,   161, -1,  38
730401,19991009,   169,  1,  51,    91, -1,  17
730401,19991009,   166,  1,  27,   139, -1,  23
730401,19991009,   179,  1,  28,   100, -1,   0
730401,19991009,   180, -1,  39,    58,  1,  22
730401,19991009,   181,  1,  29,     4, -1,  12
730401,19991009,   197, -1,  16,   138,  1,   0
730401,19991009,   175,  1,  40,   110, -1,  14
730401,19991009,   188, -1,  48,   168,  1,  21
730401,19991009,   191,  1,  24,    21, -1,  14
730401,19991009,   192,  1,  37,    70, -1,  20
730401,19991009,   193,  1,  43,    54, -1,  25
730401,19991009,   194, -1,  21,   174,  1,   7
730401,19991009,   195,  0,  38,   150,  0,  28
730401,19991009,   196,  1,  45,    18, -1,  13
730401,19991009,   190,  1,  42,   173, -1,   0
730401,19991009,   205, -1,  20,    11,  1,   7
730401,19991009,   214,  1,  42,   177, -1,  28
730401,19991009,   200,  1,  47,    95, -1,   7
730401,19991009,   202,  1,  24,   146, -1,  21
730401,19991009,   208,  1,  34,   152, -1,  29
730401,19991009,   212,  1,  42,   209, -1,   0
730401,19991009,   213,  1,  20,    13, -1,  14
730401,19991009,   215, -1,  38,    26,  1,  20
730401,19991009,   216,  1,  58,    36, -1,   0
730401,19991009,   219, -1,  58,   165,  1,  20
730401,19991009,   226, -1,  47,   153,  1,  21
730401,19991009,   227,  1,  44,   101, -1,   0
730401,19991009,   222,  1,  20,    59, -1,  14
730401,19991009,   223, -1,  40,    56,  1,  37
730401,19991009,   230,  1,  45,   217, -1,  10
730401,19991009,   231, -1,  20,   116,  1,  17
730401,19991009,   233,  1,  55,   220, -1,  10
730401,19991009,   235, -1,  34,    77,  1,  14
730401,19991009,   236, -1,  43,   167,  1,  37
730406,19991014,   107,  1,  38,   200, -1,  13
730406,19991014,   177,  1,  24,    66, -1,  14
730408,19991016,     2,  1,  55,    22, -1,  25
730408,19991016,     3, -1,  30,   117,  1,  24
730408,19991016,   206, -1,  24,    35,  1,  21
730408,19991016,     8,  1,  17,    68, -1,  16
730408,19991016,     9,  1,  34,   214, -1,  21
730408,19991016,    10, -1,  28,   226,  1,   7
730408,19991016,    11,  1,  35,     5, -1,  21
730408,19991016,    12,  1,  48,   178, -1,  14
730408,19991016,    21,  1,  20,   156, -1,  16
730408,19991016,    27, -1,  31,   136,  1,   7
730408,19991016,    23,  1,  27,   161, -1,  25
730408,19991016,    24,  1,  49,    53, -1,  20
730408,19991016,    44,  1,  36,    45, -1,  14
730408,19991016,    30, -1,  17,   208,  1,   0
730408,19991016,   207,  1,  28,   138, -1,   0
730408,19991016,    33,  1,  39,    16, -1,  17
730408,19991016,    37, -1,  42,   108,  1,  30
730408,19991016,    38,  1,  55,    43, -1,  16
730408,19991016,    47, -1,  28,    69,  1,  27
730408,19991016,    48, -1,  20,    51,  1,  14
730408,19991016,    60,  1,  24,   100, -1,  12
730408,19991016,    56,  1,  27,   148, -1,  26
730408,19991016,    57,  1,  45,    81, -1,  38
730408,19991016,    59, -1,  34,   170,  1,  31
730408,19991016,    62, -1,  32,    15,  1,  14
730408,19991016,    64,  1,  33,   225, -1,  10
730408,19991016,    67, -1,  31,    36,  1,  17
730408,19991016,    70, -1,  27,   216,  1,  17
730408,19991016,    71, -1,  38,    52,  1,  31
730408,19991016,    73, -1,  28,   139,  1,  27
730408,19991016,    74, -1,  37,    65,  1,  30
730408,19991016,    77,  1,  24,    61, -1,  23
730408,19991016,    78, -1,  20,   140,  1,  12
730408,19991016,    80, -1,  30,    13,  1,  24
730408,19991016,    85,  1,  34,   174, -1,  13
730408,19991016,    88, -1,  24,   119,  1,  21
730408,19991016,    92, -1,  30,   230,  1,  20
730408,19991016,    94,  1,  40,   213, -1,   0
730408,19991016,    96,  1,  31,   104, -1,   5
730408,19991016,    99, -1,  42,    49,  1,  35
730408,19991016,   102,  1,  42,   127, -1,  18
730408,19991016,   103, -1,  32,   111,  1,  31
730408,19991016,   106,  1,  41,    97, -1,  23
730408,19991016,   109, -1,  38,   105,  1,  17
730408,19991016,   110, -1,  39,    91,  1,  36
730408,19991016,   113, -1,  17,    95,  1,  10
730408,19991016,   116, -1,  37,    82,  1,   7
730408,19991016,   121, -1,  20,   183,  1,   9
730408,19991016,   122, -1,  42,   143,  1,  23
730408,19991016,   128,  1,  37,    54, -1,  32
730408,19991016,   135, -1,  33,   142,  1,  31
730408,19991016,   131, -1,  30,   125,  1,   6
730408,19991016,   141,  1,  17,    20, -1,  10
730408,19991016,   129, -1,  31,    28,  1,  27
730408,19991016,   144, -1,  29,   120,  1,  17
730408,19991016,   145,  1,  23,    87, -1,  21
730408,19991016,   147,  1,  25,   211, -1,  24
730408,19991016,   154, -1,  41,    41,  1,  17
730408,19991016,   155,  1,  23,   149, -1,  10
730408,19991016,   157,  1,  49,   123, -1,  28
730408,19991016,   159,  1,  22,    98, -1,  10
730408,19991016,   160,  1,  52,   115, -1,  28
730408,19991016,   162,  1,  49,   173, -1,   7
730408,19991016,   163, -1,  31,    76,  1,  21
730408,19991016,   164,  1,  48,   168, -1,   0
730408,19991016,   171,  1,  42,    26, -1,  14
730408,19991016,   172, -1,  17,    40,  1,  10
730408,19991016,   176,  1,  14,    86, -1,   0
730408,19991016,   179,  1,  14,    83, -1,  13
730408,19991016,   180,  1,  24,    14, -1,   0
730408,19991016,   181, -1,  26,    89,  1,  14
730408,19991016,   182, -1,  39,   228,  1,   7
730408,19991016,   184,  1,  31,   186, -1,   0
730408,19991016,   187,  1,  21,   153, -1,  17
730408,19991016,   175, -1,  45,   169,  1,  31
730408,19991016,    34, -1,  27,   220,  1,   0
730408,19991016,   193, -1,  43,   199,  1,   7
730408,19991016,   194,  1,  23,   232, -1,  10
730408,19991016,   196,  1,  34,    93, -1,  17
730408,19991016,   190,  1,  56,   204, -1,  17
730408,19991016,   205,  1,  23,     7, -1,  21
730408,19991016,   198,  1,  31,    39, -1,  10
730408,19991016,   201, -1,  49,    79,  1,  33
730408,19991016,   202, -1,  24,   197,  1,  17
730408,19991016,   203,  1,  48,   101, -1,  32
730408,19991016,   212, -1,  21,     1,  1,  15
730408,19991016,   215, -1,  31,   124,  1,  21
730408,19991016,   217, -1,  48,    42,  1,  45
730408,19991016,   218, -1,  47,   132,  1,  26
730408,19991016,   219,  1,  62,   189, -1,   0
730408,19991016,   224,  1,  35,    32, -1,  16
730408,19991016,   229,  1,  62,   165, -1,  16
730408,19991016,   222,  1,  68,   167, -1,  27
730408,19991016,   223,  1,  45,    25, -1,  17
730408,19991016,   231,  1,  59,    84, -1,   0
730408,19991016,   233, -1,  35,   221,  1,  21
730408,19991016,   234, -1,  38,   209,  1,  20
730408,19991016,   235,  1,  44,    46, -1,   3
730408,19991016,   236,  1,  10,    29, -1,   7
730413,19991021,    19,  1,  30,   166, -1,  27
730413,19991021,   128,  1,  34,   170, -1,  27
730414,19991022,    69, -1,  14,   186,  1,   3
730415,19991023,     2, -1,  35,   130,  1,  29
730415,19991023,     6, -1,  55,   183,  1,  17
730415,19991023,     8, -1,  21,   233,  1,  20
730415,19991023,    10,  1,  33,   227, -1,  21
730415,19991023,    13, -1,  14,   141,  1,  10
730415,19991023,    14,  1,  35,   137, -1,  18
730415,19991023,    20,  1,  52,   134, -1,  17
730415,19991023,    27, -1,  29,   210,  1,   0
730415,19991023,    23, -1,  44,   154,  1,  37
730415,19991023,    44, -1,  24,   123,  1,  21
730415,19991023,    32,  1,  37,   168, -1,  12
730415,19991023,    38, -1,  43,   185,  1,  13
730415,19991023,    39, -1,  16,    88,  1,  12
730415,19991023,    40, -1,  24,   234,  1,  13
730415,19991023,    46,  1,  20,    43, -1,  17
730415,19991023,    50,  1,  34,   125, -1,  20
730415,19991023,    51, -1,  53,    26,  1,   6
730415,19991023,    58,  1,  52,   203, -1,   7
730415,19991023,    55,  1,  54,   199, -1,   7
730415,19991023,    56, -1,  20,   200,  1,  13
730415,19991023,    61,  1,  24,   184, -1,  16
730415,19991023,    63, -1,  41,    73,  1,   6
730415,19991023,    64, -1,  17,    37,  1,  14
730415,19991023,    66,  1,  24,   214, -1,  23
730415,19991023,    67,  1,  48,    60, -1,  21
730415,19991023,    70,  1,  49,    96, -1,  34
730415,19991023,    68,  1,  34,    36, -1,  17
730415,19991023,    72,  0,  24,    11,  0,  19
730415,19991023,    74,  1,  13,   159, -1,   6
730415,19991023,    75, -1,  35,   204,  1,  21
730415,19991023,    76, -1,  21,    59,  1,   9
730415,19991023,    80,  1,  31,   213, -1,   3
730415,19991023,    82, -1,  35,   114,  1,  29
730415,19991023,    83, -1,  55,   167,  1,  48
730415,19991023,    84, -1,  38,    87,  1,  31
730415,19991023,    85,  1,  39,   222, -1,  36
730415,19991023,    86,  1,  62,    53, -1,  50
730415,19991023,    89, -1,  28,     4,  1,  18
730415,19991023,    91,  1,  17,   197, -1,  10
730415,19991023,    92,  1,  48,    42, -1,  14
730415,19991023,    93,  1,  21,   119, -1,   0
730415,19991023,    94, -1,  44,   151,  1,  21
730415,19991023,    98,  1,  22,    24, -1,  21
730415,19991023,    99,  1,  62,    77, -1,   8
730415,19991023,   100, -1,  34,    33,  1,  14
730415,19991023,   102, -1,  46,   207,  1,  35
730415,19991023,   103,  1,  39,    78, -1,  33
730415,19991023,   106,  1,  20,   224, -1,  17
730415,19991023,   107, -1,  59,    25,  1,   3
730415,19991023,   108,  1,  45,   140, -1,   7
730415,19991023,   109, -1,  26,    49,  1,  19
730415,19991023,   110,  1,  20,   146, -1,  17
730415,19991023,   112, -1,  31,    21,  1,  28
730415,19991023,   118,  1,  17,   104, -1,  16
730415,19991023,   126,  1,  18,   205, -1,  13
730415,19991023,   122,  1,  25,    57, -1,   7
730415,19991023,   131,  1,  51,    79, -1,   0
730415,19991023,   132, -1,  31,    52,  1,  24
730415,19991023,   209, -1,  31,   101,  1,   7
730415,19991023,   143, -1,  51,    45,  1,  49
730415,19991023,   129,  1,  50,    95, -1,   7
730415,19991023,   148,  1,  17,    22, -1,  14
730415,19991023,   149, -1,  20,   116,  1,  17
730415,19991023,   150,  1,  51,   196, -1,   6
730415,19991023,   152, -1,  44,     9,  1,  41
730415,19991023,   153,  1,  55,   208, -1,   7
730415,19991023,   155, -1,  31,   160,  1,  25
730415,19991023,   156, -1,  38,   165,  1,  15
730415,19991023,   157, -1,  31,   228,  1,  14
730415,19991023,   161,  1,  23,   105, -1,  14
730415,19991023,   162,  1,  42,   190, -1,  21
730415,19991023,   164, -1,  34,   121,  1,  16
730415,19991023,   176,  1,  38,    31, -1,   6
730415,19991023,   179,  1,  42,   135, -1,  41
730415,19991023,   174,  1,  28,   120, -1,  23
730415,19991023,   180,  1,  28,    35, -1,  20
730415,19991023,   181,  1,  28,     7, -1,   6
730415,19991023,   182,  1,  63,    81, -1,  47
730415,19991023,   187, -1,  35,   211,  1,  31
730415,19991023,   175,  1,  38,   138, -1,   7
730415,19991023,   192, -1,  21,     3,  1,   7
730415,19991023,    34,  1,  56,   221, -1,  28
730415,19991023,   193, -1,  28,   232,  1,  21
730415,19991023,   194, -1,  14,    54,  1,   7
730415,19991023,   195,  1,  24,   133, -1,  20
730415,19991023,   198, -1,  35,    18,  1,   7
730415,19991023,   201,  1,  25,    65, -1,  23
730415,19991023,   202,  1,  41,   169, -1,  16
730415,19991023,   212,  1,  38,   172, -1,  16
730415,19991023,   215,  1,  14,   171, -1,   7
730415,19991023,   216, -1,  11,   178,  1,  10
730415,19991023,   217,  1,  45,   142, -1,  16
730415,19991023,   225,  1,  47,   206, -1,   3
730415,19991023,   226, -1,  31,    30,  1,  27
730415,19991023,   229,  1,  20,   191, -1,  17
730415,19991023,   223,  1,  28,    17, -1,   0
730415,19991023,   230, -1,  35,   220,  1,  14
730415,19991023,   231,  1,  40,   115, -1,  10
730415,19991023,   235, -1,  41,    41,  1,  29
730415,19991023,   236, -1,  29,   144,  1,  20
730420,19991028,    40,  1,  31,   212, -1,  24
730422,19991030,     3,  1,  35,   180, -1,  14
730422,19991030,     4,  0,  15,     5,  0,  10
730422,19991030,     8,  1,  62,    34, -1,  14
730422,19991030,     9, -1,  33,   208,  1,   7
730422,19991030,    12,  1,  34,    15, -1,  10
730422,19991030,    13,  1,  31,   101, -1,  27
730422,19991030,    20, -1,  33,   213,  1,  27
730422,19991030,    21, -1,  24,   189,  1,  23
730422,19991030,    22,  1,  31,    28, -1,   7
730422,19991030,    27,  1,  27,     1, -1,  20
730422,19991030,    23, -1,  37,    65,  1,  18
730422,19991030,    44,  1,  30,   228, -1,  28
730422,19991030,    30,  1,  17,   211, -1,   7
730422,19991030,   207,  1,  31,    56, -1,   6
730422,19991030,    35, -1,  52,   113,  1,  42
730422,19991030,    37, -1,  12,   225,  1,   3
730422,19991030,    39,  1,  38,   150, -1,  24
730422,19991030,    43,  1,  31,   224, -1,  14
730422,19991030,    48,  1,  34,   215, -1,  10
730422,19991030,    49, -1,  37,   142,  1,  34
730422,19991030,    51, -1,  41,   171,  1,  20
730422,19991030,    52, -1,  25,   108,  1,  22
730422,19991030,    53,  1,  49,   176, -1,  17
730422,19991030,    58, -1,  19,    78,  1,   3
730422,19991030,    57,  1,  26,    45, -1,  21
730422,19991030,    59,  1,  38,    33, -1,  13
730422,19991030,    62,  0,  30,    70,  0,  14
730422,19991030,    63,  1,  48,    50, -1,  19
730422,19991030,    64, -1,  35,   218,  1,  10
730422,19991030,    66, -1,  28,   204,  1,  14
730422,19991030,    67, -1,  28,   140,  1,   3
730422,19991030,    69,  1,  21,    61, -1,  14
730422,19991030,    68, -1,  55,    60,  1,   6
730422,19991030,    71,  1,  48,   132, -1,  21
730422,19991030,    73,  1,  39,   166, -1,  27
730422,19991030,    74,  1,  63,    46, -1,  21
730422,19991030,    79, -1,  29,   139,  1,  23
730422,19991030,    83, -1,  31,   236,  1,  28
730422,19991030,    86, -1,  34,    31,  1,  12
730422,19991030,    89,  1,  41,    11, -1,   0
730422,19991030,    92,  1,  13,   179, -1,   3
730422,19991030,    94,  1,  48,    18, -1,   7
730422,19991030,    95,  1,  41,    25, -1,  20
730422,19991030,    98,  1,  38,   106, -1,  13
730422,19991030,    99,  1,  44,   201, -1,  39
730422,19991030,   102, -1,  34,   200,  1,  17
730422,19991030,   103,  1,  23,   206, -1,  14
730422,19991030,   107,  1,  41,   129, -1,   9
730422,19991030,   109,  1,  31,   161, -1,   9
730422,19991030,   111, -1,  49,   203,  1,   7
730422,19991030,   112,  1,  28,   229, -1,  20
730422,19991030,   114, -1,  34,    84,  1,  31
730422,19991030,   117, -1,  42,   104,  1,  23
730422,19991030,   126, -1,  14,   158,  1,  12
730422,19991030,   119,  1,  34,   198, -1,   7
730422,19991030,   121, -1,  37,   168,  1,  17
730422,19991030,   122, -1,  73,    81,  1,  23
730422,19991030,   124,  1,  47,    16, -1,   7
730422,19991030,   128, -1,  22,   194,  1,  11
730422,19991030,   133, -1,  24,    93,  1,  17
730422,19991030,   134,  1,  41,   141, -1,  28
730422,19991030,   136,  1,  27,   210, -1,   6
730422,19991030,   137,  1,  42,    80, -1,  14
730422,19991030,   131, -1,  19,    19,  1,  18
730422,19991030,   209,  1,  10,   127, -1,   0
730422,19991030,   143,  1,  49,   123, -1,  20
730422,19991030,   144,  1,  44,    85, -1,  21
730422,19991030,   146,  1,  36,   197, -1,  21
730422,19991030,   147,  1,  28,   130, -1,  24
730422,19991030,   148, -1,  37,    17,  1,  25
730422,19991030,   149,  1,  41,    87, -1,  11
730422,19991030,   152,  1,  20,    10, -1,  17
730422,19991030,   153, -1,  27,   227,  1,  13
730422,19991030,   155, -1,  27,    82,  1,   7
730422,19991030,   157, -1,  42,    29,  1,  28
730422,19991030,   159,  1,  44,    41, -1,  15
730422,19991030,   160, -1,  33,   116,  1,  28
730422,19991030,   163, -1,  28,    42,  1,  21
730422,19991030,   164, -1,  30,     6,  1,  20
730422,19991030,   169, -1,  20,   110,  1,   3
730422,19991030,   170,  1,  35,   100, -1,  28
730422,19991030,   174, -1,  36,   199,  1,   7
730422,19991030,   167,  1,  52,   120, -1,  49
730422,19991030,   177,  1,  27,   162, -1,   2
730422,19991030,   183,  1,  21,   186, -1,   8
730422,19991030,   184, -1,  21,    97,  1,  10
730422,19991030,   185,  1,  28,    77, -1,  26
730422,19991030,   175,  1,  33,    91, -1,  16
730422,19991030,   188,  1,  27,    32, -1,  14
730422,19991030,   191,  1,  56,   165, -1,  28
730422,19991030,   192,  1,  30,   178, -1,   7
730422,19991030,   193,  1,  33,    55, -1,  28
730422,19991030,   195, -1,  44,    88,  1,  41
730422,19991030,   196,  1,  21,   151, -1,   3
730422,19991030,   190, -1,  34,    75,  1,  14
730422,19991030,   205, -1,  21,    72,  1,  20
730422,19991030,   214,  1,  42,   173, -1,  26
730422,19991030,   202, -1,  20,   138,  1,   0
730422,19991030,   217, -1,  31,   135,  1,  28
730422,19991030,   219, -1,  30,   156,  1,  17
730422,19991030,   226,  1,  35,   187, -1,  30
730422,19991030,   221,  1,  40,   220, -1,   2
730422,19991030,   232, -1,  38,    54,  1,  15
730422,19991030,   223, -1,  24,     2,  1,  10
730422,19991030,   230,  1,  37,   105, -1,  13
730422,19991030,   231, -1,  35,   145,  1,  19
730422,19991030,   233, -1,  47,    36,  1,  16
730422,19991030,   235,  1,  23,   154, -1,  19
730427,19991104,   118,  1,  23,    96, -1,  22
730429,19991106,     1,  1,  28,    14, -1,   0
730429,19991106,     3,  1,  23,   104, -1,  17
730429,19991106,   206,  1,  36,    58, -1,  17
730429,19991106,     6,  1,  41,   168, -1,   0
730429,19991106,     8, -1,  34,   220,  1,   7
730429,19991106,    10, -1,  26,   211,  1,  16
730429,19991106,    11, -1,  30,   158,  1,   6
730429,19991106,    15,  1,  28,   207, -1,  10
730429,19991106,    19,  1,  34,    73, -1,  27
730429,19991106,    20,  1,  63,    13, -1,  10
730429,19991106,    27, -1,  30,   172,  1,   7
730429,19991106,    23,  1,  17,    74, -1,  10
730429,19991106,    24,  1,  32,    77, -1,  21
730429,19991106,    45,  1,  41,    81, -1,  20
730429,19991106,    37,  1,  58,    52, -1,   7
730429,19991106,    38,  1,  28,    99, -1,  24
730429,19991106,    40, -1,  36,   136,  1,  22
730429,19991106,    41,  1,  21,    46, -1,  14
730429,19991106,    42,  1,  29,   142, -1,  24
730429,19991106,    49, -1,  14,   135,  1,  10
730429,19991106,    51, -1,  34,    90,  1,  14
730429,19991106,    53, -1,  33,    69,  1,  21
730429,19991106,    56,  1,  31,    17, -1,  21
730429,19991106,    57, -1,  45,   123,  1,  23
730429,19991106,    59, -1,  38,   100,  1,  14
730429,19991106,    61,  1,  57,   106, -1,   7
730429,19991106,    62,  1,  13,   216, -1,   6
730429,19991106,    63,  1,  65,   181, -1,  18
730429,19991106,    66,  1,  47,   162, -1,  18
730429,19991106,    68,  1,  41,    67, -1,  38
730429,19991106,    72, -1,  36,     5,  1,  13
730429,19991106,    75, -1,  62,   173,  1,  41
730429,19991106,    76, -1,  20,    25,  1,  13
730429,19991106,    78,  1,  36,   203, -1,  31
730429,19991106,    79,  1,  49,   166, -1,  42
730429,19991106,    80, -1,  42,   134,  1,  33
730429,19991106,    82, -1,  40,    87,  1,  24
730429,19991106,    83,  1,  38,   222, -1,  30
730429,19991106,    85,  1,  66,   167, -1,  45
730429,19991106,    89, -1,  41,   205,  1,  24
730429,19991106,    93,  1,  45,    18, -1,  10
730429,19991106,    94,  1,  20,    39, -1,  14
730429,19991106,    97,  1,  35,   186, -1,  13
730429,19991106,    98,  1,  27,    65, -1,   7
730429,19991106,   102,  1,  58,   209, -1,  17
730429,19991106,   103, -1,  23,    35,  1,  13
730429,19991106,   105,  1,  26,    92, -1,  20
730429,19991106,   107, -1,  28,    95,  1,  16
730429,19991106,   109, -1,  33,   163,  1,   6
730429,19991106,   110, -1,  10,   197,  1,   7
730429,19991106,   112, -1,  33,   156,  1,   3
730429,19991106,   113,  1,  32,     2, -1,  23
730429,19991106,   114,  1,  37,   145, -1,   3
730429,19991106,   115,  1,  23,   149, -1,   7
730429,19991106,   127,  1,  70,   199, -1,  14
730429,19991106,   116, -1,  24,   155,  1,  23
730429,19991106,   117,  1,  38,    12, -1,  16
730429,19991106,   126, -1,  30,     7,  1,  26
730429,19991106,   122, -1,  28,    29,  1,  14
730429,19991106,   128,  1,  45,    55, -1,  30
730429,19991106,   130, -1,  34,   165,  1,   7
730429,19991106,   133,  1,  37,   196, -1,   0
730429,19991106,   137, -1,  14,   213,  1,   6
730429,19991106,   139,  1,  20,   125, -1,  16
730429,19991106,   131,  1,  24,    50, -1,  13
730429,19991106,   132,  1,  30,   108, -1,  17
730429,19991106,   143, -1,  36,   228,  1,  19
730429,19991106,   146,  1,  35,    91, -1,   7
730429,19991106,   150,  1,  37,   119, -1,   0
730429,19991106,   152,  1,  52,   227, -1,  10
730429,19991106,   153,  1,  17,    30, -1,   7
730429,19991106,   154,  1,  41,   159, -1,  13
730429,19991106,   157,  1,  34,    44, -1,  21
730429,19991106,   164,  1,  49,   183, -1,   0
730429,19991106,   169,  1,  69,   138, -1,  17
730429,19991106,   170, -1,  35,   221,  1,  32
730429,19991106,   171,  1,  20,   188, -1,   9
730429,19991106,   174,  1,  45,    54, -1,  38
730429,19991106,   180, -1,  20,   111,  1,   5
730429,19991106,   182, -1,  57,   185,  1,  22
730429,19991106,   184,  1,  45,    31, -1,   0
730429,19991106,   189,  1,  27,   191, -1,  10
730429,19991106,   192,  1,  38,   147, -1,  14
730429,19991106,    34,  1,  30,    36, -1,  27
730429,19991106,   193,  1,  25,   194, -1,  19
730429,19991106,   195, -1,  34,   151,  1,  21
730429,19991106,   198,  1,  28,    88, -1,  16
730429,19991106,   200, -1,  32,    28,  1,  13
730429,19991106,   201,  1,  30,    48, -1,  27
730429,19991106,   202,  1,  27,   175, -1,   7
730429,19991106,   204, -1,  43,   214,  1,  19
730429,19991106,   218,  1,  45,    71, -1,  38
730429,19991106,   219, -1,  22,   229,  1,  20
730429,19991106,   224, -1,  35,   121,  1,   3
730429,19991106,   225, -1,  19,   140,  1,   3
730429,19991106,   226, -1,  33,     9,  1,  25
730429,19991106,   230, -1,  24,   161,  1,   6
730429,19991106,   231, -1,  28,   160,  1,  21
730429,19991106,   233,  1,  38,    60, -1,  14
730429,19991106,   234, -1,  43,   212,  1,  29
730429,19991106,   235, -1,  37,    43,  1,  20
730429,19991106,   236,  1,  17,   120, -1,  14
730434,19991111,   140,  0,  10,   132,  0,   6
730436,19991113,     1,  1,  35,   210, -1,  16
730436,19991113,     2,  1,  37,    95, -1,  34
730436,19991113,     3,  1,  19,   118, -1,   7
730436,19991113,     4, -1,  35,     7,  1,  26
730436,19991113,     5,  1,  42,   158, -1,  27
730436,19991113,     8,  1,  34,   221, -1,  10
730436,19991113,    12,  1,  28,   192, -1,  24
730436,19991113,    13,  1,  44,   134, -1,  28
730436,19991113,    15, -1,  38,    70,  1,  21
730436,19991113,    19, -1,  26,   139,  1,   6
730436,19991113,    20,  1,  45,   137, -1,  26
730436,19991113,    21,  1,  34,   229, -1,  17
730436,19991113,    22,  1,  35,    17, -1,  14
730436,19991113,    23, -1,  35,    46,  1,  28
730436,19991113,    29, -1,  24,   185,  1,  21
730436,19991113,    32,  1,  28,   121, -1,  21
730436,19991113,   207, -1,  39,   127,  1,  14
730436,19991113,    28,  1,  29,    56, -1,  26
730436,19991113,    36,  1,   7,   220, -1,   6
730436,19991113,    38,  1,  38,   201, -1,  14
730436,19991113,    39, -1,  37,    18,  1,   0
730436,19991113,    43,  1,  31,    41, -1,  29
730436,19991113,    47,  1,  38,    16, -1,  22
730436,19991113,    49,  1,  35,   161, -1,   0
730436,19991113,    52,  1,  48,   225, -1,  35
730436,19991113,    53, -1,  28,    98,  1,  17
730436,19991113,    58,  1,  48,    35, -1,  34
730436,19991113,    60,  1,  28,    34, -1,  14
730436,19991113,    55, -1,  23,   194,  1,  20
730436,19991113,    57,  1,  30,   228, -1,  27
730436,19991113,    59,  1,  41,   124, -1,   6
730436,19991113,    61,  1,  42,    97, -1,   0
730436,19991113,    62, -1,  20,   178,  1,   3
730436,19991113,    64,  1,  49,   108, -1,  10
730436,19991113,    67,  1,  30,   233, -1,   3
730436,19991113,    69, -1,  49,    31,  1,   6
730436,19991113,    68, -1,  51,    91,  1,  14
730436,19991113,    71,  1,  45,    37, -1,  42
730436,19991113,    75,  1,  31,    66, -1,  24
730436,19991113,    76, -1,  42,   179,  1,  23
730436,19991113,    77, -1,  37,    65,  1,  14
730436,19991113,    78, -1,  20,   104,  1,   7
730436,19991113,    79, -1,  42,   125,  1,  38
730436,19991113,    80, -1,  33,   122,  1,  30
730436,19991113,    81,  1,  29,   123, -1,  13
730436,19991113,    82, -1,  46,   149,  1,  20
730436,19991113,    83, -1,  24,    54,  1,  17
730436,19991113,    92,  1,  31,   163, -1,  13
730436,19991113,    96, -1,  19,   216,  1,  17
730436,19991113,    99, -1,  48,    24,  1,  27
730436,19991113,   102, -1,  41,   206,  1,  20
730436,19991113,   105, -1,  20,   142,  1,  14
730436,19991113,   106, -1,  40,    86,  1,  29
730436,19991113,   107, -1,  31,   223,  1,  17
730436,19991113,   109, -1,  25,   230,  1,  16
730436,19991113,   110,  1,  24,   202, -1,   7
730436,19991113,   111,  1,  14,    14, -1,  10
730436,19991113,   114, -1,  31,   155,  1,  27
730436,19991113,   115, -1,  34,   145,  1,   0
730436,19991113,   116,  1,  44,    84, -1,  20
730436,19991113,   130,  1,  45,   203, -1,  21
730436,19991113,   133,  1,  41,    94, -1,  15
730436,19991113,   135, -1,  43,    42,  1,  18
730436,19991113,   131,  1,  30,    63, -1,  15
730436,19991113,   209, -1,  37,   204,  1,  34
730436,19991113,   143,  1,  40,   157, -1,  24
730436,19991113,   148,  1,  40,   113, -1,  28
730436,19991113,   150, -1,  31,    88,  1,  10
730436,19991113,   151,  1,  45,    93, -1,  13
730436,19991113,   152, -1,  24,    30,  1,  19
730436,19991113,   153,  1,  28,     9, -1,  20
730436,19991113,   154, -1,  21,    74,  1,  17
730436,19991113,   156,  1,  37,   147, -1,  27
730436,19991113,   165,  1,  24,   189, -1,  21
730436,19991113,   168,  1,  37,   186, -1,  18
730436,19991113,   169,  1,  21,   146, -1,   0
730436,19991113,   170, -1,  28,   138,  1,  24
730436,19991113,   171,  1,  31,   224, -1,  12
730436,19991113,   166,  1,  34,    50, -1,  14
730436,19991113,   211, -1,  31,   227,  1,  28
730436,19991113,   177,  1,  58,    44, -1,  16
730436,19991113,   180,  1,  48,   101, -1,   0
730436,19991113,   181, -1,  23,   205,  1,  14
730436,19991113,   182, -1,  32,   197,  1,  28
730436,19991113,   120,  1,  62,   199, -1,   7
730436,19991113,   184, -1,  20,   176,  1,   7
730436,19991113,   187, -1,  50,    10,  1,  30
730436,19991113,   188,  1,  24,   183, -1,   6
730436,19991113,   193,  1,  42,   128, -1,  41
730436,19991113,   195,  1,  58,   198, -1,   7
730436,19991113,   196, -1,  51,   119,  1,  14
730436,19991113,   190,  1,  27,   141, -1,   3
730436,19991113,   214, -1,  30,   162,  1,  29
730436,19991113,   200,  1,  44,   129, -1,  14
730436,19991113,   208,  1,  23,   226, -1,  20
730436,19991113,   212,  1,  52,   136, -1,   7
730436,19991113,   218,  1,  50,    25, -1,  21
730436,19991113,   219,  1,  43,   112, -1,  10
730436,19991113,   222,  1,  46,   144, -1,  27
730436,19991113,   232, -1,  40,    85,  1,  34
730436,19991113,   231,  1,  41,    87, -1,   3
730436,19991113,   234,  1,  31,    27, -1,  17
730436,19991113,   235, -1,  23,   159,  1,  21
730436,19991113,   236, -1,  28,   217,  1,  21
730441,19991118,    40,  1,  41,     1, -1,  21
730441,19991118,   170,  1,  19,   194, -1,  15
730442,19991119,   184,  1,  47,    86, -1,  33
730443,19991120,     3, -1,  28,    15,  1,  17
730443,19991120,   206, -1,  23,   203,  1,  20
730443,19991120,     8, -1,  28,   100,  1,  12
730443,19991120,    11, -1,  23,     4,  1,  17
730443,19991120,    12,  1,  14,   118, -1,   9
730443,19991120,    20, -1,  45,    80,  1,  14
730443,19991120,    21, -1,  31,   147,  1,  29
730443,19991120,    22, -1,  33,   207,  1,  30
730443,19991120,    23,  1,  23,    41, -1,   6
730443,19991120,    24, -1,  45,    65,  1,  15
730443,19991120,    45, -1,  31,    29,  1,  26
730443,19991120,    28, -1,  27,    17,  1,  21
730443,19991120,    33, -1,  37,    90,  1,  17
730443,19991120,    37, -1,  31,   178,  1,  21
730443,19991120,    38, -1,  45,    77,  1,  26
730443,19991120,    43, -1,  20,   154,  1,  12
730443,19991120,    46,  1,  19,   159, -1,  18
730443,19991120,    50,  1,  42,    79, -1,  25
730443,19991120,    53,  1,  68,    31, -1,  12
730443,19991120,    58,  1,  23,   132, -1,   6
730443,19991120,    54, -1,  20,    55,  1,  14
730443,19991120,    61, -1,  45,   186,  1,  18
730443,19991120,    63,  0,  63,    19,  0,  14
730443,19991120,    64, -1,  30,    62,  1,  23
730443,19991120,    66,  1,  63,   173, -1,  12
730443,19991120,    67, -1,  40,    34,  1,  35
730443,19991120,    69,  1,  52,    97, -1,   7
730443,19991120,    70, -1,  20,   117,  1,  17
730443,19991120,    73,  1,  34,   125, -1,  14
730443,19991120,    75,  1,  48,   130, -1,  41
730443,19991120,    76,  1,  34,    92, -1,  16
730443,19991120,    78, -1,  26,    14,  1,  14
730443,19991120,    82,  1,  29,   145, -1,   7
730443,19991120,    89,  1,  58,     7, -1,   6
730443,19991120,    93,  1,  31,    88, -1,  28
730443,19991120,    94,  1,  66,   119, -1,   0
730443,19991120,    99,  1,  14,    98, -1,  12
730443,19991120,   106,  1,  29,   176, -1,   7
730443,19991120,   109,  1,  62,    42, -1,  20
730443,19991120,   110, -1,  38,   138,  1,   0
730443,19991120,   111, -1,  21,    35,  1,  13
730443,19991120,   112,  1,  55,   165, -1,   0
730443,19991120,   113,  1,  43,    25, -1,   0
730443,19991120,   114,  1,  24,   149, -1,  17
730443,19991120,   115,  1,  35,   155, -1,  28
730443,19991120,   127,  1,  24,    60, -1,   7
730443,19991120,   116, -1,  25,    87,  1,  21
730443,19991120,   122, -1,  49,   123,  1,   3
730443,19991120,   135,  1,  31,   105, -1,  20
730443,19991120,   137,  1,  22,   141, -1,   9
730443,19991120,   140,  1,  38,    52, -1,   0
730443,19991120,   131,  0,  27,   166,  0,   7
730443,19991120,   142, -1,  20,   161,  1,  10
730443,19991120,   143, -1,  30,    44,  1,  10
730443,19991120,   129,  1,  30,    56, -1,  23
730443,19991120,   151, -1,  34,    18,  1,  14
730443,19991120,   152,  1,  25,   153, -1,  14
730443,19991120,   160, -1,  30,    84,  1,  24
730443,19991120,   164,  1,  50,   188, -1,  19
730443,19991120,   172, -1,  37,   210,  1,   7
730443,19991120,   211,  1,  17,   208, -1,   7
730443,19991120,   167,  1,  52,   232, -1,  14
730443,19991120,   177, -1,  28,   204,  1,  14
730443,19991120,   180, -1,  30,   103,  1,  27
730443,19991120,   182, -1,  51,   124,  1,  33
730443,19991120,   120,  1,  31,    85, -1,  14
730443,19991120,   197,  1,  20,   169, -1,  14
730443,19991120,   101,  1,  37,   233, -1,  34
730443,19991120,   187,  1,  31,    30, -1,  13
730443,19991120,   175, -1,  29,   146,  1,  14
730443,19991120,   192, -1,  56,    96,  1,  21
730443,19991120,   193, -1,  35,   174,  1,  28
730443,19991120,   190,  1,  52,   214, -1,  24
730443,19991120,   205,  1,  22,   139, -1,   6
730443,19991120,   198,  1,  38,   150, -1,  28
730443,19991120,   200,  1,  45,   223, -1,  21
730443,19991120,   202,  1,  35,    91, -1,  16
730443,19991120,   212, -1,  20,    27,  1,  17
730443,19991120,   213, -1,  37,   134,  1,  35
730443,19991120,   215, -1,  52,    16,  1,  23
730443,19991120,   217,  1,  51,    49, -1,  45
730443,19991120,   218, -1,  34,   108,  1,  30
730443,19991120,   219, -1,  62,   191,  1,   7
730443,19991120,   225,  1,  26,    71, -1,  23
730443,19991120,   226,  1,  24,   227, -1,  14
730443,19991120,   221,  1,  24,    36, -1,  17
730443,19991120,   222,  1,  24,    51, -1,   0
730443,19991120,   230, -1,  31,   163,  1,  14
730443,19991120,   234,  1,  42,   136, -1,  28
730443,19991120,   235,  1,  24,    74, -1,  21
730448,19991125,   118,  1,  23,   117, -1,  20
730449,19991126,   104,  1,  35,    12, -1,  10
730449,19991126,   107,  1,  34,   148, -1,   3
730449,19991126,   133, -1,  33,    39,  1,  30
730449,19991126,   211,  1,  45,   102, -1,  19
730449,19991126,   196,  1,  20,   195, -1,  16
730449,19991126,   190,  1,  21,   177, -1,   0
730449,19991126,   219,  1,  38,    21, -1,  14
730450,19991127,    10,  1,  42,     9, -1,  27
730450,19991127,    40, -1,  35,   210,  1,  17
730450,19991127,    63, -1,  44,     8,  1,  29
730450,19991127,    68,  1,  72,   143, -1,  29
730450,19991127,    71,  1,  51,    70, -1,  48
730450,19991127,    76,  1,  27,    99, -1,  15
730450,19991127,    83,  1,  56,    38, -1,  13
730450,19991127,   109, -1,  30,    67,  1,  23
730450,19991127,   112,  1,  45,   189, -1,  13
730450,19991127,   136,  1,  33,     1, -1,  28
730450,19991127,   131, -1,  24,   193,  1,  10
730450,19991127,   150,  1,  44,   151, -1,   7
730450,19991127,   172,  1,  39,   234, -1,   7
730450,19991127,   181,  0,  37,    72,  0,  31
730450,19991127,   187,  1,  40,   147, -1,  37
730450,19991127,   188,  1,  28,   184, -1,   6
730450,19991127,   192,  1,  38,   216, -1,  10
730450,19991127,   202,  1,  27,    92, -1,   7
730450,19991127,   213, -1,  34,   141,  1,   7
730450,19991127,   227, -1,  22,    75,  1,  14
730450,19991127,   229,  1,  52,   156, -1,  21
730450,19991127,   236, -1,  30,   122,  1,  27
730456,19991203,   107,  1,  34,   223, -1,  30
730457,19991204,     3,  0,  34,    62,  0,   7
730457,19991204,    63, -1,  17,   202,  1,  10
730457,19991204,    68,  1,  38,   109, -1,  21
730457,19991204,    83, -1,  37,    76,  1,  20
730457,19991204,   112,  1,  55,   191, -1,   0
730457,19991204,   130,  0,  19,    14,  0,   9
730457,19991204,   133,  0,  22,   195,  0,   6
730457,19991204,   236,  1,  41,   131, -1,   3
730464,19991211,    68,  1,  28,    83, -1,  17
730464,19991211,   181,  1,  31,    89, -1,  30
730464,19991211,   236,  1,  27,    63, -1,  24
730471,19991218,    68,  0,  59,   236,  0,  24
730471,19991218,    73, -1,  24,   181,  1,   3
730471,19991218,   212,  0,  17,    66,  0,  16
730475,19991222,   190,  0,  28,    58,  0,  14
730478,19991225,    75,  1,  23,   153, -1,  17
730478,19991225,   225,  0,  23,    10,  0,   3
730480,19991227,   107,  0,  21,    27,  0,   3
730481,19991228,   155,  0,  24,   196,  0,   0
730482,19991229,    94,  0,  24,   226,  0,  20
730482,19991229,   189,  0,  20,    96,  0,  13
730483,19991230,    20,  1,  34,   103, -1,  31
730483,19991230,    82,  0,  63,   218,  0,  21
730483,19991230,   118,  0,  17,    37,  0,   7
730484,19991231,    39,  0,  62,    21,  0,  28
730484,19991231,   117,  0,  27,   150,  0,  25
730484,19991231,   152,  0,  24,   116,  0,  20
730484,19991231,   180,  0,  23,    40,  0,  17
730485,20000101,    12,  0,  27,   195,  0,   6
730485,20000101,    70,  0,  28,   160,  0,  25
730485,20000101,   112,  0,  28,    71,  0,  13
730485,20000101,   114,  0,  35,     3,  0,  34
730485,20000101,   115,  0,  37,    62,  0,  34
730485,20000101,   231,  0,  17,   187,  0,   9
730486,20000102,   133,  0,  31,   192,  0,  21
730488,20000104,    64,  0,  46,   219,  0,  29
