731085,20010823,   105,  1,  45,   140, -1,  24
731087,20010825,    27,  1,  70,   207, -1,  35
731087,20010825,   136,  1,  21,   194, -1,   7
731087,20010825,   153,  1,  41,   143, -1,  27
731087,20010825,   235,  1,  26,   222, -1,  17
731088,20010826,    67, -1,  24,    39,  1,  22
731088,20010826,    73,  0,  13,   193,  0,   7
731092,20010830,     2,  1,  31,   151, -1,  29
731092,20010830,   210,  1,  41,   125, -1,  13
731092,20010830,     9, -1,  23,   175,  1,  10
731092,20010830,    12,  0,  14,   214,  0,  10
731092,20010830,    28,  1,  42,    55, -1,  28
731092,20010830,    53,  1,  41,   224, -1,  18
731092,20010830,    70, -1,  45,   203,  1,  20
731092,20010830,   130, -1,  37,   220,  1,  28
731092,20010830,   146,  1,  30,    44, -1,  17
731092,20010830,   132,  1,  20,   183, -1,  17
731092,20010830,   164, -1,  10,    49,  1,   7
731092,20010830,   168, -1,  31,    25,  1,  15
731092,20010830,   195,  1,  45,   133, -1,  26
731092,20010830,    34, -1,  28,   173,  1,  14
731092,20010830,   204,  1,  38,   118, -1,   7
731092,20010830,   208,  1,  51,    87, -1,   0
731092,20010830,   221,  1,  38,    38, -1,  14
731092,20010830,   231,  1,  36,    82, -1,   7
731092,20010830,   226,  1,  17,   236, -1,  13
731092,20010830,   227,  1,  48,    85, -1,   7
731094,20010901,     6,  1,  14,   205, -1,  10
731094,20010901,     8,  1,  46,   102, -1,  26
731094,20010901,    11,  1,  19,   129, -1,   9
731094,20010901,    15,  1,  30,    17, -1,   0
731094,20010901,    19,  0,  35,   127,  0,  24
731094,20010901,    21,  1,  34,   233, -1,  10
731094,20010901,    22, -1,  20,   121,  1,  13
731094,20010901,    27,  1,  52,   137, -1,   7
731094,20010901,    45,  1,  13,   189, -1,   6
731094,20010901,    37,  1,  21,   211, -1,  13
731094,20010901,    39,  0,  41,    40,  0,  14
731094,20010901,    47,  1,  24,   219, -1,   7
731094,20010901,    48,  1,  70,   187, -1,   0
731094,20010901,    56,  1,  16,   178, -1,  12
731094,20010901,    63,  1,  49,   109, -1,  14
731094,20010901,    64,  1,  35,    50, -1,  17
731094,20010901,    65, -1,  55,    52,  1,  13
731094,20010901,    72,  1,  45,    13, -1,  17
731094,20010901,    69,  1,  69,   177, -1,   6
731094,20010901,    73,  1,  35,    36, -1,   7
731094,20010901,    74, -1,  37,     7,  1,  22
731094,20010901,    78,  1,  45,   145, -1,  21
731094,20010901,    84, -1,  44,    30,  1,  17
731094,20010901,    89,  1,  51,    97, -1,   0
731094,20010901,    91,  0,  27,    81,  0,  17
731094,20010901,    94,  1,  42,    59, -1,  21
731094,20010901,    95,  1,  24,   122, -1,  10
731094,20010901,   101, -1,  41,    71,  1,  14
731094,20010901,   106,  1,  48,   207, -1,  17
731094,20010901,   104,  0,  36,   181,  0,   6
731094,20010901,   105, -1,  36,    98,  1,  10
731094,20010901,   110,  1,  23,   143, -1,   7
731094,20010901,   114, -1,  33,   158,  1,   7
731094,20010901,   116,  1,  31,   115, -1,  13
731094,20010901,   119,  1,  49,   131, -1,  14
731094,20010901,   124, -1,  31,    29,  1,  17
731094,20010901,   136,  1,  42,   206, -1,  14
731094,20010901,   138,  1,  45,    75, -1,  29
731094,20010901,   139,  1,  26,   218, -1,   6
731094,20010901,   149, -1,  30,   185,  1,  21
731094,20010901,   153, -1,  44,     1,  1,   3
731094,20010901,   155,  1,  31,   235, -1,  28
731094,20010901,   159,  1,  31,    60, -1,   0
731094,20010901,   160, -1,  16,   179,  1,  13
731094,20010901,   165, -1,  21,    80,  1,  14
731094,20010901,   172, -1,  20,   213,  1,   9
731094,20010901,   182,  1,  32,    20, -1,  13
731094,20010901,   169, -1,  21,   128,  1,   7
731094,20010901,   215,  1,  21,   176, -1,  10
731094,20010901,   184,  1,  17,   154, -1,   9
731094,20010901,   186,  1,  28,   232, -1,  21
731094,20010901,   103,  1,  20,   141, -1,   0
731094,20010901,   190,  1,  22,    32, -1,  20
731094,20010901,   196,  1,  33,   193, -1,   9
731094,20010901,   197,  1,  27,     4, -1,   6
731094,20010901,   199,  1,  41,   140, -1,   7
731094,20010901,   200,  1,  38,   112, -1,  24
731094,20010901,   194, -1,  19,   144,  1,   5
731094,20010901,   209,  1,  17,   161, -1,   0
731094,20010901,   212, -1,  20,     3,  1,  17
731094,20010901,   216,  1,  23,   217, -1,  19
731094,20010901,   222,  1,  17,   166, -1,  16
731094,20010901,   223,  1,  52,    42, -1,  10
731094,20010901,   229, -1,  21,    58,  1,  19
731094,20010901,   234, -1,  31,   111,  1,  10
731094,20010901,   238,  1,  20,    68, -1,  14
731095,20010902,    67,  1,  44,   156, -1,  24
731095,20010902,   163, -1,  19,    35,  1,  14
731096,20010903,   120,  1,  30,   113, -1,  10
731099,20010906,   135,  1,  35,    86, -1,  14
731099,20010906,   200, -1,  28,   238,  1,  20
731100,20010907,   148, -1,  37,   214,  1,  28
731101,20010908,     1,  1,  42,   198, -1,   0
731101,20010908,     3, -1,  12,   220,  1,   9
731101,20010908,     6,  1,  31,   188, -1,   6
731101,20010908,     7, -1,  20,     5,  1,  17
731101,20010908,     9,  1,  36,    82, -1,  29
731101,20010908,    10,  1,  38,   175, -1,   7
731101,20010908,    15,  1,  27,   119, -1,  21
731101,20010908,    18,  1,  24,    13, -1,   3
731101,20010908,    22,  1,  35,    25, -1,   0
731101,20010908,    27, -1,  44,    30,  1,  16
731101,20010908,    26,  1,  29,   126, -1,  27
731101,20010908,    29,  1,  55,    45, -1,  21
731101,20010908,    35, -1,  24,    14,  1,  21
731101,20010908,    37,  1,  38,   237, -1,  14
731101,20010908,    39,  1,  51,   176, -1,  15
731101,20010908,    40,  1,  35,   137, -1,  18
731101,20010908,    48, -1,  37,   167,  1,   9
731101,20010908,    53,  1,  28,   190, -1,  10
731101,20010908,    58, -1,  51,   207,  1,  24
731101,20010908,    60,  1,  30,    70, -1,  17
731101,20010908,    54,  1,  44,    87, -1,  14
731101,20010908,    55,  1,  30,   102, -1,   7
731101,20010908,    57, -1,  35,    42,  1,  17
731101,20010908,    63,  1,  55,   213, -1,   6
731101,20010908,    64,  1,  21,   127, -1,  12
731101,20010908,    62, -1,  31,    19,  1,  28
731101,20010908,    65,  1,  29,   210, -1,   7
731101,20010908,    66, -1,  46,    61,  1,  14
731101,20010908,    67, -1,  32,   235,  1,  20
731101,20010908,    68,  1,  46,    59, -1,   7
731101,20010908,    69,  1,  38,    49, -1,   7
731101,20010908,    73, -1,  70,   133,  1,   7
731101,20010908,    74,  1,  30,     4, -1,   7
731101,20010908,    75, -1,  27,    81,  1,  20
731101,20010908,    77,  0,  30,   124,  0,  12
731101,20010908,    79,  1,  33,    71, -1,   7
731101,20010908,    84,  1,  17,   132, -1,  12
731101,20010908,    88, -1,  27,    31,  1,  24
731101,20010908,    89,  1,  44,   115, -1,  19
731101,20010908,    90,  1,  45,   147, -1,   0
731101,20010908,    92,  1,  45,    47, -1,   3
731101,20010908,    93,  1,  34,   141, -1,  15
731101,20010908,    96, -1,  10,   215,  1,   6
731101,20010908,    97,  1,  38,    24, -1,  17
731101,20010908,    98,  1,  28,    17, -1,  20
731101,20010908,    99, -1,  42,   187,  1,  37
731101,20010908,   106,  1,  31,   217, -1,  14
731101,20010908,   105,  1,  31,   225, -1,   7
731101,20010908,   107,  1,  34,    38, -1,  10
731101,20010908,   109,  1,  49,   111, -1,  20
731101,20010908,   110,  1,  50,    56, -1,   3
731101,20010908,   112,  1,  56,   161, -1,   0
731101,20010908,   113,  1,  43,    34, -1,  10
731101,20010908,   114,  1,  61,   168, -1,   0
731101,20010908,   117,  1,  35,    28, -1,  21
731101,20010908,   130,  1,  54,   206, -1,  17
731101,20010908,   118,  1,  44,   103, -1,  14
731101,20010908,   121,  1,  40,   201, -1,   6
731101,20010908,   123,  1,  23,   228, -1,  15
731101,20010908,   125, -1,  32,   232,  1,  17
731101,20010908,   131,  1,  32,    85, -1,  17
731101,20010908,   136,  1,  27,   150, -1,  10
731101,20010908,   138,  1,  26,    94, -1,  19
731101,20010908,   146,  1,  10,   179, -1,   3
731101,20010908,   152,  1,  28,     2, -1,  14
731101,20010908,   153,  1,  37,   144, -1,  10
731101,20010908,   154,  1,  30,   104, -1,  23
731101,20010908,   155,  1,  24,   216, -1,  10
731101,20010908,   156, -1,  27,   140,  1,  22
731101,20010908,   164,  1,  35,    78, -1,  26
731101,20010908,   165,  1,  15,    52, -1,  13
731101,20010908,   171, -1,  41,    32,  1,  21
731101,20010908,   177, -1,  14,   169,  1,   9
731101,20010908,   182, -1,  14,    72,  1,   9
731101,20010908,   183, -1,  35,   159,  1,  26
731101,20010908,   178,  1,  24,   170, -1,   5
731101,20010908,   185,  1,  35,    11, -1,  14
731101,20010908,   191,  1,  38,    21, -1,  22
731101,20010908,   193,  1,  21,   211, -1,  10
731101,20010908,   196, -1,  13,    12,  1,   3
731101,20010908,   199,  1,  44,   143, -1,  14
731101,20010908,   194, -1,  38,   181,  1,  10
731101,20010908,   202,  1,  42,   139, -1,  30
731101,20010908,   218,  1,  52,   209, -1,   6
731101,20010908,   204, -1,  33,   195,  1,   7
731101,20010908,   205,  1,  16,   100, -1,  13
731101,20010908,   212, -1,  41,    95,  1,  17
731101,20010908,   221,  1,  31,   145, -1,  14
731101,20010908,   223,  1,  31,   227, -1,   0
731101,20010908,   229,  1,  20,     8, -1,  10
731101,20010908,   230,  1,  23,   116, -1,  18
731101,20010908,   231, -1,  41,    20,  1,  20
731101,20010908,   233,  1,  20,   151, -1,   3
731101,20010908,   234, -1,  34,   224,  1,   0
731108,20010915,    92,  1,  39,   126, -1,  27
731108,20010915,   122, -1,  31,   178,  1,  28
731113,20010920,   136,  1,  48,   165, -1,   3
731113,20010920,   182, -1,  16,   120,  1,  14
731114,20010921,   188,  1,  16,   192, -1,  13
731115,20010922,     3,  1,  31,    12, -1,  10
731115,20010922,     4,  1,  24,   209, -1,  10
731115,20010922,   210,  1,  55,    14, -1,   3
731115,20010922,     6, -1,  35,   228,  1,  30
731115,20010922,     8, -1,   8,    36,  1,   6
731115,20010922,     9,  1,  38,   214, -1,  21
731115,20010922,    16,  1,  37,   219, -1,  13
731115,20010922,    18,  1,  16,   139, -1,  13
731115,20010922,    19, -1,  32,   142,  1,   7
731115,20010922,    20,  1,  42,   218, -1,  17
731115,20010922,    21, -1,  38,   133,  1,  21
731115,20010922,    22,  1,  42,   195, -1,  23
731115,20010922,    24, -1,  23,    41,  1,  20
731115,20010922,    25, -1,  37,    42,  1,  20
731115,20010922,    29, -1,  34,   125,  1,   6
731115,20010922,    45,  1,  33,    83, -1,  27
731115,20010922,   211, -1,  36,   207,  1,  29
731115,20010922,    38,  1,  21,    66, -1,   9
731115,20010922,    39,  1,  27,    95, -1,  16
731115,20010922,    48, -1,  42,   126,  1,  22
731115,20010922,    49,  1,  35,   111, -1,   7
731115,20010922,    53, -1,  33,    26,  1,  23
731115,20010922,    58,  1,  38,   234, -1,  23
731115,20010922,    54, -1,  21,    55,  1,  17
731115,20010922,    57,  1,  50,   232, -1,  26
731115,20010922,    61,  1,  42,   180, -1,  13
731115,20010922,    63, -1,  44,    98,  1,  10
731115,20010922,    62,  1,  31,   108, -1,   9
731115,20010922,    67, -1,  37,   208,  1,  18
731115,20010922,    68,  1,  65,   224, -1,   7
731115,20010922,    69,  1,  70,    34, -1,   7
731115,20010922,    74, -1,  30,   160,  1,  29
731115,20010922,    76,  1,  27,    23, -1,  20
731115,20010922,    78,  1,  51,   107, -1,  44
731115,20010922,    79, -1,  17,   205,  1,   9
731115,20010922,    81, -1,  41,   127,  1,  15
731115,20010922,    84,  1,  34,   105, -1,  10
731115,20010922,    87, -1,  21,    56,  1,  14
731115,20010922,    90, -1,  31,   151,  1,  28
731115,20010922,    91, -1,  66,   129,  1,  36
731115,20010922,    93, -1,  31,    13,  1,  28
731115,20010922,    96,  1,  64,   140, -1,   0
731115,20010922,    99,  1,  21,    31, -1,  14
731115,20010922,   101,  1,  34,   162, -1,  10
731115,20010922,   102,  1,  34,    50, -1,   7
731115,20010922,   110, -1,  27,   229,  1,  20
731115,20010922,   112,  1,  54,     7, -1,  14
731115,20010922,   113,  1,  17,   183, -1,   9
731115,20010922,   115,  1,  21,    35, -1,  14
731115,20010922,   116,  1,  38,   227, -1,  21
731115,20010922,   117, -1,  17,   150,  1,  10
731115,20010922,   130, -1,  38,   213,  1,  20
731115,20010922,   123, -1,  20,    32,  1,  14
731115,20010922,   131, -1,  24,   170,  1,  20
731115,20010922,   137,  1,  28,    77, -1,  20
731115,20010922,   138, -1,  42,    46,  1,  38
731115,20010922,   143,  1,  41,    65, -1,   9
731115,20010922,   134, -1,  23,    59,  1,   7
731115,20010922,   135, -1,  26,   181,  1,  17
731115,20010922,   146, -1,  41,   186,  1,  12
731115,20010922,   132,  1,  41,   172, -1,  16
731115,20010922,   147, -1,  42,    17,  1,  39
731115,20010922,   148, -1,  44,    52,  1,   7
731115,20010922,   149, -1,  27,   194,  1,  24
731115,20010922,   155,  1,  24,   215, -1,  22
731115,20010922,   157, -1,  37,   100,  1,   0
731115,20010922,   163,  1,  33,     2, -1,  14
731115,20010922,   164, -1,  16,    94,  1,  12
731115,20010922,   171, -1,  44,   167,  1,  31
731115,20010922,   173, -1,  49,    70,  1,  41
731115,20010922,   175, -1,  14,    40,  1,   7
731115,20010922,   178, -1,  38,    85,  1,  33
731115,20010922,   184, -1,  35,   103,  1,  10
731115,20010922,   185,  0,  32,     5,  0,   7
731115,20010922,   190,  1,  27,   187, -1,   7
731115,20010922,   191,  1,  51,    10, -1,  28
731115,20010922,   179,  1,  30,    44, -1,  27
731115,20010922,   193,  1,  31,    15, -1,  14
731115,20010922,   197,  0,  27,    64,  0,   7
731115,20010922,   199, -1,  53,    80,  1,  26
731115,20010922,   200,  1,  21,   154, -1,   7
731115,20010922,   202, -1,  42,   144,  1,  14
731115,20010922,   204, -1,  52,    28,  1,  28
731115,20010922,   206,  1,  26,   141, -1,   0
731115,20010922,   212,  1,  13,   152, -1,   6
731115,20010922,   216, -1,  28,    86,  1,  26
731115,20010922,   220,  1,  28,   166, -1,  22
731115,20010922,   222, -1,  26,    37,  1,  24
731115,20010922,   223, -1,  50,   168,  1,   0
731115,20010922,   230,  1,  53,    82, -1,   3
731115,20010922,   231,  1,  51,    30, -1,  20
731115,20010922,   233,  1,  34,    97, -1,  14
731115,20010922,   225, -1,  20,    60,  1,   6
731115,20010922,   236,  1,  23,   122, -1,   7
731115,20010922,   235, -1,  18,   158,  1,   6
731115,20010922,   237,  1,  35,    33, -1,  10
731115,20010922,   238, -1,  43,   217,  1,  42
731115,20010922,   239,  1,  40,    43, -1,  13
731115,20010922,   240,  1,  41,   226, -1,   7
731120,20010927,   114, -1,  43,   159,  1,  21
731122,20010929,     1, -1,  45,   175,  1,  21
731122,20010929,     2,  1,  14,    97, -1,  10
731122,20010929,     6,  1,  28,   192, -1,  18
731122,20010929,     8,  1,  33,    60, -1,  14
731122,20010929,    10,  1,  53,   176, -1,  15
731122,20010929,    15, -1,  24,   220,  1,  21
731122,20010929,    19,  1,  30,   128, -1,   0
731122,20010929,    20,  0,  45,    82,  0,  13
731122,20010929,    21,  1,  31,    14, -1,  10
731122,20010929,    27, -1,  35,   214,  1,  31
731122,20010929,    24,  1,  38,   189, -1,   6
731122,20010929,    28, -1,  16,    25,  1,   8
731122,20010929,    36,  1,  31,   169, -1,   8
731122,20010929,    37, -1,  47,    73,  1,  44
731122,20010929,    38,  1,  35,    43, -1,  32
731122,20010929,    40, -1,  42,   238,  1,  14
731122,20010929,    42, -1,  20,   168,  1,  19
731122,20010929,    48, -1,  42,    53,  1,  16
731122,20010929,    54,  1,  44,   198, -1,  33
731122,20010929,    55, -1,  42,   203,  1,  10
731122,20010929,    59,  1,  27,    70, -1,  14
731122,20010929,    61, -1,  26,    88,  1,  21
731122,20010929,    63,  1,  52,   120, -1,   0
731122,20010929,    64, -1,  53,    81,  1,  20
731122,20010929,    65,  1,  48,   229, -1,  24
731122,20010929,    66,  1,  48,    71, -1,  13
731122,20010929,    67,  1,  38,   104, -1,  28
731122,20010929,    68, -1,  31,   225,  1,  13
731122,20010929,    72,  1,  34,    12, -1,  23
731122,20010929,    69, -1,  31,   224,  1,  14
731122,20010929,    74,  0,  40,   161,  0,   6
731122,20010929,    75,  1,  31,    50, -1,  20
731122,20010929,    76,  1,  38,   100, -1,  14
731122,20010929,    78,  1,  36,   111, -1,   6
731122,20010929,    89,  1,  24,   158, -1,  18
731122,20010929,    90,  1,  41,    18, -1,   0
731122,20010929,    91, -1,  26,     4,  1,  14
731122,20010929,    92, -1,  38,    16,  1,   7
731122,20010929,   101,  1,  58,    32, -1,  10
731122,20010929,   105,  1,  38,   113, -1,  21
731122,20010929,   107,  1,  13,    94, -1,   3
731122,20010929,   109,  1,  37,    22, -1,  31
731122,20010929,   110,  1,  32,   233, -1,  20
731122,20010929,   115, -1,  28,    17,  1,  20
731122,20010929,   116,  1,  45,    84, -1,  20
731122,20010929,   130, -1,  26,   103,  1,   9
731122,20010929,   119, -1,  42,    98,  1,  31
731122,20010929,   123,  1,  42,    31, -1,   0
731122,20010929,   124,  1,  29,    57, -1,  26
731122,20010929,   125,  1,  34,    44, -1,  27
731122,20010929,   126,  1,  24,   219, -1,  10
731122,20010929,   136, -1,  36,   121,  1,   3
731122,20010929,   140, -1,  31,   213,  1,   0
731122,20010929,   141,  1,  20,   173, -1,  16
731122,20010929,   143, -1,  17,   135,  1,   9
731122,20010929,   134, -1,  43,   142,  1,   0
731122,20010929,   145,  1,  20,    49, -1,   7
731122,20010929,   147,  1,  30,   240, -1,  11
731122,20010929,   148,  1,  27,   117, -1,  26
731122,20010929,   152, -1,  27,    86,  1,  14
731122,20010929,   153,  1,  38,    96, -1,  37
731122,20010929,   154,  1,  24,   149, -1,   0
731122,20010929,   155, -1,  38,   217,  1,  21
731122,20010929,   157, -1,  21,    46,  1,  20
731122,20010929,   160,  1,  33,   146, -1,  30
731122,20010929,   162,  1,  44,    41, -1,  11
731122,20010929,   163, -1,  35,   118,  1,  28
731122,20010929,   164, -1,  42,    23,  1,  38
731122,20010929,   165, -1,  27,    77,  1,  24
731122,20010929,   167,  1,  41,   187, -1,   7
731122,20010929,   171, -1,  34,   180,  1,   0
731122,20010929,   172, -1,  68,   129,  1,  13
731122,20010929,   174,  1,  31,    51, -1,  24
731122,20010929,   182,  1,  37,     3, -1,  36
731122,20010929,   183,  1,  28,   144, -1,  10
731122,20010929,   184,  1,   3,   210, -1,   0
731122,20010929,   201, -1,  20,    85,  1,  13
731122,20010929,   190, -1,  13,   108,  1,   7
731122,20010929,   191, -1,  21,   215,  1,  16
731122,20010929,   179, -1,  31,    87,  1,  13
731122,20010929,   193,  1,  44,    58, -1,  30
731122,20010929,   196,  1,  26,   106, -1,  18
731122,20010929,    34,  1,  29,   237, -1,  26
731122,20010929,   197,  1,  20,   178, -1,  14
731122,20010929,   199,  1,  42,   202, -1,   7
731122,20010929,   200,  1,  24,   150, -1,   3
731122,20010929,   194, -1,  34,    80,  1,  17
731122,20010929,   218,  1,  26,   208, -1,  10
731122,20010929,   204,  1,  41,   132, -1,  20
731122,20010929,   205, -1,  20,   127,  1,  17
731122,20010929,   207,  1,  41,   185, -1,   7
731122,20010929,   212, -1,  38,   156,  1,   7
731122,20010929,   216,  1,  37,   139, -1,  16
731122,20010929,   221, -1,  31,   166,  1,  30
731122,20010929,   222,  1,  31,    52, -1,  10
731122,20010929,   223,  1,  46,   211, -1,  14
731122,20010929,   228, -1,  34,   188,  1,   7
731122,20010929,   230, -1,  31,    30,  1,  28
731122,20010929,   231, -1,  48,     9,  1,  21
731122,20010929,   232,  1,  38,    45, -1,  31
731122,20010929,   226,  1,  38,   170, -1,  21
731122,20010929,   227, -1,  31,    56,  1,  10
731122,20010929,   234,  1,  38,   138, -1,  28
731122,20010929,   235,  1,  24,   236, -1,   6
731122,20010929,   239, -1,  23,    79,  1,  22
731127,20011004,    60,  1,  23,    36, -1,  21
731127,20011004,   105,  1,   7,    40, -1,   2
731128,20011005,    27,  1,  54,   217, -1,  34
731129,20011006,     1,  0,  24,   133,  0,  18
731129,20011006,     3,  0,  56,   218,  0,   7
731129,20011006,     5, -1,  61,    91,  1,  58
731129,20011006,     6, -1,  28,    31,  1,   6
731129,20011006,    10,  1,  63,   103, -1,  27
731129,20011006,    11,  1,  28,   209, -1,  22
731129,20011006,    12,  1,  42,   232, -1,  19
731129,20011006,    14,  1,  28,    80, -1,  14
731129,20011006,    15,  1,  16,   120, -1,  14
731129,20011006,    19,  0,  49,    50,  0,  24
731129,20011006,    21,  1,  33,   195, -1,  10
731129,20011006,    22,  1,  24,    97, -1,   7
731129,20011006,    23,  1,  40,    66, -1,  23
731129,20011006,    24,  1,  51,   205, -1,  10
731129,20011006,    26,  1,  38,   219, -1,  21
731129,20011006,    32, -1,  19,   187,  1,   6
731129,20011006,   211,  1,  24,   210, -1,   7
731129,20011006,    33, -1,  28,    92,  1,   7
731129,20011006,    35,  1,  46,   207, -1,  33
731129,20011006,    38, -1,  35,   162,  1,  10
731129,20011006,    39, -1,  16,    96,  1,   6
731129,20011006,    42,  1,  19,    56, -1,   0
731129,20011006,    48,  1,  35,   174, -1,  14
731129,20011006,    49, -1,  49,   138,  1,  36
731129,20011006,    51,  1,  31,    62, -1,   7
731129,20011006,    61,  1,  27,   108, -1,   6
731129,20011006,    63, -1,  44,   106,  1,  15
731129,20011006,    64,  0,  33,   169,  0,  27
731129,20011006,    68,  1,  28,     8, -1,  22
731129,20011006,    70,  1,  38,   128, -1,  15
731129,20011006,    71,  1,  15,    53, -1,  13
731129,20011006,    72, -1,  26,   196,  1,  24
731129,20011006,    69,  1,  50,   225, -1,  14
731129,20011006,    73, -1,  37,    52,  1,  10
731129,20011006,    76,  1,  35,   145, -1,  20
731129,20011006,    77, -1,  38,   181,  1,  31
731129,20011006,    78, -1,  34,   234,  1,  28
731129,20011006,    84,  1,  25,   118, -1,  14
731129,20011006,    86, -1,  63,   235,  1,  32
731129,20011006,    93, -1,  39,   173,  1,   7
731129,20011006,    95, -1,  34,   202,  1,  31
731129,20011006,   100,  1,  31,    41, -1,  14
731129,20011006,   101, -1,  38,    43,  1,  35
731129,20011006,   104,  1,  41,   176, -1,  20
731129,20011006,   107,  1,  14,   166, -1,   3
731129,20011006,   109, -1,  37,   132,  1,  15
731129,20011006,   110,  1,  41,   222, -1,  21
731129,20011006,   113,  1,  22,   184, -1,  17
731129,20011006,   114,  1,  38,   206, -1,   7
731129,20011006,   115,  1,  31,    25, -1,  14
731129,20011006,   116, -1,  20,   158,  1,   0
731129,20011006,   130,  1,  70,    82, -1,  58
731129,20011006,   119, -1,  35,    13,  1,  17
731129,20011006,   121, -1,  41,   154,  1,  38
731129,20011006,   124, -1,  42,    45,  1,   7
731129,20011006,   125,  0,  48,    57,  0,  38
731129,20011006,   126,  1,  28,    47, -1,  17
731129,20011006,   127,  1,  52,   134, -1,  42
731129,20011006,   136,  1,  48,    90, -1,  14
731129,20011006,   214, -1,  27,   137,  1,  12
731129,20011006,   139, -1,  30,   238,  1,  29
731129,20011006,   140, -1,  24,   208,  1,   7
731129,20011006,   142, -1,  27,   177,  1,  18
731129,20011006,   143,  1,  24,    58, -1,  21
731129,20011006,   135, -1,  17,   229,  1,  14
731129,20011006,   213,  1,  19,   144, -1,  17
731129,20011006,   146,  1,  51,    83, -1,  26
731129,20011006,   147, -1,  27,   122,  1,   3
731129,20011006,   150,  1,  24,   159, -1,   7
731129,20011006,   152,  1,  38,   148, -1,  20
731129,20011006,   153,  0,  14,   199,  0,   3
731129,20011006,   155, -1,  63,     9,  1,  28
731129,20011006,   157,  1,  43,    79, -1,   7
731129,20011006,   161,  1,  34,   129, -1,  17
731129,20011006,   163,  1,  23,    89, -1,  14
731129,20011006,   164, -1,  56,    75,  1,   7
731129,20011006,   165,  1,  45,    20, -1,  14
731129,20011006,   171,  1,  30,   188, -1,  14
731129,20011006,   172,  1,  30,   149, -1,  14
731129,20011006,   175,  1,  40,    54, -1,   7
731129,20011006,   180,  1,  20,    99, -1,   6
731129,20011006,   182,  1,  42,    98, -1,   6
731129,20011006,   178,  1,  45,   203, -1,  30
731129,20011006,   170,  1,  23,    85, -1,  17
731129,20011006,   185,  1,  23,     4, -1,  20
731129,20011006,   201,  1,  23,   160, -1,  20
731129,20011006,   190,  1,  31,    88, -1,   7
731129,20011006,   179, -1,  26,   112,  1,  14
731129,20011006,   192,  1,  52,   228, -1,  30
731129,20011006,   193, -1,  24,   168,  1,  17
731129,20011006,   197,  0,  45,    81,  0,   0
731129,20011006,   198,  1,  15,   131, -1,  12
731129,20011006,   200,  1,  16,    18, -1,  10
731129,20011006,   204, -1,  48,   151,  1,  41
731129,20011006,   216,  1,  52,   183, -1,  21
731129,20011006,   221,  1,  45,    94, -1,  44
731129,20011006,   223, -1,  35,   233,  1,   0
731129,20011006,   230,  1,  27,   215, -1,  24
731129,20011006,   231,  1,  34,   156, -1,  27
731129,20011006,   226,  1,  27,   186, -1,  20
731129,20011006,   236,  1,  24,    59, -1,   7
731129,20011006,   227,  1,  31,     2, -1,  14
731129,20011006,   237,  1,  59,   224, -1,  14
731129,20011006,   240, -1,  35,    87,  1,  21
731130,20011007,    46, -1,  32,   239,  1,  27
731134,20011011,   110, -1,  20,    73,  1,  17
731136,20011013,     1,  1,  24,   238, -1,  13
731136,20011013,     5, -1,  27,   209,  1,  24
731136,20011013,     7,  1,  17,   173, -1,   7
731136,20011013,    12,  0,  10,   182,  0,   7
731136,20011013,    13,  1,  26,   103, -1,  20
731136,20011013,    15,  1,  23,    63, -1,  20
731136,20011013,    17, -1,  35,    56,  1,  14
731136,20011013,    19, -1,  24,   169,  1,  10
731136,20011013,    20,  1,  41,   208, -1,  10
731136,20011013,    27, -1,  24,   139,  1,  20
731136,20011013,    23,  1,  35,   162, -1,  24
731136,20011013,    24, -1,  17,   100,  1,  16
731136,20011013,    29,  1,  34,   186, -1,  24
731136,20011013,    31, -1,  34,   180,  1,  17
731136,20011013,   211,  1,  63,   102, -1,   0
731136,20011013,    33,  1,  36,    16, -1,  21
731136,20011013,    35, -1,  31,   210,  1,  17
731136,20011013,    37, -1,  45,   135,  1,  37
731136,20011013,    39,  1,  31,   200, -1,  21
731136,20011013,    48,  1,  45,    26, -1,   7
731136,20011013,    58, -1,  49,    14,  1,  26
731136,20011013,    54,  1,  12,   178, -1,   0
731136,20011013,    55, -1,  21,   131,  1,  13
731136,20011013,    62,  1,  35,    92, -1,  12
731136,20011013,    67, -1,  25,    40,  1,  22
731136,20011013,    68, -1,  30,    36,  1,   7
731136,20011013,    71,  1,  26,    47, -1,  24
731136,20011013,    72, -1,  30,   220,  1,  14
731136,20011013,    69, -1,  27,     8,  1,  18
731136,20011013,    74,  0,  60,    11,  0,   7
731136,20011013,    76, -1,  26,    43,  1,   6
731136,20011013,    77,  1,  66,   218, -1,   7
731136,20011013,    78, -1,  39,    49,  1,  14
731136,20011013,    79,  1,  49,    46, -1,  17
731136,20011013,    83,  1,  23,   160, -1,  17
731136,20011013,    84, -1,  35,    86,  1,  14
731136,20011013,    88,  1,  18,   108, -1,  15
731136,20011013,    90, -1,  20,   121,  1,  14
731136,20011013,    91,  1,  24,   185, -1,  21
731136,20011013,    97,  1,  44,   132, -1,  34
731136,20011013,   101,  1,  47,   205, -1,  12
731136,20011013,   106, -1,  29,    98,  1,  25
731136,20011013,   104, -1,  45,   137,  1,  42
731136,20011013,   107, -1,  21,   145,  1,   9
731136,20011013,   109, -1,  34,    25,  1,  14
731136,20011013,   112, -1,  21,   201,  1,   3
731136,20011013,   113, -1,  52,    80,  1,  33
731136,20011013,   114, -1,  49,    65,  1,  27
731136,20011013,   115,  1,  30,     2, -1,  27
731136,20011013,   116,  1,  24,   163, -1,  10
731136,20011013,   117,  1,  31,    89, -1,  28
731136,20011013,   119,  1,  27,     3, -1,  24
731136,20011013,   123, -1,  28,   187,  1,   0
731136,20011013,   124,  1,  49,   189, -1,  19
731136,20011013,   125,  1,  20,    45, -1,   0
731136,20011013,   126, -1,  31,   203,  1,  13
731136,20011013,   127,  1,  26,   177, -1,   0
731136,20011013,   128, -1,  16,     4,  1,  13
731136,20011013,   136, -1,  48,    18,  1,   7
731136,20011013,   214,  1,  31,   175, -1,   3
731136,20011013,   138, -1,  35,   111,  1,  24
731136,20011013,   140,  1,  46,    82, -1,  39
731136,20011013,   142,  1,  28,    75, -1,  20
731136,20011013,   143,  1,  30,   222, -1,  24
731136,20011013,   134,  1,  55,    64, -1,  23
731136,20011013,   144,  1,  24,   130, -1,  21
731136,20011013,   146, -1,  42,   232,  1,  32
731136,20011013,   147,  1,  19,   170, -1,  14
731136,20011013,   148,  1,  23,   118, -1,  17
731136,20011013,   149, -1,  24,    59,  1,   6
731136,20011013,   150,  1,  34,   233, -1,  24
731136,20011013,   151, -1,  34,    28,  1,   3
731136,20011013,   153, -1,  38,    95,  1,  10
731136,20011013,   155, -1,  48,    30,  1,   7
731136,20011013,   156,  1,  38,     9, -1,   3
731136,20011013,   157, -1,  35,    41,  1,   7
731136,20011013,   164,  1,  34,   234, -1,  31
731136,20011013,   165, -1,  21,   133,  1,  13
731136,20011013,   166, -1,  20,    94,  1,  17
731136,20011013,   167, -1,  28,   188,  1,   0
731136,20011013,   171,  1,  42,   192, -1,  24
731136,20011013,   172, -1,  35,   141,  1,  32
731136,20011013,   174,  1,  38,    61, -1,  35
731136,20011013,   183,  1,  40,    42, -1,  21
731136,20011013,   215,  1,  48,    10, -1,  17
731136,20011013,   181, -1,  24,   176,  1,  17
731136,20011013,   190, -1,  23,    99,  1,   7
731136,20011013,   179,  1,  44,    93, -1,  37
731136,20011013,   193, -1,  42,   159,  1,  10
731136,20011013,   195,  1,  30,   168, -1,   5
731136,20011013,   197,  1,  41,   129, -1,   3
731136,20011013,   199, -1,  45,   154,  1,  17
731136,20011013,   202,  1,  38,    96, -1,  19
731136,20011013,   206, -1,  21,   120,  1,   9
731136,20011013,   207,  1,  48,   194, -1,  22
731136,20011013,   212,  1,  35,   230, -1,  13
731136,20011013,   219,  1,  17,    51, -1,   7
731136,20011013,   224,  1,  19,    34, -1,  16
731136,20011013,   223,  1,  34,    21, -1,  20
731136,20011013,   228,  1,  24,    32, -1,  17
731136,20011013,   229, -1,  42,    52,  1,  35
731136,20011013,   231, -1,  45,   191,  1,  39
731136,20011013,   225,  1,  31,   237, -1,  28
731136,20011013,   226, -1,  33,    85,  1,  23
731136,20011013,   236, -1,  22,    87,  1,   9
731136,20011013,   227,  1,  37,    22, -1,  28
731136,20011013,   235, -1,  20,   152,  1,  17
731136,20011013,   239,  1,  36,    66, -1,  27
731136,20011013,   240,  1,  41,   122, -1,  20
731139,20011016,   105,  1,  24,   184, -1,  14
731141,20011018,   172,  1,  24,   179, -1,  21
731141,20011018,   231,  1,  53,   125, -1,  28
731141,20011018,   225, -1,  21,    34,  1,   3
731142,20011019,    20, -1,  35,    67,  1,  30
731143,20011020,   210,  1,  34,   207, -1,  27
731143,20011020,     5, -1,  23,    11,  1,  17
731143,20011020,     7,  1,  48,   161, -1,  20
731143,20011020,     8, -1,  34,   237,  1,  23
731143,20011020,    10,  1,  41,   156, -1,  24
731143,20011020,    15,  1,  48,   104, -1,  41
731143,20011020,    17,  1,  24,   204, -1,  20
731143,20011020,    21,  1,  45,   159, -1,   7
731143,20011020,    22, -1,  16,     2,  1,  11
731143,20011020,    27,  1,  63,     1, -1,  33
731143,20011020,    23, -1,  49,    43,  1,  21
731143,20011020,    24,  1,  34,    71, -1,   0
731143,20011020,    26, -1,  19,   174,  1,  16
731143,20011020,   211,  1,  38,   213, -1,   6
731143,20011020,    35, -1,  29,    80,  1,  28
731143,20011020,    38,  1,  37,   205, -1,   5
731143,20011020,    40, -1,  26,   214,  1,  24
731143,20011020,    41, -1,  27,    46,  1,  20
731143,20011020,    48, -1,  24,    51,  1,  23
731143,20011020,    50,  1,  38,   127, -1,  12
731143,20011020,    53,  1,  34,    99, -1,   0
731143,20011020,    58,  1,  32,   113, -1,  11
731143,20011020,    54, -1,  49,   170,  1,  21
731143,20011020,    55,  1,  34,   198, -1,  10
731143,20011020,    57, -1,  42,    45,  1,  35
731143,20011020,    61, -1,  63,    31,  1,  44
731143,20011020,    64,  1,  47,   142, -1,   9
731143,20011020,    65, -1,  43,   222,  1,   7
731143,20011020,    68,  1,  31,    60, -1,   6
731143,20011020,    70,  1,  29,   102, -1,  25
731143,20011020,    72,  1,  43,    98, -1,  29
731143,20011020,    69,  1,  14,    36, -1,   6
731143,20011020,    73,  1,  27,   135, -1,  17
731143,20011020,    74, -1,  30,    91,  1,  16
731143,20011020,    75,  1,  28,   169, -1,  17
731143,20011020,    76,  1,  28,   162, -1,  26
731143,20011020,    77, -1,  36,   208,  1,  15
731143,20011020,    78,  1,  42,    59, -1,  21
731143,20011020,    79,  1,  63,   100, -1,  53
731143,20011020,    84,  1,  42,   235, -1,  35
731143,20011020,    87, -1,  25,   122,  1,  19
731143,20011020,    88, -1,  21,   180,  1,  19
731143,20011020,    89,  1,  42,    86, -1,  28
731143,20011020,    90,  1,  28,   154, -1,  14
731143,20011020,    93,  1,  38,   201, -1,  17
731143,20011020,    97,  1,  35,    25, -1,  13
731143,20011020,   101, -1,  31,    66,  1,  21
731143,20011020,   106, -1,  42,   120,  1,   0
731143,20011020,   107,  1,  44,   221, -1,  40
731143,20011020,   109,  1,  42,    28, -1,  21
731143,20011020,   110,  1,  59,    52, -1,  17
731143,20011020,   111,  1,  43,    94, -1,  20
731143,20011020,   115, -1,  36,   151,  1,  24
731143,20011020,   118,  1,  28,   117, -1,  19
731143,20011020,   119,  1,  45,   130, -1,  17
731143,20011020,   121, -1,  38,    95,  1,  34
731143,20011020,   123, -1,  33,   192,  1,  14
731143,20011020,   124, -1,  38,   146,  1,  27
731143,20011020,   131, -1,  45,   178,  1,  35
731143,20011020,   136,  1,  41,   202, -1,  31
731143,20011020,   143, -1,  38,    37,  1,   3
731143,20011020,   134,  1,  76,    81, -1,  30
731143,20011020,   144,  1,  45,    13, -1,   0
731143,20011020,   145,  1,   7,   166, -1,   0
731143,20011020,   132,  1,  20,   227, -1,  12
731143,20011020,   147, -1,  17,   226,  1,  14
731143,20011020,   149,  1,  47,   141, -1,  14
731143,20011020,   150,  1,  27,   215, -1,  16
731143,20011020,   152,  1,  27,   175, -1,  12
731143,20011020,   153,  1,  33,    18, -1,  17
731143,20011020,   157,  1,  21,   239, -1,   3
731143,20011020,   158, -1,  38,   148,  1,  35
731143,20011020,   160,  1,  65,   232, -1,  43
731143,20011020,   164,  1,  31,   138, -1,  27
731143,20011020,   165,  1,  33,   137, -1,  30
731143,20011020,   167, -1,  38,    32,  1,  18
731143,20011020,   168,  1,  23,   133, -1,  17
731143,20011020,   171, -1,  32,     6,  1,  17
731143,20011020,   173, -1,  45,    33,  1,  24
731143,20011020,   176, -1,  40,   218,  1,  28
731143,20011020,   177,  0,  17,   128,  0,  14
731143,20011020,   182,  1,  46,   220, -1,  14
731143,20011020,   183,  1,  42,   186, -1,  12
731143,20011020,   103,  0,  54,    82,  0,  37
731143,20011020,   189, -1,  24,    62,  1,  10
731143,20011020,   190, -1,  28,   188,  1,   7
731143,20011020,   191, -1,  49,   155,  1,  42
731143,20011020,   193,  1,  45,   195, -1,   3
731143,20011020,   196, -1,  35,     3,  1,  24
731143,20011020,   197,  1,  55,   203, -1,   7
731143,20011020,   199,  1,  41,    39, -1,   7
731143,20011020,   200, -1,  31,    96,  1,  24
731143,20011020,   194,  1,  38,    14, -1,  20
731143,20011020,   209, -1,  38,   129,  1,  21
731143,20011020,   206,  1,  44,    44, -1,  31
731143,20011020,   212,  1,  56,    30, -1,  17
731143,20011020,   216,  1,  35,   238, -1,   0
731143,20011020,   217,  1,  28,    83, -1,  27
731143,20011020,   228,  1,  38,   187, -1,   7
731143,20011020,   230,  1,  31,     9, -1,  28
731143,20011020,   236,  1,  21,   112, -1,   0
731143,20011020,   234, -1,  21,    49,  1,  17
731143,20011020,   240,  1,  44,    85, -1,  30
731148,20011025,   114,  1,  45,   233, -1,   3
731149,20011026,    77,  1,  38,    67, -1,  34
731150,20011027,   210, -1,  17,   113,  1,  14
731150,20011027,     5,  0,  35,     4,  0,   0
731150,20011027,     6, -1,  24,   187,  1,  14
731150,20011027,     8,  1,  51,    34, -1,  14
731150,20011027,    12,  1,  42,    15, -1,  17
731150,20011027,    13,  1,  34,    82, -1,  31
731150,20011027,    14,  1,  42,   207, -1,  35
731150,20011027,    17, -1,  10,    42,  1,   5
731150,20011027,    20,  1,  49,   137, -1,   7
731150,20011027,    21,  1,  21,   150, -1,  17
731150,20011027,    27, -1,  59,   175,  1,  21
731150,20011027,    29, -1,  21,     7,  1,  12
731150,20011027,    37, -1,  21,   229,  1,  14
731150,20011027,    38, -1,  20,   100,  1,  16
731150,20011027,    39, -1,  22,   154,  1,  19
731150,20011027,    40,  1,  19,   216, -1,  17
731150,20011027,    41,  1,  28,   239, -1,  14
731150,20011027,    43, -1,  10,   162,  1,   7
731150,20011027,    48,  1,  56,    31, -1,  18
731150,20011027,    51, -1,  41,    26,  1,  39
731150,20011027,    53,  1,  55,   180, -1,   0
731150,20011027,    60,  1,  19,    69, -1,  16
731150,20011027,    54,  1,  52,   197, -1,  49
731150,20011027,    56,  1,  24,    25, -1,  20
731150,20011027,    57,  1,  63,    44, -1,  35
731150,20011027,    59,  1,  39,    33, -1,  16
731150,20011027,    63,  0,  24,    72,  0,  10
731150,20011027,    64, -1,  47,    75,  1,  35
731150,20011027,    65,  1,  52,   110, -1,  31
731150,20011027,    66,  1,  17,    24, -1,  12
731150,20011027,    74,  1,  43,   209, -1,   3
731150,20011027,    76,  1,  31,    46, -1,  21
731150,20011027,    78,  1,  35,   138, -1,  20
731150,20011027,    85,  1,  42,   147, -1,  14
731150,20011027,    87,  1,  20,   170, -1,  14
731150,20011027,    91,  1,  14,    11, -1,   9
731150,20011027,    92, -1,  29,   192,  1,  20
731150,20011027,    96,  1,  40,    95, -1,   6
731150,20011027,    97, -1,  24,   151,  1,  14
731150,20011027,    99,  1,  28,   188, -1,  12
731150,20011027,   101,  1,  47,    79, -1,  14
731150,20011027,   104,  1,  41,   165, -1,  38
731150,20011027,   105, -1,  28,    35,  1,  13
731150,20011027,   108,  1,  38,    71, -1,  35
731150,20011027,   109,  1,  50,     2, -1,  33
731150,20011027,   112,  1,  35,   172, -1,  23
731150,20011027,   115,  1,  25,   227, -1,  11
731150,20011027,   116, -1,  32,    89,  1,  26
731150,20011027,   117, -1,  42,   235,  1,  28
731150,20011027,   130,  1,  39,   140, -1,  35
731150,20011027,   118,  1,  66,   131, -1,  10
731150,20011027,   119, -1,  35,   106,  1,  24
731150,20011027,   123, -1,  24,   205,  1,  17
731150,20011027,   124,  1,  33,   160, -1,  13
731150,20011027,   126,  1,  29,    16, -1,  24
731150,20011027,   128,  1,  22,   127, -1,  20
731150,20011027,   136,  1,  20,   153, -1,  10
731150,20011027,   214, -1,  47,   238,  1,  26
731150,20011027,   139,  1,  52,     1, -1,  33
731150,20011027,   141,  1,  33,   201, -1,  14
731150,20011027,   142,  1,   7,    81, -1,   0
731150,20011027,   134, -1,  16,    19,  1,  14
731150,20011027,   135,  1,  24,   222, -1,   0
731150,20011027,   145,  1,  40,   189, -1,  13
731150,20011027,   146, -1,  35,   125,  1,  28
731150,20011027,   132, -1,  33,    28,  1,  24
731150,20011027,   149,  1,  42,    93, -1,  17
731150,20011027,   155, -1,  24,   231,  1,  17
731150,20011027,   156,  1,  19,    30, -1,  10
731150,20011027,   157, -1,  27,    23,  1,  14
731150,20011027,   158,  1,  29,   152, -1,  27
731150,20011027,   159, -1,  33,   195,  1,   7
731150,20011027,   163,  1,  32,   148, -1,  27
731150,20011027,   166,  1,  28,   164, -1,   0
731150,20011027,   167,  1,  49,   228, -1,  30
731150,20011027,   171, -1,  49,    88,  1,   7
731150,20011027,   173,  1,  31,   203, -1,   8
731150,20011027,   174, -1,  20,   219,  1,  17
731150,20011027,   176,  1,  63,   208, -1,  27
731150,20011027,   169,  1,  42,    50, -1,  21
731150,20011027,   183,  1,  68,   102, -1,  37
731150,20011027,   215, -1,  41,     9,  1,  34
731150,20011027,   181,  1,  40,   218, -1,  14
731150,20011027,   184,  1,  58,    80, -1,  14
731150,20011027,   185,  0,  49,   129,  0,   0
731150,20011027,   122, -1,  43,   226,  1,  28
731150,20011027,   103,  1,  17,   213, -1,  12
731150,20011027,   190, -1,  19,    62,  1,   0
731150,20011027,   191,  1,  38,   212, -1,  28
731150,20011027,   193, -1,  22,   223,  1,  14
731150,20011027,   196,  1,  17,   182, -1,  10
731150,20011027,   198,  1,  41,   178, -1,  21
731150,20011027,   199, -1,  35,   121,  1,  16
731150,20011027,   200,  1,  24,    90, -1,  21
731150,20011027,   202, -1,  63,    18,  1,  19
731150,20011027,   204,  1,  21,   133, -1,  20
731150,20011027,   206,  1,  20,   186, -1,  17
731150,20011027,   217,  1,  30,   211, -1,  27
731150,20011027,   220, -1,  42,    52,  1,  28
731150,20011027,   221,  1,  47,   111, -1,  13
731150,20011027,   230, -1,  33,    10,  1,  31
731150,20011027,   232,  1,  42,    83, -1,  17
731150,20011027,   225,  1,  44,   224, -1,  17
731150,20011027,   236, -1,  24,   240,  1,  14
731150,20011027,   234,  1,  42,   107, -1,  20
731150,20011027,   237, -1,  13,    36,  1,   0
731153,20011030,    58, -1,  37,   194,  1,  30
731155,20011101,    27,  1,  56,    40, -1,  34
731155,20011101,    54, -1,  56,   203,  1,  16
731155,20011101,    73,  1,  28,   143, -1,  21
731156,20011102,    32, -1,  12,   188,  1,   7
731157,20011103,     1,  1,  34,    14, -1,  24
731157,20011103,     5,  1,  45,    74, -1,  38
731157,20011103,     6, -1,  19,   123,  1,  10
731157,20011103,     7,  1,  35,   129, -1,  28
731157,20011103,     8, -1,  27,   224,  1,  17
731157,20011103,     9, -1,  38,    30,  1,  24
731157,20011103,    12, -1,  58,   119,  1,  56
731157,20011103,    17,  1,  38,    28, -1,  34
731157,20011103,    23, -1,  37,   239,  1,  34
731157,20011103,    24,  1,  21,    79, -1,  14
731157,20011103,    25,  1,  44,   151, -1,   0
731157,20011103,    44,  1,  49,    45, -1,  36
731157,20011103,   211,  1,  57,     2, -1,  17
731157,20011103,    35,  1,  45,    42, -1,  28
731157,20011103,    36, -1,  20,    34,  1,  17
731157,20011103,    39,  1,  38,   121, -1,  24
731157,20011103,    43, -1,  28,    46,  1,  24
731157,20011103,    48,  1,  49,   219, -1,   3
731157,20011103,    49, -1,  28,    94,  1,   3
731157,20011103,    50, -1,  45,   177,  1,  22
731157,20011103,    53, -1,  51,    61,  1,  19
731157,20011103,    60, -1,  26,    33,  1,   0
731157,20011103,    55, -1,  42,   178,  1,  24
731157,20011103,    63,  1,  71,   220, -1,  13
731157,20011103,    65, -1,  41,    37,  1,  27
731157,20011103,    66, -1,  45,   100,  1,  24
731157,20011103,    67,  1,  52,   165, -1,  24
731157,20011103,    70,  1,  35,    62, -1,  19
731157,20011103,    71, -1,  24,   174,  1,  21
731157,20011103,    69,  1,  20,    68, -1,  10
731157,20011103,    75, -1,  44,    19,  1,  41
731157,20011103,    76, -1,  45,    41,  1,  33
731157,20011103,    77,  1,  34,   176, -1,  10
731157,20011103,    78, -1,  35,   166,  1,  21
731157,20011103,    82,  1,  42,   213, -1,  38
731157,20011103,    84, -1,  38,   163,  1,  13
731157,20011103,    86,  1,  56,   148, -1,  21
731157,20011103,    96, -1,  42,    90,  1,   3
731157,20011103,    99,  1,  30,    88, -1,  27
731157,20011103,   101, -1,  25,    38,  1,  22
731157,20011103,   106, -1,  35,     3,  1,  21
731157,20011103,   104,  1,  48,    20, -1,  42
731157,20011103,   105, -1,  52,   207,  1,   7
731157,20011103,   107, -1,  26,   164,  1,  14
731157,20011103,   108, -1,  24,    31,  1,  20
731157,20011103,   109, -1,  42,    97,  1,  21
731157,20011103,   110,  1,  47,   206, -1,  14
731157,20011103,   111,  1,  17,   145, -1,  10
731157,20011103,   114,  1,  38,   195, -1,   0
731157,20011103,   115, -1,  24,    22,  1,  21
731157,20011103,   117,  1,  26,   116, -1,  24
731157,20011103,   130,  1,  54,    13, -1,   6
731157,20011103,   120,  1,  17,    98, -1,  14
731157,20011103,   124, -1,  32,    83,  1,  28
731157,20011103,   128, -1,  31,   209,  1,  24
731157,20011103,   136, -1,  51,    95,  1,   7
731157,20011103,   137,  1,  35,   181, -1,  14
731157,20011103,   139, -1,  20,   175,  1,  15
731157,20011103,   142, -1,  33,   127,  1,  27
731157,20011103,   134,  0,  42,    91,  0,  35
731157,20011103,   135, -1,  55,    52,  1,  31
731157,20011103,   144, -1,  22,   140,  1,  20
731157,20011103,   146,  1,  42,    57, -1,  33
731157,20011103,   132,  1,  40,    56, -1,  17
731157,20011103,   147,  1,  34,    87, -1,  13
731157,20011103,   149, -1,  20,   201,  1,  17
731157,20011103,   152, -1,  31,   118,  1,  28
731157,20011103,   153,  1,  58,   208, -1,   0
731157,20011103,   155,  1,  42,    10, -1,  24
731157,20011103,   157,  1,  21,   162, -1,  10
731157,20011103,   158,  1,  38,   184, -1,  20
731157,20011103,   159,  1,  38,   223, -1,   7
731157,20011103,   160,  1,  33,   125, -1,  21
731157,20011103,   161,  1,  35,    11, -1,  16
731157,20011103,   167,  1,  45,   192, -1,  19
731157,20011103,   171, -1,  45,   228,  1,  24
731157,20011103,   172,  1,  49,   226, -1,  24
731157,20011103,   173,  1,  43,    59, -1,  36
731157,20011103,   182,  1,  38,   237, -1,  14
731157,20011103,   169, -1,  37,    81,  1,  33
731157,20011103,   183,  1,  45,    80, -1,   6
731157,20011103,   215,  1,  16,   156, -1,  13
731157,20011103,   185, -1,  17,    64,  1,  14
731157,20011103,   122,  1,  63,    51, -1,  14
731157,20011103,   189,  1,  28,   186, -1,  21
731157,20011103,   190, -1,  35,   180,  1,   0
731157,20011103,   179,  1,  23,   141, -1,  21
731157,20011103,   196, -1,  28,   150,  1,  18
731157,20011103,   197,  1,  38,   131, -1,  25
731157,20011103,   198, -1,  35,    93,  1,  27
731157,20011103,   199, -1,  49,    18,  1,  10
731157,20011103,   202,  1,  12,   200, -1,   0
731157,20011103,   216, -1,  42,   214,  1,  14
731157,20011103,   221, -1,  38,   138,  1,  35
731157,20011103,   229, -1,  34,   222,  1,  30
731157,20011103,   230,  1,  42,   191, -1,  28
731157,20011103,   231,  1,  20,   212, -1,  14
731157,20011103,   232,  1,  43,    29, -1,  40
731157,20011103,   233,  1,  80,   168, -1,   7
731157,20011103,   225,  1,  63,   102, -1,   0
731157,20011103,   236, -1,  58,    85,  1,  14
731157,20011103,   235,  1,  34,    89, -1,  28
731157,20011103,   240, -1,  31,   170,  1,   7
731160,20011106,   204,  1,  41,   227, -1,  35
731162,20011108,    40,  1,  28,     1, -1,  21
731164,20011110,     3,  1,  24,   120, -1,  17
731164,20011110,   210,  1,  38,   194, -1,  17
731164,20011110,     7,  1,  40,     4, -1,  35
731164,20011110,     8,  1,  34,   225, -1,  24
731164,20011110,    12,  1,  27,   211, -1,  20
731164,20011110,    15, -1,  24,    72,  1,  17
731164,20011110,    19, -1,  29,    81,  1,  18
731164,20011110,    20, -1,  28,    77,  1,  21
731164,20011110,    22, -1,  17,   151,  1,   0
731164,20011110,    27, -1,  41,   238,  1,  34
731164,20011110,    23,  1,  41,    46, -1,  16
731164,20011110,    25, -1,  26,    14,  1,  19
731164,20011110,    44, -1,  35,    29,  1,  28
731164,20011110,    28,  1,  35,    56, -1,  30
731164,20011110,    36,  1,  49,   224, -1,   7
731164,20011110,    38, -1,  35,    79,  1,   7
731164,20011110,    39, -1,  40,    90,  1,  27
731164,20011110,    41, -1,  35,    43,  1,  28
731164,20011110,    47,  1,  17,    16, -1,  12
731164,20011110,    49,  1,  10,   166, -1,   6
731164,20011110,    50,  1,  43,   142, -1,  13
731164,20011110,    51, -1,  31,    92,  1,  23
731164,20011110,    53, -1,  21,   108,  1,  10
731164,20011110,    58, -1,  28,    35,  1,  26
731164,20011110,    60,  1,  32,    34, -1,  10
731164,20011110,    54, -1,  38,    62,  1,  10
731164,20011110,    55,  1,  33,   173, -1,  11
731164,20011110,    61,  1,  27,    99, -1,   0
731164,20011110,    63, -1,  54,   182,  1,  17
731164,20011110,    66, -1,  28,   205,  1,  23
731164,20011110,    67, -1,  38,   181,  1,  13
731164,20011110,    68,  1,  45,   237, -1,  14
731164,20011110,    70, -1,  34,   177,  1,  14
731164,20011110,    69, -1,  27,    59,  1,  21
731164,20011110,    74, -1,  37,   141,  1,  28
731164,20011110,    75, -1,  23,   134,  1,   7
731164,20011110,    76,  1,  28,   157, -1,  21
731164,20011110,    84,  1,  33,   158, -1,  28
731164,20011110,    85,  1,  31,    87, -1,  17
731164,20011110,    86, -1,  37,   117,  1,  28
731164,20011110,    89, -1,  59,   148,  1,  16
731164,20011110,    91, -1,  38,   161,  1,  20
731164,20011110,    97, -1,  31,    17,  1,  18
731164,20011110,    98, -1,  56,   220,  1,  30
731164,20011110,   100, -1,  37,    71,  1,  17
731164,20011110,   101, -1,  21,    24,  1,  14
731164,20011110,   102, -1,  45,    33,  1,  31
731164,20011110,   106,  1,  30,   130, -1,  14
731164,20011110,   104, -1,  53,   218,  1,  30
731164,20011110,   105,  1,  34,    80, -1,  10
731164,20011110,   107,  1,  37,   111, -1,   7
731164,20011110,   109, -1,  27,   115,  1,  21
731164,20011110,   110,  1,  37,    37, -1,  20
731164,20011110,   112,  1,  17,   149, -1,  10
731164,20011110,   114, -1,  18,    21,  1,   7
731164,20011110,   116,  1,  31,   118, -1,  10
731164,20011110,   121,  1,  41,    18, -1,  24
731164,20011110,   123,  1,  34,   188, -1,   0
731164,20011110,   124,  1,  38,   232, -1,  23
731164,20011110,   125,  1,  52,    83, -1,  13
731164,20011110,   131,  1,  35,   203, -1,  17
731164,20011110,   136,  1,  31,    96, -1,  21
731164,20011110,   139,  1,  27,   214, -1,  17
731164,20011110,   140,  1,  28,    13, -1,  17
731164,20011110,   135, -1,  34,    65,  1,  28
731164,20011110,   144,  1,  42,   103, -1,  17
731164,20011110,   145,  1,  34,   138, -1,  11
731164,20011110,   146, -1,  50,    45,  1,  40
731164,20011110,   147, -1,  24,   236,  1,  23
731164,20011110,   152,  1,  35,   163, -1,   9
731164,20011110,   153,  1,  31,   200, -1,  10
731164,20011110,   155, -1,  21,   212,  1,  20
731164,20011110,   156,  1,  49,   230, -1,  24
731164,20011110,   159, -1,  42,   168,  1,   0
731164,20011110,   160, -1,  37,    57,  1,  22
731164,20011110,   162,  1,  34,   239, -1,  14
731164,20011110,   165,  1,  59,   208, -1,  32
731164,20011110,   167, -1,  42,     6,  1,  31
731164,20011110,   171,  1,  58,   187, -1,   0
731164,20011110,   172,  1,  55,    93, -1,  30
731164,20011110,   174,  1,  41,   228, -1,  24
731164,20011110,   176,  1,  64,   137, -1,  45
731164,20011110,   169, -1,  29,   127,  1,  26
731164,20011110,   183,  1,  48,   226, -1,  17
731164,20011110,   215, -1,  55,    30,  1,  14
731164,20011110,   185, -1,   7,   209,  1,   6
731164,20011110,   186,  1,  49,    26, -1,  24
731164,20011110,   122, -1,  25,   170,  1,  24
731164,20011110,   189,  1,  41,    48, -1,   7
731164,20011110,   190,  1,  63,    31, -1,   0
731164,20011110,   191, -1,  51,     9,  1,  37
731164,20011110,   179,  1,  35,   201, -1,  13
731164,20011110,   192,  1,  17,    32, -1,  15
731164,20011110,   193,  1,  24,   233, -1,  13
731164,20011110,   196,  1,  49,   113, -1,  28
731164,20011110,   198,  1,  63,   197, -1,  13
731164,20011110,   199,  1,  59,    95, -1,   0
731164,20011110,   202, -1,  49,   154,  1,  30
731164,20011110,   206, -1,  44,   213,  1,  12
731164,20011110,   207, -1,  42,   133,  1,  28
731164,20011110,   216,  1,  17,   175, -1,   3
731164,20011110,   217, -1,  38,    42,  1,  31
731164,20011110,   221, -1,  54,    78,  1,  34
731164,20011110,   222,  1,  39,    73, -1,  38
731164,20011110,   223, -1,  35,   195,  1,   0
731164,20011110,   229, -1,  32,   143,  1,  31
731164,20011110,   231, -1,  28,    10,  1,  16
731164,20011110,   234,  1,  17,    94, -1,  10
731169,20011115,   105, -1,  39,    58,  1,  34
731169,20011115,   198, -1,  41,   203,  1,   7
731170,20011116,    88, -1,  30,   188,  1,  16
731171,20011117,     2, -1,  41,    25,  1,  14
731171,20011117,     3, -1,  31,    15,  1,   7
731171,20011117,     4,  1,  35,    11, -1,   0
731171,20011117,   210, -1,  43,    80,  1,  21
731171,20011117,     5, -1,  57,   129,  1,  24
731171,20011117,    12,  1,  24,   120, -1,  21
731171,20011117,    20,  1,  56,   176, -1,   6
731171,20011117,    21, -1,  38,   168,  1,   7
731171,20011117,    22, -1,  43,   148,  1,  42
731171,20011117,    27,  1,  24,   216, -1,  21
731171,20011117,    23, -1,  45,    41,  1,  21
731171,20011117,    38,  1,  15,    24, -1,  13
731171,20011117,    40, -1,  24,   139,  1,  17
731171,20011117,    48,  1,  46,    92, -1,  14
731171,20011117,    50,  1,  43,    81, -1,  31
731171,20011117,    53,  1,  63,    31, -1,  15
731171,20011117,    54,  1,  37,   131, -1,   6
731171,20011117,    55,  1,  13,   197, -1,  10
731171,20011117,    63,  1,  37,    65, -1,  13
731171,20011117,    64,  0,  31,    19,  0,  21
731171,20011117,    62,  1,  27,     6, -1,   9
731171,20011117,    66,  1,  24,    79, -1,  21
731171,20011117,    67, -1,  61,   137,  1,  14
731171,20011117,    68, -1,  42,    34,  1,  10
731171,20011117,    72, -1,  35,   119,  1,  15
731171,20011117,    73, -1,  38,   229,  1,  33
731171,20011117,    75,  1,  35,   127, -1,  20
731171,20011117,    76, -1,  35,   239,  1,  23
731171,20011117,    77,  1,  52,   115, -1,  51
731171,20011117,    78, -1,  40,   102,  1,   3
731171,20011117,    83,  1,  30,   186, -1,  23
731171,20011117,    84, -1,  34,   152,  1,  22
731171,20011117,    89,  1,  42,   118, -1,  24
731171,20011117,    90, -1,  49,    95,  1,   7
731171,20011117,    91,  1,  52,     7, -1,  28
731171,20011117,    96,  1,  40,   104, -1,   7
731171,20011117,   101,  1,  41,   100, -1,   6
731171,20011117,   107, -1,  57,   138,  1,  24
731171,20011117,   108,  1,  14,   180, -1,   7
731171,20011117,   109,  1,  42,   151, -1,  18
731171,20011117,   110, -1,  23,   135,  1,  19
731171,20011117,   111,  1,  24,   164, -1,   7
731171,20011117,   112, -1,  34,   141,  1,  27
731171,20011117,   113,  1,  42,    14, -1,  10
731171,20011117,   114,  1,  59,   193, -1,   0
731171,20011117,   116, -1,  20,   235,  1,  17
731171,20011117,   130,  1,  38,    42, -1,  14
731171,20011117,   124, -1,  38,   125,  1,  27
731171,20011117,   128,  1,  32,   142, -1,  14
731171,20011117,   214, -1,  34,     1,  1,  10
731171,20011117,   140, -1,  49,   103,  1,  46
731171,20011117,   143,  1,  52,    52, -1,  17
731171,20011117,   144, -1,  50,    82,  1,  27
731171,20011117,   213, -1,  16,    13,  1,   7
731171,20011117,   145, -1,  24,    94,  1,  17
731171,20011117,   132,  1,  33,    17, -1,  29
731171,20011117,   147,  1,  31,    29, -1,  13
731171,20011117,   149,  1,  31,   179, -1,  17
731171,20011117,   150,  1,  34,   133, -1,  16
731171,20011117,   153, -1,  30,   202,  1,  13
731171,20011117,   154, -1,  38,    18,  1,  22
731171,20011117,   156,  1,  45,   146, -1,  10
731171,20011117,   157,  1,  38,    43, -1,  14
731171,20011117,   158,  1,  28,    86, -1,  14
731171,20011117,   160,  1,  50,    44, -1,  43
731171,20011117,   162, -1,  35,    46,  1,  14
731171,20011117,   163,  1,  24,   117, -1,  14
731171,20011117,   165,  1,  27,   218, -1,  17
731171,20011117,   171,  1,  44,   123, -1,  14
731171,20011117,   172, -1,  31,   201,  1,  13
731171,20011117,   173, -1,  46,   224,  1,  28
731171,20011117,   175,  1,  38,   238, -1,  16
731171,20011117,   182,  1,  20,    37, -1,  15
731171,20011117,   169,  1,  15,   134, -1,  14
731171,20011117,   215,  1,  27,   212, -1,   0
731171,20011117,   181, -1,  24,   208,  1,  14
731171,20011117,   184,  1,  59,   207, -1,   6
731171,20011117,   185,  1,  43,   161, -1,  28
731171,20011117,   122,  1,  48,    85, -1,  31
731171,20011117,   190,  1,  17,    61, -1,   7
731171,20011117,   191,  1,  35,    30, -1,  28
731171,20011117,   192,  1,  34,   187, -1,   0
731171,20011117,   195, -1,  17,   233,  1,  14
731171,20011117,   196, -1,  38,    98,  1,  35
731171,20011117,   204,  1,  28,    56, -1,   7
731171,20011117,   205, -1,  27,    71,  1,   9
731171,20011117,   206,  1,  21,    93, -1,   3
731171,20011117,   217,  1,  56,   232, -1,  43
731171,20011117,   221,  1,  19,    49, -1,  14
731171,20011117,   223, -1,  31,   222,  1,  17
731171,20011117,   230,  1,  26,   231, -1,  14
731171,20011117,   225,  1,  28,    36, -1,  25
731171,20011117,   226, -1,  52,    87,  1,  15
731171,20011117,   236,  1,  36,   170, -1,   6
731171,20011117,   227,  1,  20,    28, -1,  17
731171,20011117,   234, -1,  23,   166,  1,  20
731171,20011117,   237,  1,  24,    60, -1,   3
731171,20011117,   240,  1,  45,    59, -1,   7
731176,20011122,    60, -1,  34,   224,  1,  23
731176,20011122,    66,  1,  41,    41, -1,  10
731176,20011122,    84,  1,  34,   148, -1,  28
731176,20011122,   120,  1,  36,   119, -1,  28
731176,20011122,   141, -1,  28,    13,  1,  22
731176,20011122,   197,  0,  64,    91,  0,  33
731177,20011123,     4, -1,  40,   129,  1,  22
731177,20011123,     9, -1,  34,    10,  1,  21
731177,20011123,    22,  1,  56,   204, -1,  21
731177,20011123,    30, -1,  20,   168,  1,  10
731177,20011123,    39,  1,  62,   136, -1,  36
731177,20011123,    67,  1,  40,   176, -1,  21
731177,20011123,    94, -1,  14,   102,  1,   7
731177,20011123,   106,  1,  41,    12, -1,  38
731177,20011123,   166, -1,  35,   111,  1,   7
731177,20011123,   184, -1,  28,    58,  1,  21
731177,20011123,   199, -1,  21,   200,  1,   7
731177,20011123,   194,  1,  37,   105, -1,  22
731178,20011124,     2,  1,  65,    56, -1,  62
731178,20011124,     7, -1,  17,    11,  1,  10
731178,20011124,    17, -1,  35,   227,  1,  31
731178,20011124,    18,  1,  56,   170, -1,  12
731178,20011124,    20,  1,  26,    28, -1,  10
731178,20011124,    29, -1,  10,   189,  1,   0
731178,20011124,   211,  1,  31,   103, -1,   0
731178,20011124,    35, -1,  36,   113,  1,  34
731178,20011124,    57, -1,  48,    83,  1,  45
731178,20011124,    72, -1,  31,    73,  1,  17
731178,20011124,    69, -1,  48,   237,  1,  10
731178,20011124,    74,  0,  30,   185,  0,  20
731178,20011124,    77,  1,  52,     1, -1,  30
731178,20011124,    86,  1,  13,   163, -1,   7
731178,20011124,    90,  1,  17,    89, -1,  14
731178,20011124,    95,  1,  27,   238, -1,  14
731178,20011124,    96,  1,  24,   121, -1,   3
731178,20011124,    97,  1,  24,   115, -1,  20
731178,20011124,   104, -1,  19,   208,  1,   7
731178,20011124,   109,  1,  38,   240, -1,  24
731178,20011124,   112, -1,  31,    93,  1,  21
731178,20011124,   114,  1,  65,   230, -1,   7
731178,20011124,   118,  1,  42,   235, -1,  31
731178,20011124,   124,  1,  33,    82, -1,  27
731178,20011124,   137, -1,  48,   218,  1,  31
731178,20011124,   139,  1,  53,   140, -1,   0
731178,20011124,   134,  1,  36,    50, -1,  30
731178,20011124,   135,  1,  27,   151, -1,   7
731178,20011124,   152, -1,  26,   116,  1,  20
731178,20011124,   154, -1,  16,   153,  1,  13
731178,20011124,   158, -1,  42,   117,  1,  37
731178,20011124,   159, -1,  23,   233,  1,  17
731178,20011124,   160,  1,  52,    45, -1,  33
731178,20011124,   164,  1,  27,   145, -1,  26
731178,20011124,   169,  1,  16,   142, -1,  10
731178,20011124,   183,  1,  34,   217, -1,  13
731178,20011124,   181,  1,  37,   165, -1,  20
731178,20011124,   191,  1,  17,   150, -1,  13
731178,20011124,   193,  1,  39,    21, -1,  28
731178,20011124,   195,  1,  56,    42, -1,   7
731178,20011124,   196,  1,  38,   220, -1,   0
731178,20011124,   202,  1,  58,   179, -1,   3
731178,20011124,   229,  1,  38,   132, -1,  35
731178,20011124,   234,  1,  47,   221, -1,  44
731183,20011129,     3,  0,  28,   184,  0,  15
731184,20011130,   204,  1,  41,   109, -1,  36
731185,20011201,     1,  1,  38,   216, -1,  37
731185,20011201,     8,  1,  40,   234, -1,  27
731185,20011201,    14,  0,  26,   133,  0,  17
731185,20011201,    27, -1,  41,   120,  1,  38
731185,20011201,    35,  1,  42,   213, -1,  10
731185,20011201,    37,  1,  59,    52, -1,  31
731185,20011201,    39,  0,  39,   199,  0,  37
731185,20011201,    65,  1,  28,    73, -1,  17
731185,20011201,    67,  1,  70,   217, -1,  21
731185,20011201,    68,  1,  24,   236, -1,  20
731185,20011201,    72,  1,  35,    80, -1,   7
731185,20011201,    69,  1,  60,    64, -1,  35
731185,20011201,    74,  0,  38,     5,  0,  31
731185,20011201,    86,  1,  26,    98, -1,  15
731185,20011201,   101,  1,  27,    78, -1,  24
731185,20011201,   106,  1,  27,    15, -1,  14
731185,20011201,   107, -1,  14,   112,  1,  10
731185,20011201,   114, -1,  26,   223,  1,  24
731185,20011201,   117,  1,  55,   121, -1,   7
731185,20011201,   119,  1,  38,   220, -1,  27
731185,20011201,   124,  1,  28,   149, -1,  19
731185,20011201,   143,  1,  19,   181, -1,  10
731185,20011201,   147, -1,  49,    54,  1,  43
731185,20011201,   150, -1,  24,   163,  1,  18
731185,20011201,   155,  1,  17,   156, -1,  14
731185,20011201,   159,  1,  24,   210, -1,   6
731185,20011201,   171, -1,  31,    53,  1,  15
731185,20011201,   172,  1,  34,   146, -1,  31
731185,20011201,   191, -1,  41,   176,  1,  14
731185,20011201,   196, -1,  34,    63,  1,  32
731185,20011201,   206,  1,  18,   144, -1,  16
731185,20011201,   212,  1,  52,    10, -1,  42
731185,20011201,   222,  1,  20,   158, -1,  14
731191,20011207,   194, -1,  14,   184,  1,  12
731192,20011208,    68,  1,  34,   101, -1,  17
731192,20011208,    69,  1,  38,     8, -1,  24
731192,20011208,    77,  1,  72,    27, -1,  45
731192,20011208,   106,  0,  31,   196,  0,  20
731192,20011208,   124,  1,  49,   172, -1,  24
731192,20011208,   147,  1,  56,   107, -1,  28
731199,20011215,    68, -1,  24,    69,  1,  17
731199,20011215,   124,  1,  38,   147, -1,   0
731202,20011218,    40,  0,  45,   144,  0,  20
731203,20011219,   109,  0,  64,    58,  0,  61
731204,20011220,   159,  0,  34,   135,  0,  19
731205,20011221,   124,  0,  13,    68,  0,   6
731209,20011225,   216,  0,  10,   215,  0,   6
731211,20011227,     3,  0,  14,    90,  0,  13
731211,20011227,    73,  0,  24,   191,  0,  14
731212,20011228,    21,  0,  20,    72,  0,  16
731212,20011228,   199,  0,  47,   230,  0,  43
731212,20011228,   200,  0,  28,   194,  0,   9
731213,20011229,    89,  0,  19,   202,  0,  16
731213,20011229,   193,  0,  26,    96,  0,   3
731213,20011229,   204,  0,  23,    35,  0,  16
731215,20011231,    37,  0,  49,   104,  0,  24
731215,20011231,   105,  0,  28,    27,  0,  10
731215,20011231,   117,  0,  44,    67,  0,  35
731215,20011231,   143,  0,  16,    15,  0,  10
731215,20011231,   231,  0,  33,   163,  0,  27
731216,20020101,    65,  0,  30,   223,  0,  17
731216,20020101,   106,  0,  47,    84,  0,  34
731216,20020101,   153,  0,  10,    12,  0,   3
731216,20020101,   155,  0,  38,    39,  0,  16
731216,20020101,   182,  0,  31,   152,  0,  28
731216,20020101,   196,  0,  45,   116,  0,  17
731217,20020102,    63,  0,  56,   110,  0,  23
731218,20020103,   114,  0,  37,   136,  0,  14
