735833,20140823,    61,  1,  56,   182, -1,  35
735837,20140827,    76,  1,  38,     1, -1,  37
735838,20140828,     3,  1,  41,    85, -1,   0
735838,20140828,    30,  1,  20,    38, -1,  16
735838,20140828,   123,  1,  42,    58, -1,  20
735838,20140828,   138,  1,  55,   170, -1,   3
735838,20140828,   218,  1,  38,   217, -1,  31
735838,20140828,   228,  1,  56,    87, -1,  14
735838,20140828,    11,  1,  45,   244, -1,  14
735838,20140828,   177,  0,  41,   243,  0,  38
735838,20140828,   210, -1,  52,   193,  1,  28
735838,20140828,    37, -1,  33,    33,  1,   9
735838,20140828,   224,  1,  17,   241, -1,  10
735838,20140828,   127, -1,  34,   156,  1,  27
735838,20140828,    59, -1,  29,   176,  1,  10
735838,20140828,   238,  1,  45,   231, -1,   6
735838,20140828,   147,  1,  28,    31, -1,  10
735838,20140828,   124,  0,  35,    21,  0,  13
735838,20140828,   205, -1,  37,   232,  1,   7
735838,20140828,    25, -1,  13,   202,  1,   7
735838,20140828,   186,  1,  42,   151, -1,  10
735839,20140829,   122,  1,  45,    97, -1,   7
735839,20140829,   203,  1,  27,   233, -1,  26
735839,20140829,   248,  1,  59,    23, -1,  31
735839,20140829,    45,  0,  31,    44,  0,  17
735839,20140829,    29, -1,  35,    47,  1,  10
735839,20140829,   227, -1,  27,    83,  1,   7
735839,20140829,    10,  1,  58,   225, -1,  13
735840,20140830,   166,  0,  26,   222,  0,  24
735840,20140830,     7,  1,  14,    82, -1,  13
735840,20140830,    18,  1,  30,    43, -1,  10
735840,20140830,    26,  1,  42,   236, -1,  38
735840,20140830,    27,  1,  38,    57, -1,  28
735840,20140830,    56,  1,  52,    63, -1,  13
735840,20140830,    62,  1,  52,   141, -1,   7
735840,20140830,    60,  1,  31,   132, -1,  28
735840,20140830,    20, -1,  14,    67,  1,  12
735840,20140830,    69,  1,  52,   199, -1,  23
735840,20140830,    71,  1,  13,    73, -1,   3
735840,20140830,   240, -1,  21,    74,  1,   3
735840,20140830,    77,  1,  38,   249, -1,  19
735840,20140830,    91,  1,  28,    92, -1,  10
735840,20140830,   158, -1,  17,   101,  1,  14
735840,20140830,   102,  1,  59,   213, -1,  14
735840,20140830,   111,  1,  10,   149, -1,   6
735840,20140830,   114,  1,  52,    98, -1,   7
735840,20140830,    22, -1,  30,   115,  1,   7
735840,20140830,   113, -1,  42,   120,  1,  27
735840,20140830,   121,  1,  52,     9, -1,  14
735840,20140830,   150,  1,  56,   106, -1,  29
735840,20140830,   142,  1,  24,    72, -1,  23
735840,20140830,   162,  1,  41,    79, -1,  28
735840,20140830,   167,  1,  62,    53, -1,   0
735840,20140830,   172,  1,  43,   239, -1,  34
735840,20140830,   175,  1,  55,   131, -1,  10
735840,20140830,   195,  1,  36,   237, -1,  31
735840,20140830,   214,  1,  54,   145, -1,  20
735840,20140830,    35, -1,  31,   215,  1,  27
735840,20140830,   235,  1,  34,   246, -1,   9
735840,20140830,    75,  1,  45,    41, -1,  21
735840,20140830,   159,  0,  34,   139,  0,  17
735840,20140830,   223, -1,  28,   234,  1,  20
735840,20140830,    14,  1,  37,   130, -1,  10
735840,20140830,    88,  1,  28,   252, -1,  17
735840,20140830,    93,  1,  31,   154, -1,  23
735840,20140830,   137, -1,  34,    94,  1,  14
735840,20140830,   100,  1,  55,   190, -1,  16
735840,20140830,   107,  1,  45,   197, -1,   6
735840,20140830,   117,  1,  63,    17, -1,   0
735840,20140830,   134,  1,  61,   187, -1,   7
735840,20140830,   126,  1,  38,   179, -1,  18
735840,20140830,   128,  1,  52,    54, -1,  21
735840,20140830,   143,  1,  55,    64, -1,   7
735840,20140830,    32, -1,  31,   155,  1,  24
735840,20140830,   160,  1,  48,   108, -1,  16
735840,20140830,   182,  1,  51,     6, -1,  20
735840,20140830,   188,  1,  44,    96, -1,   3
735840,20140830,   204,  1,  48,   183, -1,  14
735840,20140830,   209,  1,  38,   152, -1,   7
735840,20140830,   211,  1,  65,    12, -1,   0
735840,20140830,   212,  1,  42,    34, -1,  35
735840,20140830,   220,  1,  48,   216, -1,  10
735840,20140830,    68,  0,  37,   161,  0,  31
735840,20140830,     2,  1,  44,   148, -1,  16
735840,20140830,   230, -1,  31,   146,  1,  24
735840,20140830,   250,  1,  17,   129, -1,  12
735840,20140830,     4,  0,  33,   245,  0,  23
735840,20140830,   144,  1,  28,   198, -1,  19
735840,20140830,   163,  1,  62,   194, -1,  13
735840,20140830,   164,  1,  29,   168, -1,  14
735840,20140830,   185,  1,  38,   153, -1,   7
735840,20140830,   200,  1,  45,   221, -1,   0
735840,20140830,   226,  1,  52,    70, -1,  13
735840,20140830,   157,  1,  48,   174, -1,  17
735840,20140830,    16,  1,  45,    13, -1,  21
735840,20140830,    42, -1,  31,    40,  1,  16
735840,20140830,   181,  1,  28,   112, -1,   7
735840,20140830,    49, -1,  49,    90,  1,  13
735840,20140830,    95,  1,  22,    66, -1,  17
735840,20140830,   125,  1,  49,   196, -1,   0
735840,20140830,   104,  1,  42,    78, -1,  27
735840,20140830,   242, -1,  17,    81,  1,  16
735840,20140830,   110,  0,  28,   247,  0,  24
735841,20140831,   140,  0,  47,     5,  0,  13
735841,20140831,    19,  1,  45,   191, -1,   0
735841,20140831,   219,  0,  37,   169,  0,  35
735841,20140831,   206,  1,  38,   229, -1,   7
735842,20140901,   109,  1,  31,   119, -1,  13
735845,20140904,    10, -1,  26,   227,  1,  23
735846,20140905,   167, -1,  30,    22,  1,  20
735846,20140905,   144,  1,  24,   243, -1,  13
735847,20140906,     4,  1,  41,    64, -1,   0
735847,20140906,     9,  1,  66,    33, -1,   0
735847,20140906,    15,  1,  47,    27, -1,  39
735847,20140906,    23,  1,  48,   236, -1,   7
735847,20140906,     7, -1,  19,    35,  1,   0
735847,20140906,    97, -1,  26,    38,  1,  23
735847,20140906,    41,  1,  73,   178, -1,   7
735847,20140906,    47,  1,  19,   202, -1,  16
735847,20140906,    67,  1,  34,   240, -1,   3
735847,20140906,    68,  1,  37,    40, -1,  12
735847,20140906,   147, -1,  34,    76,  1,  31
735847,20140906,    92,  1,  49,   208, -1,  14
735847,20140906,   192, -1,  23,   101,  1,  13
735847,20140906,   102,  1,  20,   158, -1,   3
735847,20140906,    98, -1,  31,   105,  1,  28
735847,20140906,   109,  1,  66,   135, -1,  21
735847,20140906,    26, -1,  22,   112,  1,   0
735847,20140906,   113,  1,  48,   173, -1,   7
735847,20140906,    44, -1,  41,   115,  1,  38
735847,20140906,   119,  1,  41,    66, -1,   7
735847,20140906,    59, -1,  17,   120,  1,  10
735847,20140906,   150,  1,  31,   185, -1,  27
735847,20140906,   142,  1,  46,   162, -1,  34
735847,20140906,   166,  1,  21,     3, -1,   3
735847,20140906,    30, -1,  38,   172,  1,  17
735847,20140906,   177,  1,  38,    85, -1,  25
735847,20140906,   181,  1,  27,   103, -1,  14
735847,20140906,   193,  1,  33,    62, -1,  23
735847,20140906,   114, -1,  24,   195,  1,  17
735847,20140906,   139, -1,  31,   205,  1,  24
735847,20140906,   206,  1,  34,    14, -1,  19
735847,20140906,   233,  1,  50,    69, -1,   6
735847,20140906,   234,  1,  45,   175, -1,  13
735847,20140906,   241,  1,  23,    73, -1,   7
735847,20140906,   245,  1,  54,   215, -1,   0
735847,20140906,   126, -1,  49,   214,  1,  24
735847,20140906,     6,  1,  27,   207, -1,  21
735847,20140906,    16,  1,  59,   186, -1,  13
735847,20140906,    19,  1,  70,   156, -1,   6
735847,20140906,    34,  1,  26,   213, -1,  24
735847,20140906,    52,  1,  23,    74, -1,  14
735847,20140906,    82,  1,  29,   132, -1,  26
735847,20140906,    83,  1,  47,    78, -1,   0
735847,20140906,    88,  1,  42,   248, -1,  34
735847,20140906,    93,  1,  17,    18, -1,  13
735847,20140906,   100, -1,  32,    94,  1,  28
735847,20140906,    99,  1,  34,   189, -1,  28
735847,20140906,   108, -1,  48,   107,  1,  20
735847,20140906,   123,  1,  35,   134, -1,  24
735847,20140906,   125,  1,  47,   220, -1,  34
735847,20140906,   143,  1,  31,   116, -1,  24
735847,20140906,   152,  1,  43,   191, -1,   6
735847,20140906,   138, -1,  23,   155,  1,  15
735847,20140906,   161,  1,  40,   127, -1,  23
735847,20140906,   179,  1,  44,    31, -1,  18
735847,20140906,   188,  1,  41,   198, -1,  14
735847,20140906,   196,  1,  26,     8, -1,  20
735847,20140906,    29, -1,  41,   209,  1,   7
735847,20140906,    77, -1,  38,   217,  1,  21
735847,20140906,   124, -1,  41,   232,  1,   3
735847,20140906,   247,  1,  37,   238, -1,   3
735847,20140906,   160, -1,  52,   218,  1,   7
735847,20140906,    56, -1,  34,   216,  1,  17
735847,20140906,   212, -1,  30,   230,  1,  26
735847,20140906,   228,  1,  59,    70, -1,  27
735847,20140906,   250,  1,  17,     2, -1,  13
735847,20140906,    32,  1,  55,    49, -1,  14
735847,20140906,   223,  1,  42,   117, -1,  35
735847,20140906,   225,  1,  13,   136, -1,  12
735847,20140906,   242,  1,  59,    61, -1,  52
735847,20140906,   163,  1,  46,   122, -1,  27
735847,20140906,   226, -1,  13,   200,  1,  10
735847,20140906,    13,  1,  73,   148, -1,   7
735847,20140906,    65,  1,  65,    60, -1,   0
735847,20140906,   106, -1,  17,   149,  1,   0
735847,20140906,   252,  1,  34,    57, -1,  23
735847,20140906,    72,  1,  83,   187, -1,   9
735847,20140906,   246, -1,  42,    79,  1,  14
735847,20140906,    71, -1,  25,   118,  1,  20
735847,20140906,    42, -1,  31,   140,  1,  30
735847,20140906,   153, -1,  27,     1,  1,  21
735847,20140906,   180, -1,  38,    58,  1,  21
735847,20140906,   224,  1,  38,    86, -1,  31
735847,20140906,   190,  1,  38,    90, -1,   3
735847,20140906,    11, -1,  58,   146,  1,  23
735847,20140906,    89,  1,  62,   133, -1,   0
735847,20140906,   110,  1,  56,   182, -1,   0
735847,20140906,   157,  1,  31,   121, -1,   0
735847,20140906,   210,  1,  73,   104, -1,   3
735847,20140906,   235, -1,  35,   159,  1,  21
735847,20140906,   229,  1,  40,    87, -1,  20
735847,20140906,   137, -1,  24,   244,  1,   7
735847,20140906,    21,  1,  37,    45, -1,  24
735847,20140906,   164, -1,  38,    81,  1,  30
735847,20140906,   151,  1,  16,   176, -1,  13
735848,20140907,    53,  1,  27,    54, -1,   9
735852,20140911,   108, -1,  42,   152,  1,  21
735852,20140911,    29,  1,  33,    83, -1,  25
735852,20140911,    36,  1,  34,    33, -1,  10
735853,20140912,    19, -1,  63,    27,  1,  21
735853,20140912,    39,  1,  58,   214, -1,  34
735854,20140913,    92, -1,  27,    18,  1,  20
735854,20140913,    23,  1,  45,    91, -1,  42
735854,20140913,   203, -1,  40,    30,  1,   3
735854,20140913,    42,  1,  30,   178, -1,   3
735854,20140913,    21, -1,  38,    47,  1,  21
735854,20140913,    56,  1,  41,    99, -1,   3
735854,20140913,    57,  1,  33,    52, -1,  13
735854,20140913,   140, -1,  17,    63,  1,  12
735854,20140913,   167, -1,  42,    67,  1,  25
735854,20140913,    64,  1,  50,   218, -1,  21
735854,20140913,    69,  1,  54,   173, -1,   7
735854,20140913,     2, -1,  48,    76,  1,  38
735854,20140913,    77,  1,  42,    72, -1,  38
735854,20140913,    96,  1,  35,   184, -1,  18
735854,20140913,    98,  1,  38,   199, -1,  22
735854,20140913,    74, -1,  27,   112,  1,   7
735854,20140913,   113,  1,  44,   158, -1,  14
735854,20140913,   245, -1,  40,   114,  1,  37
735854,20140913,   119,  1,  41,    14, -1,  20
735854,20140913,   121,  1,  34,   120, -1,  10
735854,20140913,   145,  1,  45,   105, -1,  27
735854,20140913,   159,  1,  66,   101, -1,   0
735854,20140913,   162,  1,  17,    60, -1,   3
735854,20140913,   170,  1,  10,    71, -1,   7
735854,20140913,   175,  1,  42,    79, -1,  17
735854,20140913,   193,  1,  38,    75, -1,  35
735854,20140913,   142, -1,  49,   195,  1,  17
735854,20140913,    62, -1,  28,   235,  1,  21
735854,20140913,   246,  1,  29,   149, -1,  14
735854,20140913,   126,  1,  38,   222, -1,  10
735854,20140913,   234,  1,  23,   109, -1,  21
735854,20140913,    22,  1,  37,   226, -1,  31
735854,20140913,     4,  1,  52,   196, -1,  12
735854,20140913,     6,  1,  47,   133, -1,  22
735854,20140913,    38, -1,  42,    17,  1,   6
735854,20140913,    25,  1,  13,   111, -1,  10
735854,20140913,    82,  1,  20,    35, -1,   7
735854,20140913,    89,  1,  34,    58, -1,  15
735854,20140913,    94, -1,  20,    93,  1,  17
735854,20140913,   110,  1,  31,   224, -1,   0
735854,20140913,   116,  1,  48,   169, -1,  16
735854,20140913,   134,  1,  50,   248, -1,  47
735854,20140913,   128,  1,  21,   240, -1,  16
735854,20140913,   160,  1,  34,   206, -1,  10
735854,20140913,   161,  1,  43,   227, -1,  13
735854,20140913,   125, -1,  35,   192,  1,   3
735854,20140913,   180,  1,  50,   189, -1,  23
735854,20140913,   204,  1,  30,   123, -1,   7
735854,20140913,   210,  1,  38,   174, -1,  10
735854,20140913,   139, -1,  35,   211,  1,  21
735854,20140913,    13, -1,  49,   212,  1,  28
735854,20140913,     1, -1,  38,   216,  1,  35
735854,20140913,   217,  1,  35,   188, -1,  20
735854,20140913,   220,  1,  41,     5, -1,  14
735854,20140913,   232,  1,  34,   115, -1,  31
735854,20140913,   223,  0,  20,   209,  0,  17
735854,20140913,   236,  1,  52,    51, -1,  24
735854,20140913,    45,  1,  49,   221, -1,  21
735854,20140913,   215, -1,  21,    54,  1,   7
735854,20140913,   129,  1,  28,   194, -1,  20
735854,20140913,   130,  1,  43,    34, -1,  33
735854,20140913,   136,  1,  28,    84, -1,  20
735854,20140913,   230,  1,  42,   147, -1,  24
735854,20140913,    11, -1,  38,    44,  1,  24
735854,20140913,    10,  1,  35,   144, -1,  28
735854,20140913,   239, -1,  45,    86,  1,  33
735854,20140913,   163,  1,  48,   250, -1,  14
735854,20140913,    49,  1,  42,   244, -1,  31
735854,20140913,   200,  1,  35,    15, -1,   0
735854,20140913,   138, -1,  48,   225,  1,  34
735854,20140913,   242,  1,  44,    88, -1,  19
735854,20140913,   243,  1,  59,   168, -1,  21
735854,20140913,   137,  1,  58,    90, -1,   0
735854,20140913,    20,  1,  36,    78, -1,  23
735854,20140913,   124,  1,  56,   107, -1,  15
735854,20140913,   238,  1,  38,    55, -1,  13
735854,20140913,   252,  1,  44,    28, -1,  13
735854,20140913,    37, -1,  40,   141,  1,  28
735854,20140913,    53,  1,  28,    43, -1,  25
735854,20140913,    59,  1,  55,   131, -1,  13
735854,20140913,    81,  1,  27,   154, -1,  24
735854,20140913,   103,  1,  50,   176, -1,   3
735854,20140913,   118, -1,  49,   201,  1,   0
735854,20140913,   207,  0,  35,    95,  0,   7
735854,20140913,   156, -1,  51,   197,  1,  27
735854,20140913,   229,  1,  36,   241, -1,  24
735854,20140913,    65,  1,  36,   102, -1,  30
735854,20140913,   157,  0,  30,   172,  0,  14
735854,20140913,   166, -1,  13,   177,  1,  10
735854,20140913,   179, -1,  26,   198,  1,   6
735854,20140913,   143, -1,  55,    70,  1,  19
735854,20140913,   127,  1,  38,   151, -1,   0
735859,20140918,    16, -1,  20,   100,  1,  14
735859,20140918,     6,  1,  42,    12, -1,   7
735860,20140919,   195,  1,  17,    47, -1,  14
735860,20140919,    80,  1,  41,    82, -1,  18
735861,20140920,   113, -1,  48,     3,  1,  17
735861,20140920,    22,  1,  40,   111, -1,  10
735861,20140920,    27,  1,  36,   149, -1,   7
735861,20140920,    39,  1,  31,   120, -1,  24
735861,20140920,    69, -1,  49,    46,  1,   7
735861,20140920,    50,  1,  35,    35, -1,  25
735861,20140920,    56,  1,  47,   217, -1,  13
735861,20140920,    57,  1,  30,   128, -1,  21
735861,20140920,    62,  1,  70,   150, -1,  41
735861,20140920,    63,  1,  20,    37, -1,  13
735861,20140920,    74,  1,  17,    24, -1,   3
735861,20140920,    75,  1,  66,   216, -1,   0
735861,20140920,   228, -1,  26,   121,  1,  10
735861,20140920,   122,  1,  73,    60, -1,  14
735861,20140920,   132,  0,  38,    85,  0,  35
735861,20140920,   142,  1,  42,   170, -1,   0
735861,20140920,   158,  1,  36,    86, -1,  24
735861,20140920,   166,  1,  48,   115, -1,   7
735861,20140920,    93, -1,  24,   167,  1,  20
735861,20140920,   172,  1,  35,   180, -1,  13
735861,20140920,   145, -1,  29,   175,  1,  26
735861,20140920,   114, -1,  34,   203,  1,  20
735861,20140920,   205,  1,  59,    54, -1,   0
735861,20140920,   214,  1,  34,    18, -1,  23
735861,20140920,   215,  1,  31,   141, -1,  20
735861,20140920,   222,  1,  41,    20, -1,   7
735861,20140920,   233,  1,  49,    98, -1,  31
735861,20140920,    77, -1,  27,   235,  1,  24
735861,20140920,   241,  1,  24,    15, -1,  21
735861,20140920,   239,  1,  45,   135, -1,  14
735861,20140920,   246,  1,  33,   103, -1,  19
735861,20140920,   251,  1,  54,   105, -1,  43
735861,20140920,   160, -1,  45,   245,  1,  33
735861,20140920,    68,  1,  23,    41, -1,  17
735861,20140920,   109, -1,  34,    67,  1,   3
735861,20140920,     4,  1,  42,    65, -1,  21
735861,20140920,    13,  1,  52,   138, -1,  14
735861,20140920,    14,  1,  21,   229, -1,  14
735861,20140920,   127, -1,  33,    34,  1,  31
735861,20140920,    43,  1,  27,    48, -1,  12
735861,20140920,   131, -1,  40,    51,  1,  32
735861,20140920,    52,  1,  31,   176, -1,   7
735861,20140920,    88,  1,  42,   211, -1,  35
735861,20140920,    96,  1,  34,   165, -1,  31
735861,20140920,    99,  1,  24,    30, -1,  10
735861,20140920,   125, -1,  34,   110,  1,  29
735861,20140920,   156, -1,  30,   108,  1,  27
735861,20140920,   117,  1,  36,   134, -1,  17
735861,20140920,   123,  1,  24,   186, -1,   7
735861,20140920,    91, -1,  31,   126,  1,  27
735861,20140920,   137,  1,  22,   129, -1,  10
735861,20140920,   152,  1,  77,   148, -1,   3
735861,20140920,   155,  1,  24,   238, -1,   7
735861,20140920,     7, -1,  37,   173,  1,  20
735861,20140920,   162, -1,  45,   174,  1,  42
735861,20140920,    26, -1,  36,   181,  1,  20
735861,20140920,   183,  1,  63,   236, -1,  21
735861,20140920,    72, -1,  28,   192,  1,   6
735861,20140920,   194,  1,  28,   153, -1,  21
735861,20140920,   196,  1,  21,     9, -1,  20
735861,20140920,   154,  1,  46,   136, -1,   7
735861,20140920,    59, -1,  49,   213,  1,  24
735861,20140920,   247,  1,  68,    23, -1,  17
735861,20140920,   193, -1,  48,   232,  1,  34
735861,20140920,   210, -1,  58,   191,  1,   6
735861,20140920,    29,  1,  41,   234, -1,  33
735861,20140920,    44,  1,  21,    81, -1,  12
735861,20140920,    55,  1,  21,   112, -1,   6
735861,20140920,    61, -1,  52,   130,  1,  51
735861,20140920,   250,  1,  20,    64, -1,  19
735861,20140920,    58,  1,  63,    17, -1,   7
735861,20140920,    10,  1,  49,    32, -1,  45
735861,20140920,    31,  1,  42,   168, -1,  14
735861,20140920,    70,  1,  56,   198, -1,  16
735861,20140920,   164,  1,  28,   185, -1,   7
735861,20140920,   207,  1,  10,   208, -1,   7
735861,20140920,   242,  1,  45,    76, -1,  14
735861,20140920,   163, -1,  38,   243,  1,  31
735861,20140920,   177, -1,  31,   139,  1,  24
735861,20140920,   184,  1,  39,   171, -1,  29
735861,20140920,     1,  1,  21,    90, -1,   0
735861,20140920,    42, -1,  48,    66,  1,   3
735861,20140920,     8, -1,  52,   133,  1,   9
735861,20140920,    36,  1,  20,    40, -1,  18
735861,20140920,    73,  1,  43,   249, -1,  36
735861,20140920,   178,  1,  17,    71, -1,   7
735861,20140920,    78, -1,  40,    95,  1,  35
735861,20140920,   106,  1,  38,    25, -1,  21
735861,20140920,   197, -1,  34,   169,  1,  24
735861,20140920,   189,  1,  24,   188, -1,  23
735861,20140920,   190,  1,  35,   244, -1,  20
735861,20140920,   252,  1,  52,   199, -1,  23
735861,20140920,   143,  1,  41,   119, -1,  31
735861,20140920,   146, -1,  38,   147,  1,  35
735861,20140920,   219,  1,  45,     5, -1,  23
735861,20140920,    21,  1,  34,   107, -1,   9
735861,20140920,    83,  1,  47,   225, -1,  14
735861,20140920,   151,  1,  13,   202, -1,   3
735866,20140925,    72,  1,  34,     9, -1,  14
735866,20140925,   161,  1,  45,   212, -1,  35
735866,20140925,   223, -1,  62,    11,  1,  27
735867,20140926,   134, -1,  41,   162,  1,  28
735867,20140926,    70, -1,  35,   146,  1,  24
735868,20140927,     7,  1,  42,    46, -1,   7
735868,20140927,    45, -1,  24,    22,  1,  21
735868,20140927,    26,  1,  20,    48, -1,   7
735868,20140927,    27,  1,  35,   120, -1,  27
735868,20140927,    96, -1,  35,    28,  1,   7
735868,20140927,    35,  1,  38,   173, -1,  14
735868,20140927,    36, -1,  47,    37,  1,  41
735868,20140927,    38,  1,  38,   183, -1,  24
735868,20140927,    41,  1,  50,   150, -1,  35
735868,20140927,    42,  1,  31,    63, -1,   3
735868,20140927,   205, -1,  36,    47,  1,  10
735868,20140927,    64,  1,  41,   227, -1,  37
735868,20140927,    75,  1,  35,   206, -1,  32
735868,20140927,   114, -1,  37,    91,  1,  15
735868,20140927,    92,  1,  38,   106, -1,  19
735868,20140927,    53, -1,  30,    98,  1,  23
735868,20140927,   128, -1,  28,   105,  1,  21
735868,20140927,   109,  1,  20,   241, -1,  10
735868,20140927,   184, -1,  20,   112,  1,  16
735868,20140927,    23, -1,  47,   115,  1,  42
735868,20140927,   123, -1,  30,   121,  1,  14
735868,20140927,   122,  1,  56,   250, -1,  14
735868,20140927,   145,  1,  52,    50, -1,  19
735868,20140927,   158,  1,  34,    58, -1,  19
735868,20140927,   233, -1,  41,   165,  1,   7
735868,20140927,   155, -1,  29,   166,  1,   6
735868,20140927,     3, -1,  21,   167,  1,  10
735868,20140927,   171,  1,  56,    51, -1,  17
735868,20140927,    93, -1,  24,   172,  1,  10
735868,20140927,   177,  1,  31,   217, -1,   6
735868,20140927,   246, -1,  27,   202,  1,  21
735868,20140927,   214,  1,  42,    30, -1,  28
735868,20140927,   111, -1,  27,   215,  1,  24
735868,20140927,   234,  1,  45,   101, -1,  13
735868,20140927,   235,  1,  35,   239, -1,  17
735868,20140927,   251,  1,  49,    15, -1,  43
735868,20140927,    68, -1,  56,   142,  1,  41
735868,20140927,   126, -1,  21,   193,  1,  20
735868,20140927,   157,  0,  31,   203,  0,  15
735868,20140927,   119,  1,  22,    56, -1,  10
735868,20140927,   102,  1,  17,   232, -1,   7
735868,20140927,     6,  1,  38,   219, -1,   3
735868,20140927,    16,  1,  45,   108, -1,  17
735868,20140927,    34,  1,  52,   148, -1,  18
735868,20140927,    43,  1,  19,    74, -1,   0
735868,20140927,    69, -1,  45,    82,  1,  16
735868,20140927,   140, -1,  38,    85,  1,  22
735868,20140927,   209, -1,  23,    99,  1,   0
735868,20140927,   100,  1,  58,   230, -1,  28
735868,20140927,   110,  1,  63,   147, -1,   7
735868,20140927,   124,  1,  24,   117, -1,   3
735868,20140927,   204, -1,  56,   191,  1,   0
735868,20140927,   180,  1,  34,   238, -1,  17
735868,20140927,   174, -1,  41,   196,  1,  23
735868,20140927,   210,  0,  35,    13,  0,  28
735868,20140927,   211, -1,  37,   218,  1,  34
735868,20140927,    67, -1,  34,   220,  1,  20
735868,20140927,   189, -1,  31,   213,  1,  27
735868,20140927,   247,  1,  27,   195, -1,  10
735868,20140927,    19, -1,  49,    94,  1,  28
735868,20140927,   118, -1,  27,   236,  1,  24
735868,20140927,    87,  1,  44,    49, -1,  24
735868,20140927,   129,  1,  38,   136, -1,  13
735868,20140927,   243, -1,  28,   228,  1,  27
735868,20140927,    32,  1,  59,    44, -1,  56
735868,20140927,   237, -1,  35,    71,  1,  17
735868,20140927,   192, -1,  34,    86,  1,  10
735868,20140927,   153,  1,  38,    31, -1,  35
735868,20140927,   185,  1,  34,   225, -1,  17
735868,20140927,    61, -1,  37,   221,  1,  14
735868,20140927,   226,  1,  35,   164, -1,  10
735868,20140927,   200, -1,  20,   242,  1,  13
735868,20140927,   248, -1,  36,   139,  1,  27
735868,20140927,   149,  1,  15,   132, -1,  14
735868,20140927,     8,  1,  56,   197, -1,  16
735868,20140927,     5, -1,  42,   133,  1,  20
735868,20140927,    78,  0,  26,   169,  0,  20
735868,20140927,    80, -1,  22,    24,  1,  14
735868,20140927,    33,  1,  34,   231, -1,  24
735868,20140927,    40,  1,  37,    73, -1,  14
735868,20140927,    54,  1,  35,   187, -1,  10
735868,20140927,   178, -1,  17,    79,  1,  10
735868,20140927,   103,  1,  35,   240, -1,  23
735868,20140927,   159,  1,  50,    39, -1,  28
735868,20140927,     2,  1,  28,    21, -1,  14
735868,20140927,    95, -1,  33,    12,  1,  30
735868,20140927,   188, -1,  63,    90,  1,   7
735868,20140927,   224,  1,  22,   216, -1,  20
735868,20140927,    97, -1,  52,   135,  1,  28
735868,20140927,   207,  1,  27,    66, -1,   7
735868,20140927,    89,  1,  55,    17, -1,   6
735868,20140927,     1, -1,  59,    84,  1,  14
735868,20140927,   182, -1,  42,   104,  1,  10
735868,20140927,   198,  1,  31,   244, -1,  28
735868,20140927,   143,  1,  45,    88, -1,  14
735868,20140927,   144, -1,  21,   186,  1,  10
735868,20140927,   130,  1,  29,   151, -1,  18
735868,20140927,   154,  1,  50,   208, -1,   7
735873,20141002,    67,  1,  38,    64, -1,  10
735873,20141002,   222, -1,  17,    83,  1,  12
735873,20141002,    10, -1,  31,   163,  1,  24
735873,20141002,     8,  1,  33,     6, -1,   7
735874,20141003,   109, -1,  28,   203,  1,   6
735874,20141003,   229, -1,  35,    29,  1,  20
735874,20141003,    70,  1,  24,   185, -1,  13
735874,20141003,    69,  1,  42,   103, -1,  18
735875,20141004,     3,  1,  31,    60, -1,   6
735875,20141004,    98, -1,  31,     7,  1,  28
735875,20141004,   192, -1,  47,     9,  1,  21
735875,20141004,    15,  1,  33,    18, -1,  24
735875,20141004,    23,  1,  36,    27, -1,  35
735875,20141004,    30,  1,  28,   158, -1,  10
735875,20141004,    38,  1,  55,   236, -1,   7
735875,20141004,   117, -1,  41,    39,  1,  14
735875,20141004,    41,  1,  41,   142, -1,   0
735875,20141004,   171, -1,  38,    46,  1,   6
735875,20141004,   251, -1,  51,    48,  1,  13
735875,20141004,    50,  1,  31,   165, -1,  13
735875,20141004,    62,  1,  45,   191, -1,  24
735875,20141004,   145, -1,  48,    63,  1,  14
735875,20141004,    68,  1,  43,   241, -1,   3
735875,20141004,    42, -1,  37,    71,  1,  31
735875,20141004,    80, -1,  34,    74,  1,   3
735875,20141004,    77,  1,  28,   119, -1,  17
735875,20141004,    91,  1,  49,   152, -1,  24
735875,20141004,    92,  1,  20,   154, -1,  19
735875,20141004,   233, -1,  41,   111,  1,  20
735875,20141004,   120,  1,  42,   115, -1,  41
735875,20141004,    33, -1,  31,   131,  1,  24
735875,20141004,   235, -1,  34,   150,  1,  17
735875,20141004,   113, -1,  56,   162,  1,  14
735875,20141004,   170,  1,  19,   237, -1,  14
735875,20141004,   149, -1,  14,   187,  1,   7
735875,20141004,   178,  0,  13,   140,  0,   0
735875,20141004,    65, -1,  10,   206,  1,   9
735875,20141004,   202, -1,  14,   215,  1,   3
735875,20141004,   234,  1,  24,   167, -1,  19
735875,20141004,   245,  1,  33,    99, -1,  14
735875,20141004,   214, -1,  20,   239,  1,  19
735875,20141004,   102,  1,  45,   193, -1,  38
735875,20141004,   159, -1,  52,   114,  1,  24
735875,20141004,    75,  1,  44,   232, -1,  17
735875,20141004,    14,  1,  28,   224, -1,  14
735875,20141004,    59, -1,  31,    17,  1,   0
735875,20141004,    25,  1,  34,    26, -1,  15
735875,20141004,    43,  1,  20,    82, -1,  17
735875,20141004,    52, -1,  54,    51,  1,  48
735875,20141004,   172, -1,  38,    88,  1,  27
735875,20141004,    96,  1,  29,    55, -1,  14
735875,20141004,   100,  1,  45,   212, -1,  13
735875,20141004,   107,  1,  34,    76, -1,  31
735875,20141004,   108,  1,  55,   230, -1,   3
735875,20141004,   116,  1,  45,   148, -1,   3
735875,20141004,   134,  1,  37,   196, -1,  31
735875,20141004,   138,  1,  17,   101, -1,  14
735875,20141004,   161,  1,  37,    94, -1,  20
735875,20141004,    24, -1,  20,   173,  1,  13
735875,20141004,   174,  1,  28,    81, -1,  14
735875,20141004,   183,  1,  21,   118, -1,  18
735875,20141004,   188,  1,  30,   156, -1,  22
735875,20141004,   180,  1,  41,   194, -1,  10
735875,20141004,   211,  1,  35,    86, -1,  30
735875,20141004,   146, -1,  21,   227,  1,   9
735875,20141004,   112, -1,  35,   231,  1,   7
735875,20141004,   220, -1,  42,   248,  1,  39
735875,20141004,   204,  1,  37,   160, -1,  33
735875,20141004,   124,  1,  23,     4, -1,  17
735875,20141004,    19, -1,  28,   209,  1,   7
735875,20141004,    16,  1,  41,   110, -1,   7
735875,20141004,   125,  1,  48,   210, -1,  31
735875,20141004,   155,  1,  20,   247, -1,  14
735875,20141004,    73,  1,  27,    37, -1,  24
735875,20141004,   249,  1,  17,    40, -1,  13
735875,20141004,   164, -1,  36,    44,  1,  31
735875,20141004,    45,  1,  42,   218, -1,  17
735875,20141004,   141,  1,  27,    85, -1,  22
735875,20141004,   136,  1,  24,   153, -1,  17
735875,20141004,   189,  1,  28,   207, -1,  21
735875,20141004,    78, -1,  38,     5,  1,  28
735875,20141004,    31,  1,  42,   198, -1,  39
735875,20141004,    61,  1,  56,    87, -1,  53
735875,20141004,    89,  1,  45,   179, -1,  10
735875,20141004,   252, -1,  14,   127,  1,   7
735875,20141004,   168,  1,  23,   221, -1,  14
735875,20141004,   128, -1,  51,   176,  1,  20
735875,20141004,   130, -1,  59,    49,  1,  56
735875,20141004,   186,  1,  33,   225, -1,  10
735875,20141004,   228, -1,  30,   223,  1,  28
735875,20141004,    32, -1,  60,   243,  1,  59
735875,20141004,    11, -1,  38,   226,  1,  34
735875,20141004,     2,  1,  30,   139, -1,  21
735875,20141004,   181, -1,  10,    53,  1,   7
735875,20141004,   157,  1,  17,   200, -1,  14
735875,20141004,    20,  1,  27,    54, -1,   7
735875,20141004,    97,  1,  38,   213, -1,  14
735875,20141004,   137, -1,  17,   238,  1,  10
735875,20141004,   132, -1,  24,    66,  1,   9
735875,20141004,    28, -1,  49,   201,  1,  41
735875,20141004,   197,  1,  51,    12, -1,  36
735875,20141004,    90,  1,  31,    84, -1,   8
735875,20141004,   169, -1,  48,    95,  1,  30
735875,20141004,   175, -1,  46,   106,  1,  39
735875,20141004,   177,  1,  26,   121, -1,  24
735875,20141004,    34, -1,  49,   190,  1,  39
735875,20141004,   104, -1,  24,     1,  1,  21
735875,20141004,   122,  1,  27,   143, -1,  22
735875,20141004,    72, -1,  36,   147,  1,  28
735875,20141004,   219,  1,  20,   133, -1,  16
735875,20141004,    21, -1,  51,   144,  1,  46
735875,20141004,   208,  1,  30,   135, -1,  27
735875,20141004,   129, -1,  18,   151,  1,  15
735880,20141009,   222,  1,  31,    29, -1,  24
735880,20141009,   213,  1,  17,   208, -1,  10
735880,20141009,   140,  1,  31,    79, -1,  14
735881,20141010,   200,  1,  34,   243, -1,  17
735881,20141010,   185, -1,  24,   146,  1,  14
735881,20141010,   225,  1,  30,    70, -1,  27
735882,20141011,     3,  1,  29,   120, -1,  19
735882,20141011,   175, -1,  41,     7,  1,  28
735882,20141011,   106, -1,  55,     9,  1,  48
735882,20141011,   174, -1,  41,    15,  1,  21
735882,20141011,   239, -1,  42,    18,  1,  38
735882,20141011,    24,  1,  27,    82, -1,  24
735882,20141011,    57, -1,  28,    35,  1,  20
735882,20141011,    60,  1,  37,    27, -1,  27
735882,20141011,    69,  1,  60,   165, -1,  22
735882,20141011,    14, -1,  52,    76,  1,  10
735882,20141011,    89, -1,  20,    92,  1,  18
735882,20141011,    93,  1,  45,    91, -1,  29
735882,20141011,    98,  1,  62,   215, -1,   7
735882,20141011,   115, -1,  40,   101,  1,  17
735882,20141011,   102,  1,  48,   224, -1,  14
735882,20141011,    26, -1,  45,   105,  1,  24
735882,20141011,    52, -1,  31,   112,  1,  21
735882,20141011,   113,  1,  49,   134, -1,  24
735882,20141011,   119,  1,  55,    39, -1,  34
735882,20141011,    96, -1,  45,   131,  1,  26
735882,20141011,   139,  1,  51,   236, -1,  14
735882,20141011,   145,  1,  32,   246, -1,   3
735882,20141011,    22, -1,  30,   142,  1,  14
735882,20141011,    23, -1,  31,   158,  1,  13
735882,20141011,    42, -1,  40,   170,  1,  28
735882,20141011,   181,  1,  52,   176, -1,  13
735882,20141011,    62, -1,  28,   195,  1,  17
735882,20141011,   202,  1,  19,   111, -1,   7
735882,20141011,   205,  1,  35,   218, -1,  24
735882,20141011,   206,  1,  45,    38, -1,  10
735882,20141011,   233,  1,  44,   173, -1,  21
735882,20141011,   240,  1,  46,   199, -1,  39
735882,20141011,   237,  1,  26,   249, -1,  14
735882,20141011,    50, -1,  38,   251,  1,  31
735882,20141011,    68, -1,  38,   203,  1,  20
735882,20141011,   122, -1,  45,   172,  1,  31
735882,20141011,   110, -1,  30,    65,  1,  27
735882,20141011,    41,  1,  23,   109, -1,  17
735882,20141011,    56, -1,  31,    77,  1,  25
735882,20141011,    19,  1,  61,   204, -1,  58
735882,20141011,    33,  1,  28,    28, -1,   9
735882,20141011,    34,  1,  70,    84, -1,   0
735882,20141011,    43,  1,  31,   171, -1,  30
735882,20141011,    80,  1,  24,    48, -1,   7
735882,20141011,    94,  1,  37,   214, -1,  30
735882,20141011,    83, -1,  28,   117,  1,  24
735882,20141011,   123,  1,  24,   155, -1,  17
735882,20141011,    75, -1,  34,   126,  1,   0
735882,20141011,   128,  1,  61,    46, -1,  28
735882,20141011,   190, -1,  42,   148,  1,  20
735882,20141011,   137,  1,  38,   180, -1,  10
735882,20141011,    30, -1,  34,   138,  1,  17
735882,20141011,   160,  0,  31,   209,  0,  26
735882,20141011,   182,  1,  38,   116, -1,  22
735882,20141011,   154, -1,  27,   194,  1,  16
735882,20141011,   124, -1,  35,   210,  1,  20
735882,20141011,   245, -1,  37,   212,  1,  34
735882,20141011,   216,  1,  41,   147, -1,  24
735882,20141011,   217,  1,  12,    47, -1,   3
735882,20141011,   220,  1,  56,   152, -1,  21
735882,20141011,   227,  1,  16,    67, -1,  13
735882,20141011,   232,  1,  21,    36, -1,  20
735882,20141011,   247,  1,  38,    88, -1,  28
735882,20141011,   125,  1,  38,    16, -1,  23
735882,20141011,     4, -1,  14,    13,  1,  13
735882,20141011,   161, -1,  27,    99,  1,  20
735882,20141011,   197, -1,  35,     5,  1,  34
735882,20141011,    40,  1,  63,    37, -1,  56
735882,20141011,    55,  1,  51,    51, -1,  14
735882,20141011,    54, -1,  13,   149,  1,  10
735882,20141011,    49, -1,  43,   136,  1,  38
735882,20141011,   141, -1,  48,   178,  1,  35
735882,20141011,   230,  1,  42,   162, -1,  35
735882,20141011,   229,  1,  34,     2, -1,  16
735882,20141011,    78,  1,  28,     8, -1,  21
735882,20141011,   133, -1,  27,    95,  1,  23
735882,20141011,   169,  1,  34,     6, -1,  24
735882,20141011,    97, -1,  27,   207,  1,  20
735882,20141011,   130, -1,  77,   221,  1,  37
735882,20141011,    31, -1,  30,   244,  1,  24
735882,20141011,   163, -1,  42,   223,  1,  30
735882,20141011,   226, -1,  28,    10,  1,  26
735882,20141011,   242, -1,  31,    32,  1,   7
735882,20141011,    61, -1,  42,   198,  1,  30
735882,20141011,    53,  1,  34,    63, -1,  24
735882,20141011,   103,  1,  24,    74, -1,  21
735882,20141011,   157,  1,  50,   150, -1,  43
735882,20141011,    20,  1,  49,    85, -1,  12
735882,20141011,   118,  1,  49,    17, -1,  21
735882,20141011,   135,  1,  44,   189, -1,  41
735882,20141011,    66,  1,  24,   187, -1,  14
735882,20141011,   184,  1,  31,   201, -1,  23
735882,20141011,    59,  1,  36,    58, -1,  33
735882,20141011,    72,  1,  47,    86, -1,  24
735882,20141011,    81,  1,  38,   250, -1,  28
735882,20141011,   188, -1,  61,   104,  1,  34
735882,20141011,   121,  1,  18,   166, -1,  13
735882,20141011,   156,  1,  49,    90, -1,  12
735882,20141011,   179,  1,  32,   127, -1,  28
735882,20141011,   238, -1,  30,   252,  1,  24
735882,20141011,    45, -1,  31,   144,  1,  24
735882,20141011,   151,  1,  24,   168, -1,  16
735885,20141014,   107, -1,  34,   211,  1,  10
735887,20141016,   167,  1,  21,   235, -1,  16
735887,20141016,   228, -1,  29,   164,  1,  23
735888,20141017,    21,  1,  37,    70, -1,  27
735888,20141017,    83,  1,  31,   205, -1,  10
735889,20141018,   239, -1,  26,    23,  1,  14
735889,20141018,    18, -1,  32,    30,  1,  29
735889,20141018,   105, -1,  31,    48,  1,  14
735889,20141018,    56,  1,  20,   234, -1,  13
735889,20141018,   181, -1,  23,    57,  1,  20
735889,20141018,   202, -1,  20,    63,  1,   3
735889,20141018,   113, -1,  45,    67,  1,  13
735889,20141018,    64,  1,  45,   248, -1,  38
735889,20141018,   101,  1,  39,    15, -1,  17
735889,20141018,   109,  1,  30,   142, -1,  18
735889,20141018,     7, -1,  20,   111,  1,   7
735889,20141018,   114,  1,  38,    93, -1,  31
735889,20141018,   115,  1,  36,    60, -1,  14
735889,20141018,   123,  1,  39,   172, -1,  38
735889,20141018,   150,  1,  48,    77, -1,  43
735889,20141018,   158,  1,  23,     3, -1,  20
735889,20141018,   165,  1,  31,    46, -1,   7
735889,20141018,   171,  1,  27,    24, -1,  16
735889,20141018,   175,  1,  37,   173, -1,   0
735889,20141018,   176,  1,  27,    35, -1,  24
735889,20141018,    25, -1,  42,   199,  1,  27
735889,20141018,    20, -1,  48,   187,  1,  20
735889,20141018,   193,  1,  41,    71, -1,  10
735889,20141018,   222,  1,  20,   217, -1,  13
735889,20141018,   203, -1,  30,   241,  1,   7
735889,20141018,   233, -1,  35,   246,  1,  31
735889,20141018,   251,  1,  45,    43, -1,  31
735889,20141018,   126, -1,  42,    65,  1,  13
735889,20141018,    41, -1,  17,    22,  1,  13
735889,20141018,   245,  1,  41,    19, -1,  27
735889,20141018,    68,  1,  31,   157, -1,  27
735889,20141018,    75,  0,  45,    13,  0,  32
735889,20141018,    17,  1,  20,   135, -1,  13
735889,20141018,   184, -1,  27,    28,  1,  21
735889,20141018,    38, -1,  34,    40,  1,  14
735889,20141018,    52,  1,  41,   131, -1,   7
735889,20141018,   149, -1,  21,    79,  1,  13
735889,20141018,    80,  1,  24,   103, -1,  14
735889,20141018,    66, -1,  31,    85,  1,  28
735889,20141018,   110,  1,  41,   102, -1,   3
735889,20141018,   108,  1,  27,   227, -1,  20
735889,20141018,   116,  1,  31,     1, -1,  20
735889,20141018,   134,  1,  34,   220, -1,  22
735889,20141018,   127,  1,  31,   194, -1,  12
735889,20141018,   132,  1,  21,   141, -1,  20
735889,20141018,   104, -1,  63,   148,  1,  21
735889,20141018,   137,  1,  34,    92, -1,  17
735889,20141018,   196, -1,  30,   152,  1,  20
735889,20141018,   138,  1,  51,   120, -1,  41
735889,20141018,   100, -1,  31,   160,  1,  30
735889,20141018,   124,  1,  34,   206, -1,   3
735889,20141018,    39, -1,  41,   191,  1,   3
735889,20141018,   249, -1,  24,   183,  1,  20
735889,20141018,   192,  1,  30,    76, -1,  27
735889,20141018,   188,  1,  41,    34, -1,  24
735889,20141018,   209,  1,  48,    94, -1,  45
735889,20141018,   212,  1,  34,    99, -1,  21
735889,20141018,     9, -1,  53,   216,  1,  14
735889,20141018,   195, -1,  38,   218,  1,  30
735889,20141018,   179, -1,  31,   154,  1,  28
735889,20141018,   204,  1,  42,   161, -1,   9
735889,20141018,     4,  1,  59,   210, -1,   0
735889,20141018,    50,  1,  24,    82, -1,  21
735889,20141018,    73, -1,  47,   236,  1,  41
735889,20141018,     2,  1,  35,   146, -1,  31
735889,20141018,   144, -1,  42,    29,  1,  35
735889,20141018,   140, -1,  33,    54,  1,  20
735889,20141018,    87,  1,  56,   198, -1,  28
735889,20141018,   129,  1,  42,   221, -1,  28
735889,20141018,   130,  1,  23,   244, -1,  13
735889,20141018,    58, -1,  52,   189,  1,  13
735889,20141018,    55, -1,  17,   231,  1,   9
735889,20141018,   186, -1,  27,   250,  1,  20
735889,20141018,     8,  1,  40,   219, -1,  25
735889,20141018,   170, -1,   7,    36,  1,   3
735889,20141018,    61,  1,  26,   136, -1,  18
735889,20141018,    78,  1,  63,    12, -1,  39
735889,20141018,    86,  1,  29,   147, -1,  17
735889,20141018,   169, -1,  52,   133,  1,  19
735889,20141018,   153, -1,  21,   168,  1,  17
735889,20141018,    31, -1,  56,    49,  1,  27
735889,20141018,   213, -1,  21,   207,  1,  16
735889,20141018,   226,  1,  56,    44, -1,  28
735889,20141018,    11,  1,  26,   200, -1,  10
735889,20141018,   223, -1,  36,    32,  1,  34
735889,20141018,   163,  1,  45,   242, -1,  20
735889,20141018,   215, -1,  24,    53,  1,  17
735889,20141018,   159,  1,  56,   177, -1,  17
735889,20141018,   122, -1,  56,    91,  1,  17
735889,20141018,    33,  1,  28,    51, -1,  27
735889,20141018,   237, -1,  35,   118,  1,  21
735889,20141018,    89, -1,  37,   238,  1,  34
735889,20141018,   252,  1,  26,   180, -1,  14
735889,20141018,    96, -1,  30,   201,  1,   7
735889,20141018,    45,  1,  16,   229, -1,  13
735889,20141018,   156,  1,  31,   182, -1,  27
735889,20141018,   143, -1,  38,   155,  1,  17
735889,20141018,   190, -1,  59,    84,  1,  27
735889,20141018,   185,  1,  20,    81, -1,  10
735889,20141018,   208,  1,  39,    59, -1,  31
735892,20141021,   107,  1,  55,    14, -1,  40
735894,20141023,    62,  1,  31,    47, -1,  21
735894,20141023,   119, -1,  30,   235,  1,   6
735895,20141024,    39,  1,  34,   195, -1,  17
735895,20141024,   192,  1,  27,   216, -1,  13
735895,20141024,   163, -1,  59,    32,  1,  41
735895,20141024,    21,  1,  55,    29, -1,  30
735896,20141025,     7,  1,  24,    43, -1,  17
735896,20141025,    18,  1,  35,     3, -1,  21
735896,20141025,    24,  1,  42,    48, -1,  16
735896,20141025,    30, -1,  20,    27,  1,  14
735896,20141025,   240, -1,  20,    35,  1,  10
735896,20141025,    98, -1,  48,    37,  1,  40
735896,20141025,    38,  1,  38,   118, -1,  31
735896,20141025,    41,  1,  16,   203, -1,   6
735896,20141025,    42,  1,  43,    36, -1,  22
735896,20141025,    50, -1,  27,    46,  1,   7
735896,20141025,   138, -1,  28,    60,  1,  17
735896,20141025,   175, -1,  30,    63,  1,  10
735896,20141025,    26, -1,  22,    74,  1,  17
735896,20141025,    72, -1,  69,    76,  1,  31
735896,20141025,    88,  1,  28,   123, -1,  24
735896,20141025,   125, -1,  45,   102,  1,  31
735896,20141025,    69, -1,  48,   105,  1,  27
735896,20141025,   112,  1,  27,    33, -1,  20
735896,20141025,   113,  1,  35,    64, -1,  16
735896,20141025,   120,  1,  10,   101, -1,   3
735896,20141025,   122,  1,  35,   121, -1,  11
735896,20141025,   131,  1,  48,   231, -1,  47
735896,20141025,   139,  1,  41,   186, -1,  31
735896,20141025,   145,  1,  28,   202, -1,  20
735896,20141025,    77, -1,  56,   167,  1,  28
735896,20141025,   170,  1,  18,   128, -1,  12
735896,20141025,    80, -1,  49,   171,  1,   7
735896,20141025,   111, -1,  20,   173,  1,  14
735896,20141025,   214,  1,  42,   115, -1,  35
735896,20141025,   222,  1,  34,   205, -1,  14
735896,20141025,   233,  1,  48,   132, -1,  28
735896,20141025,   150, -1,  28,   234,  1,  27
735896,20141025,    22, -1,  23,   241,  1,  17
735896,20141025,   237,  1,  29,    40, -1,  15
735896,20141025,   239,  1,  42,   158, -1,  21
735896,20141025,   246,  1,  31,    53, -1,  17
735896,20141025,   247,  1,  52,   114, -1,   7
735896,20141025,   251,  1,  43,   165, -1,  21
735896,20141025,     4, -1,  34,   206,  1,  20
735896,20141025,    13,  1,  45,   220, -1,  17
735896,20141025,    25,  1,  42,   176, -1,   9
735896,20141025,    34,  1,  58,   156, -1,  35
735896,20141025,   201, -1,  40,    51,  1,  34
735896,20141025,   100,  1,  23,   209, -1,   0
735896,20141025,   110,  1,  10,   124, -1,   7
735896,20141025,   143,  1,  42,   177, -1,  24
735896,20141025,   140,  1,  40,    66, -1,  21
735896,20141025,   245, -1,  34,   161,  1,  10
735896,20141025,   174,  1,  41,   152, -1,  21
735896,20141025,   117, -1,  48,   191,  1,  10
735896,20141025,   199, -1,  30,   181,  1,  27
735896,20141025,   182,  1,  38,     1, -1,  21
735896,20141025,   137, -1,  47,   194,  1,   7
735896,20141025,    92, -1,  41,   180,  1,  26
735896,20141025,   108, -1,  31,   196,  1,  20
735896,20141025,   204,  1,  82,   212, -1,  27
735896,20141025,   213,  1,  37,    17, -1,   7
735896,20141025,   230, -1,  34,   227,  1,   0
735896,20141025,   248,  1,  66,   162, -1,  51
735896,20141025,    16,  1,  42,   193, -1,  35
735896,20141025,   126,  1,  24,   232, -1,  14
735896,20141025,   183, -1,  45,    71,  1,   0
735896,20141025,   178,  1,  20,    20, -1,  14
735896,20141025,   249,  1,  38,   236, -1,   3
735896,20141025,    45,  1,  45,   250, -1,  31
735896,20141025,    79, -1,  23,    54,  1,   0
735896,20141025,    55,  1,  21,    28, -1,  19
735896,20141025,   141,  1,  42,   187, -1,  14
735896,20141025,    87, -1,  46,   136,  1,  12
735896,20141025,     8, -1,  77,   169,  1,  48
735896,20141025,   229,  1,  34,   225, -1,  20
735896,20141025,   154, -1,  27,   238,  1,  13
735896,20141025,   223, -1,  40,    44,  1,  37
735896,20141025,   228,  1,  24,   226, -1,  21
735896,20141025,    58,  1,  28,   207, -1,   3
735896,20141025,    31,  1,  41,   129, -1,  21
735896,20141025,    59,  1,  33,   189, -1,  21
735896,20141025,   153,  1,  28,    61, -1,  27
735896,20141025,   252, -1,  30,   179,  1,  27
735896,20141025,   200,  1,  38,   164, -1,  14
735896,20141025,    12, -1,  38,   219,  1,  37
735896,20141025,    10, -1,  59,   243,  1,  37
735896,20141025,   168, -1,  30,   244,  1,  17
735896,20141025,    11, -1,  24,   242,  1,  10
735896,20141025,     5,  0,  37,     6,  0,  36
735896,20141025,    82, -1,  24,   103,  1,  14
735896,20141025,   106,  1,  34,    73, -1,   0
735896,20141025,    84,  1,  31,   148, -1,  21
735896,20141025,    97,  1,  49,   208, -1,   3
735896,20141025,   190,  1,  27,   188, -1,  17
735896,20141025,   144, -1,  26,    81,  1,  18
735896,20141025,    89,  1,  21,   127, -1,   7
735896,20141025,   116, -1,  41,    90,  1,  21
735896,20141025,   197, -1,  42,    95,  1,  28
735896,20141025,   211, -1,  22,   224,  1,  18
735896,20141025,   159, -1,  31,   166,  1,  24
735896,20141025,   184,  1,  40,    52, -1,  29
735896,20141025,   198,  1,  35,   151, -1,  17
735901,20141030,    72,  1,  42,   216, -1,  10
735901,20141030,    68, -1,  42,   109,  1,  31
735902,20141031,   117,  1,  40,   218, -1,  20
735902,20141031,    39, -1,  38,   217,  1,  14
735903,20141101,     9,  1,  44,    76, -1,   0
735903,20141101,     2, -1,  23,    15,  1,   6
735903,20141101,    26,  1,  27,   103, -1,  24
735903,20141101,   251, -1,  25,    46,  1,   7
735903,20141101,   171, -1,  38,    48,  1,  27
735903,20141101,    53,  1,  28,   173, -1,  13
735903,20141101,    30, -1,  38,    60,  1,   7
735903,20141101,   174, -1,  31,    67,  1,  17
735903,20141101,   220, -1,  31,    64,  1,  28
735903,20141101,    69,  1,  37,    43, -1,  13
735903,20141101,   105, -1,  27,    74,  1,  19
735903,20141101,    65,  0,  38,    75,  0,  20
735903,20141101,    77,  1,  35,   234, -1,  10
735903,20141101,    92,  1,  20,   127, -1,  18
735903,20141101,    98,  1,  31,   246, -1,  24
735903,20141101,   119,  1,  47,   150, -1,  20
735903,20141101,   239, -1,  41,   120,  1,  10
735903,20141101,   145,  1,  49,     7, -1,  24
735903,20141101,    24, -1,  21,   165,  1,  13
735903,20141101,   114, -1,  20,   166,  1,  19
735903,20141101,   106, -1,  28,   170,  1,   7
735903,20141101,   175,  1,  10,   233, -1,   9
735903,20141101,   199,  1,  26,    57, -1,  16
735903,20141101,   206, -1,  45,   193,  1,  42
735903,20141101,    83, -1,  27,   195,  1,   3
735903,20141101,   142, -1,  24,   203,  1,  17
735903,20141101,   205,  1,  20,    62, -1,  10
735903,20141101,   215,  1,  21,    63, -1,  19
735903,20141101,    22, -1,  33,   235,  1,  31
735903,20141101,   181, -1,  23,   240,  1,   7
735903,20141101,   204, -1,  31,   245,  1,  30
735903,20141101,    38, -1,  51,   237,  1,   0
735903,20141101,    47,  1,  37,   222, -1,  29
735903,20141101,   157,  0,  49,   139,  0,  39
735903,20141101,   247, -1,  37,   177,  1,   0
735903,20141101,    56, -1,  51,   167,  1,  48
735903,20141101,    19,  1,  60,    99, -1,  14
735903,20141101,    25,  1,  31,    35, -1,   3
735903,20141101,    28,  1,  62,   131, -1,  52
735903,20141101,   201, -1,  28,    33,  1,  24
735903,20141101,    52,  1,  42,   231, -1,  19
735903,20141101,    85,  1,  17,    54, -1,  10
735903,20141101,    93,  1,  48,   155, -1,   7
735903,20141101,   112,  1,  17,    96, -1,  16
735903,20141101,   107,  1,  19,   192, -1,   9
735903,20141101,   108,  1,  59,   248, -1,  10
735903,20141101,    29, -1,  27,   134,  1,   7
735903,20141101,   125,  1,  17,    13, -1,  10
735903,20141101,   126,  1,  20,   102, -1,  10
735903,20141101,    36, -1,  27,   128,  1,   0
735903,20141101,   143,  1,  35,   172, -1,  14
735903,20141101,    90, -1,  38,   148,  1,  20
735903,20141101,   137,  1,  37,   179, -1,  17
735903,20141101,   182,  0,  42,   190,  0,  28
735903,20141101,   210,  1,  21,   224, -1,  16
735903,20141101,   209, -1,  34,   212,  1,  13
735903,20141101,   154,  1,  42,    89, -1,  28
735903,20141101,   232,  1,  42,   162, -1,  28
735903,20141101,    16, -1,  35,   124,  1,  31
735903,20141101,   160, -1,  59,    94,  1,  14
735903,20141101,   100,  1,  48,   161, -1,  14
735903,20141101,    80, -1,  23,    50,  1,  12
735903,20141101,    42, -1,  38,    73,  1,  14
735903,20141101,   178,  1,  59,   187, -1,   7
735903,20141101,   236,  1,  31,    71, -1,  15
735903,20141101,   184, -1,  17,    55,  1,  14
735903,20141101,   132, -1,  38,    79,  1,  35
735903,20141101,   129,  1,  31,    49, -1,  13
735903,20141101,   213, -1,  62,   135,  1,  38
735903,20141101,   230,  1,  35,   196, -1,  14
735903,20141101,   252,  1,  28,   194, -1,  17
735903,20141101,   242, -1,  38,    44,  1,  23
735903,20141101,     1,  0,  52,    34,  0,  35
735903,20141101,    11,  1,  19,   228, -1,  16
735903,20141101,    31,  1,  35,   130, -1,  27
735903,20141101,   149, -1,  12,    66,  1,  10
735903,20141101,   250, -1,  45,    70,  1,  17
735903,20141101,    14, -1,  44,    86,  1,  28
735903,20141101,    32, -1,  45,   164,  1,  31
735903,20141101,    87, -1,  31,   168,  1,  13
735903,20141101,    59, -1,  56,   207,  1,  42
735903,20141101,    78, -1,  35,   219,  1,   7
735903,20141101,   136, -1,  27,   221,  1,  21
735903,20141101,   223,  1,  17,    10, -1,   7
735903,20141101,   146, -1,  31,   225,  1,  28
735903,20141101,   153, -1,  29,   244,  1,  22
735903,20141101,   163,  1,  45,   200, -1,  16
735903,20141101,   226, -1,  44,   243,  1,  17
735903,20141101,    12,  1,  24,   133, -1,  14
735903,20141101,   121,  1,  34,    91, -1,  10
735903,20141101,    20,  1,  34,   141, -1,  20
735903,20141101,    97,  1,  56,    17, -1,   0
735903,20141101,    40, -1,  28,   118,  1,  26
735903,20141101,   229, -1,  35,    81,  1,  14
735903,20141101,     5, -1,  25,    95,  1,  14
735903,20141101,   104,  1,  72,    84, -1,  14
735903,20141101,   116, -1,  35,   156,  1,  28
735903,20141101,    45, -1,  38,   186,  1,  31
735903,20141101,   197,  1,  28,     6, -1,  21
735903,20141101,   211, -1,  37,   147,  1,  29
735903,20141101,   159,  1,  55,    88, -1,  14
735903,20141101,   144,  1,  30,   185, -1,  14
735903,20141101,    58, -1,  41,   208,  1,  10
735903,20141101,    61,  1,  54,   151, -1,   3
735906,20141104,    23, -1,  27,     3,  1,  10
735906,20141104,   214, -1,  30,   101,  1,  20
735907,20141105,   138, -1,  35,    18,  1,  21
735907,20141105,   158,  1,  37,    27, -1,  14
735908,20141106,    41, -1,  34,   241,  1,  20
735908,20141106,    20, -1,  13,   149,  1,   7
735908,20141106,    78, -1,  38,   133,  1,  23
735909,20141107,   229, -1,  20,   250,  1,   3
735909,20141107,    69, -1,  30,    26,  1,  27
735909,20141107,   117, -1,  16,   205,  1,  13
735910,20141108,    53, -1,  31,     7,  1,  28
735910,20141108,     9,  1,  31,   224, -1,  29
735910,20141108,   251, -1,  45,    24,  1,  42
735910,20141108,   181, -1,  35,    35,  1,  27
735910,20141108,    36,  1,  44,    73, -1,  14
735910,20141108,    42, -1,  59,    37,  1,  34
735910,20141108,    38,  1,  31,   249, -1,  13
735910,20141108,   103, -1,  19,    43,  1,  16
735910,20141108,    50, -1,  42,    48,  1,   7
735910,20141108,    25, -1,  20,    57,  1,  17
735910,20141108,    68,  1,  34,   234, -1,  20
735910,20141108,   166, -1,  13,    91,  1,   7
735910,20141108,   179, -1,  32,    92,  1,  17
735910,20141108,    75, -1,  63,   102,  1,  31
735910,20141108,   111,  1,  33,   175, -1,  20
735910,20141108,    77, -1,  56,   142,  1,  23
735910,20141108,   162,  1,  38,    67, -1,  35
735910,20141108,   171,  1,  22,   165, -1,  17
735910,20141108,   240, -1,  20,   176,  1,   0
735910,20141108,    85, -1,  51,   187,  1,  21
735910,20141108,   201,  1,  22,   112, -1,  14
735910,20141108,    98, -1,  27,   202,  1,  24
735910,20141108,   233,  1,  42,   215, -1,  14
735910,20141108,   246,  1,  17,    63, -1,   7
735910,20141108,   159, -1,  49,   122,  1,  37
735910,20141108,   109, -1,  38,    22,  1,  19
735910,20141108,   247, -1,  34,   172,  1,  16
735910,20141108,    56, -1,  27,   203,  1,  10
735910,20141108,    82,  1,  27,   105, -1,  20
735910,20141108,   145, -1,  41,   173,  1,  14
735910,20141108,     6,  1,  26,    95, -1,  10
735910,20141108,    14,  1,  45,   192, -1,  10
735910,20141108,   207, -1,  31,    17,  1,  27
735910,20141108,    34,  1,  44,   104, -1,  41
735910,20141108,    96, -1,  56,    51,  1,   0
735910,20141108,    55, -1,  34,    52,  1,  30
735910,20141108,    58,  1,  48,   135, -1,  26
735910,20141108,    97, -1,  20,    59,  1,   6
735910,20141108,    80,  1,  45,    46, -1,   0
735910,20141108,   217, -1,  31,    83,  1,  24
735910,20141108,    99,  1,  34,    94, -1,  14
735910,20141108,   190, -1,  31,   116,  1,  16
735910,20141108,   123,  1,  51,    93, -1,  14
735910,20141108,   125,  1,  45,   213, -1,  16
735910,20141108,   140,  1,  45,   132, -1,   0
735910,20141108,   152,  1,  31,    64, -1,  10
735910,20141108,   121, -1,  10,   155,  1,   9
735910,20141108,   124,  1,  48,   170, -1,   0
735910,20141108,   174,  1,  17,   227, -1,   7
735910,20141108,   183,  1,  34,   237, -1,  20
735910,20141108,   238, -1,  44,   194,  1,  29
735910,20141108,   188,  1,  76,    84, -1,   7
735910,20141108,   113, -1,  63,   196,  1,  17
735910,20141108,   204,  1,  41,   100, -1,  20
735910,20141108,   209,  1,  33,   245, -1,  16
735910,20141108,    72, -1,  28,   211,  1,  25
735910,20141108,   216,  1,  45,    76, -1,  21
735910,20141108,   218,  1,  38,   191, -1,  28
735910,20141108,   108, -1,  40,   220,  1,  24
735910,20141108,   154,  1,  23,   137, -1,   3
735910,20141108,    65, -1,  34,   232,  1,  10
735910,20141108,   248,  1,  35,   230, -1,  27
735910,20141108,     4, -1,  20,   110,  1,  13
735910,20141108,    19, -1,  48,   160,  1,  14
735910,20141108,   210, -1,  41,    16,  1,  38
735910,20141108,     8, -1,  41,     5,  1,  14
735910,20141108,    10,  1,  38,    44, -1,  20
735910,20141108,    40,  1,  42,    71, -1,  35
735910,20141108,    45,  1,  49,    81, -1,  22
735910,20141108,    87,  1,  30,    31, -1,  28
735910,20141108,    89,  1,  35,   252, -1,  21
735910,20141108,   130,  1,  29,   168, -1,  22
735910,20141108,   141,  1,  47,    79, -1,  13
735910,20141108,   153,  1,  23,   221, -1,  21
735910,20141108,   231,  1,  17,    28, -1,   3
735910,20141108,   163, -1,  51,   228,  1,  27
735910,20141108,    11,  1,  55,   157, -1,  31
735910,20141108,   156, -1,  34,     1,  1,  10
735910,20141108,    61,  1,  36,   129, -1,  26
735910,20141108,   178, -1,  34,    66,  1,  17
735910,20141108,   180, -1,  32,   127,  1,  22
735910,20141108,   243, -1,  39,   164,  1,  32
735910,20141108,    49,  1,  42,   198, -1,  21
735910,20141108,   184,  1,  49,   131, -1,  28
735910,20141108,   185,  1,  35,    86, -1,  21
735910,20141108,     2, -1,  48,   225,  1,  21
735910,20141108,   223, -1,  44,   242,  1,  30
735910,20141108,   169, -1,  51,    12,  1,  23
735910,20141108,    15,  0,  35,    47,  0,  21
735910,20141108,   106,  1,  34,   128, -1,  24
735910,20141108,   182, -1,  40,    90,  1,  19
735910,20141108,    21, -1,  60,   146,  1,  49
735910,20141108,   197,  1,  30,   219, -1,  20
735910,20141108,   107, -1,  44,   147,  1,  16
735910,20141108,    70,  1,  38,   186, -1,  24
735910,20141108,   208,  1,  27,   189, -1,  26
735910,20141108,   244, -1,  24,   151,  1,  12
735913,20141111,    27,  1,  55,     3, -1,  24
735913,20141111,   138,  1,  27,   214, -1,  24
735914,20141112,    23,  1,  30,   101, -1,  20
735914,20141112,   115,  1,  24,    18, -1,  10
735915,20141113,   227,  1,  12,   196, -1,  10
735915,20141113,   226,  1,  38,    32, -1,  30
735915,20141113,    39,  1,  54,    62, -1,  46
735915,20141113,    79,  1,  40,    20, -1,  35
735916,20141114,   222,  1,  31,   218, -1,   7
735917,20141115,    85, -1,  28,    35,  1,  25
735917,20141115,    30,  1,  34,   120, -1,  27
735917,20141115,    42,  1,  52,   128, -1,  21
735917,20141115,    48, -1,  30,    46,  1,  27
735917,20141115,    50,  1,  44,    24, -1,  21
735917,20141115,   235, -1,  17,    56,  1,  16
735917,20141115,   111, -1,  24,    63,  1,  17
735917,20141115,    67,  1,  38,   134, -1,  28
735917,20141115,    69,  1,  52,    74, -1,   7
735917,20141115,    71,  1,  31,   249, -1,  14
735917,20141115,   105,  1,  30,    43, -1,  27
735917,20141115,   112,  1,  38,    51, -1,   7
735917,20141115,   113,  1,  41,   174, -1,  14
735917,20141115,   131,  1,  41,   201, -1,  18
735917,20141115,   139,  1,  52,    72, -1,  19
735917,20141115,   145,  1,  43,    53, -1,  14
735917,20141115,   150,  1,  40,   167, -1,  35
735917,20141115,   142,  1,  42,   241, -1,  13
735917,20141115,    80, -1,  34,   165,  1,  24
735917,20141115,   166,  1,  30,   205, -1,  13
735917,20141115,    98, -1,  55,   175,  1,  20
735917,20141115,   199, -1,  40,   176,  1,   7
735917,20141115,   177,  1,  45,    91, -1,  23
735917,20141115,   181,  1,  14,    25, -1,   7
735917,20141115,   140, -1,  34,   187,  1,   0
735917,20141115,   202,  1,  35,   173, -1,  14
735917,20141115,   206,  1,  50,   102, -1,  16
735917,20141115,   246, -1,  37,   215,  1,  14
735917,20141115,   233,  1,  48,     7, -1,  31
735917,20141115,   240,  1,  23,    57, -1,  13
735917,20141115,   237,  1,  42,   236, -1,  27
735917,20141115,   239,  1,  51,    60, -1,   7
735917,20141115,   251,  1,  44,   171, -1,  30
735917,20141115,    68, -1,  30,   119,  1,  26
735917,20141115,    75,  1,  34,    16, -1,   7
735917,20141115,   193, -1,  23,    65,  1,  20
735917,20141115,    77,  1,  28,    41, -1,   6
735917,20141115,    26, -1,  31,    82,  1,  24
735917,20141115,     4,  1,  25,   125, -1,  20
735917,20141115,     9, -1,  37,    14,  1,  32
735917,20141115,    52, -1,  21,    28,  1,  14
735917,20141115,   183, -1,  20,    40,  1,  17
735917,20141115,    59,  1,  43,   135, -1,  36
735917,20141115,    93, -1,  30,    88,  1,  14
735917,20141115,    96,  1,  45,    33, -1,  19
735917,20141115,   204, -1,  34,    99,  1,  30
735917,20141115,   132,  1,  24,   178, -1,  21
735917,20141115,   209, -1,  28,   161,  1,   7
735917,20141115,   195, -1,  14,   191,  1,  13
735917,20141115,   192,  1,  24,   211, -1,  20
735917,20141115,    89, -1,  45,   194,  1,  26
735917,20141115,   188,  1,  28,   116, -1,   9
735917,20141115,   154, -1,  40,   180,  1,  21
735917,20141115,   117, -1,  38,   217,  1,   7
735917,20141115,   248,  1,  52,    15, -1,  24
735917,20141115,   247,  1,  59,   143, -1,  24
735917,20141115,   126, -1,  34,   210,  1,  27
735917,20141115,   160, -1,  42,   212,  1,  30
735917,20141115,   159, -1,  31,   123,  1,  24
735917,20141115,    13,  1,  17,   110, -1,   0
735917,20141115,   170, -1,  14,    73,  1,   7
735917,20141115,     2,  1,  45,   144, -1,  38
735917,20141115,   169, -1,  38,     5,  1,  35
735917,20141115,    29,  1,  42,   225, -1,  23
735917,20141115,    21,  1,  38,   185, -1,  29
735917,20141115,    66, -1,  41,    54,  1,   7
735917,20141115,   130,  1,  44,    87, -1,  39
735917,20141115,   141, -1,  19,   149,  1,  14
735917,20141115,   189,  1,  42,    17, -1,   7
735917,20141115,   230,  1,  35,   152, -1,  17
735917,20141115,   229,  1,  28,   146, -1,  21
735917,20141115,    92, -1,  27,   252,  1,  24
735917,20141115,    10,  1,  27,   242, -1,  26
735917,20141115,   221, -1,  48,    31,  1,  35
735917,20141115,     6, -1,  37,    78,  1,  23
735917,20141115,   216, -1,  34,    86,  1,  17
735917,20141115,   137, -1,  45,   127,  1,  10
735917,20141115,    49,  1,  48,   168, -1,  41
735917,20141115,   184,  1,  32,   231, -1,  27
735917,20141115,    81, -1,  13,   186,  1,   0
735917,20141115,   179,  1,  59,   238, -1,  24
735917,20141115,   228, -1,  20,   200,  1,  17
735917,20141115,    95, -1,  15,   219,  1,  10
735917,20141115,   244,  1,  34,   136, -1,  21
735917,20141115,   164,  1,  35,    11, -1,  27
735917,20141115,   129, -1,  35,   198,  1,  17
735917,20141115,    36, -1,  38,   106,  1,  36
735917,20141115,   155, -1,  43,   157,  1,  40
735917,20141115,   182, -1,  76,    84,  1,   0
735917,20141115,    97,  1,  27,    58, -1,  20
735917,20141115,     1, -1,  37,   190,  1,  35
735917,20141115,     8,  1,  56,    12, -1,   6
735917,20141115,   104,  1,  31,    90, -1,  20
735917,20141115,   107, -1,  34,   224,  1,  27
735917,20141115,   156,  1,  48,   148, -1,  21
735917,20141115,   197,  1,  44,   133, -1,  13
735917,20141115,   122, -1,  37,   114,  1,  15
735917,20141115,    38, -1,  38,   208,  1,  17
735917,20141115,   151,  1,  30,   153, -1,  28
735920,20141118,     3,  1,  30,   115, -1,   6
735920,20141118,   138, -1,  21,   158,  1,  14
735921,20141119,   214,  1,  27,    23, -1,  20
735922,20141120,   100, -1,  26,   245,  1,  20
735922,20141120,   188, -1,  62,   148,  1,   3
735922,20141120,   150, -1,  45,    56,  1,  20
735922,20141120,   211,  1,  45,    14, -1,  27
735923,20141121,   174,  1,  31,   230, -1,  13
735923,20141121,    61, -1,  56,   168,  1,  34
735923,20141121,   185,  1,  30,     2, -1,  14
735923,20141121,   229,  1,  41,   186, -1,   7
735924,20141122,     7,  1,  27,   202, -1,  17
735924,20141122,    15,  1,  42,    69, -1,  31
735924,20141122,    18,  1,  45,    60, -1,  30
735924,20141122,    20,  0,  18,    66,  0,  17
735924,20141122,    24,  1,  41,    46, -1,   7
735924,20141122,   240, -1,  23,    25,  1,  20
735924,20141122,    43, -1,  21,    26,  1,   6
735924,20141122,   239, -1,  32,    30,  1,  20
735924,20141122,    37,  1,  52,   131, -1,  14
735924,20141122,    41,  1,  28,    76, -1,   0
735924,20141122,   106, -1,  15,    42,  1,  14
735924,20141122,    39, -1,  41,    47,  1,   0
735924,20141122,   165, -1,  34,    48,  1,  26
735924,20141122,   233, -1,  35,    53,  1,  28
735924,20141122,    57,  1,  22,   176, -1,   0
735924,20141122,    62,  1,  34,   217, -1,   6
735924,20141122,    65,  1,  52,    59, -1,   3
735924,20141122,    68,  1,  20,    22, -1,  17
735924,20141122,    38, -1,  45,    71,  1,  19
735924,20141122,    74,  1,  21,    82, -1,  16
735924,20141122,    75,  1,  55,    36, -1,   9
735924,20141122,    80,  1,  31,   251, -1,  24
735924,20141122,    98,  1,  59,    63, -1,  27
735924,20141122,   145, -1,  20,   111,  1,  12
735924,20141122,   114, -1,  23,   121,  1,  16
735924,20141122,   122,  1,  45,   177, -1,   3
735924,20141122,   128,  1,  31,    73, -1,  15
735924,20141122,   159,  1,  42,    91, -1,  27
735924,20141122,   162,  1,  30,   108, -1,  27
735924,20141122,   167,  1,  30,   203, -1,   7
735924,20141122,    50, -1,  41,   171,  1,  10
735924,20141122,   155, -1,  38,   172,  1,  14
735924,20141122,    35, -1,  22,   199,  1,  17
735924,20141122,   193,  1,  37,   192, -1,  12
735924,20141122,   178,  1,  30,   149, -1,  20
735924,20141122,   222,  1,  53,   191, -1,   7
735924,20141122,   234,  1,  30,   119, -1,  13
735924,20141122,   241,  1,   6,   235, -1,   3
735924,20141122,   175, -1,  34,   246,  1,  20
735924,20141122,   126, -1,  29,   206,  1,  21
735924,20141122,   173,  1,  13,   215, -1,   7
735924,20141122,     4,  1,  48,   237, -1,  14
735924,20141122,    13,  1,  30,   124, -1,   0
735924,20141122,    16,  1,  31,   183, -1,   7
735924,20141122,   208, -1,  41,    17,  1,  15
735924,20141122,    52,  1,  19,    33, -1,  14
735924,20141122,   213, -1,  37,    58,  1,  16
735924,20141122,    83,  1,  38,   218, -1,  28
735924,20141122,    85,  1,  30,    79, -1,  29
735924,20141122,    88,  1,  16,   166, -1,  14
735924,20141122,   212, -1,  34,    94,  1,  31
735924,20141122,     9, -1,  35,   107,  1,  16
735924,20141122,   104, -1,  27,   116,  1,  24
735924,20141122,   117,  1,  31,   195, -1,  20
735924,20141122,   134,  1,  35,    64, -1,  34
735924,20141122,   132,  1,  69,    54, -1,   7
735924,20141122,   123, -1,  28,   143,  1,  24
735924,20141122,   137,  1,  38,   252, -1,  14
735924,20141122,   152,  1,  17,    67, -1,  14
735924,20141122,   160,  1,  44,    99, -1,   7
735924,20141122,   182,  1,  38,    34, -1,  31
735924,20141122,    55, -1,  27,   201,  1,  15
735924,20141122,   113, -1,  23,   220,  1,  18
735924,20141122,   154,  1,  38,   127, -1,  24
735924,20141122,   248,  1,  45,   227, -1,   7
735924,20141122,    19,  1,  49,   161, -1,  28
735924,20141122,   247, -1,  26,    93,  1,  24
735924,20141122,   125,  1,  51,   232, -1,   0
735924,20141122,    40, -1,  45,   236,  1,  25
735924,20141122,   249,  1,  34,   118, -1,   6
735924,20141122,    11,  1,  52,   243, -1,  31
735924,20141122,    29,  1,  64,   187, -1,   0
735924,20141122,    45,  1,  58,   146, -1,  20
735924,20141122,    87,  1,  46,   244, -1,  28
735924,20141122,    89,  1,  44,   180, -1,  29
735924,20141122,   129,  1,  34,   130, -1,   7
735924,20141122,   207, -1,  48,   135,  1,  33
735924,20141122,   141,  1,  21,   140, -1,  14
735924,20141122,   198, -1,  22,   153,  1,  14
735924,20141122,    97, -1,  49,   189,  1,  30
735924,20141122,    10, -1,  42,   228,  1,  10
735924,20141122,   231,  1,  27,    51, -1,  13
735924,20141122,   238,  1,  34,    92, -1,  20
735924,20141122,    21, -1,  63,   250,  1,  14
735924,20141122,    95, -1,  34,     8,  1,  31
735924,20141122,    70, -1,  40,   144,  1,  20
735924,20141122,   163,  1,  44,    44, -1,  10
735924,20141122,   179,  1,  37,   194, -1,  14
735924,20141122,    49, -1,  41,   221,  1,  30
735924,20141122,   242,  1,  37,   164, -1,  13
735924,20141122,   200, -1,  38,    32,  1,  17
735924,20141122,   223,  1,  38,   226, -1,  20
735924,20141122,    12,  1,  20,     5, -1,  19
735924,20141122,   103,  0,  27,   105,  0,   7
735924,20141122,   109, -1,  31,   157,  1,  28
735924,20141122,   190,  1,  27,   156, -1,  24
735924,20141122,    81,  1,  37,   225, -1,  35
735924,20141122,    31, -1,  34,   184,  1,   3
735924,20141122,   224, -1,  30,   147,  1,  17
735924,20141122,   151, -1,  33,   136,  1,  14
735927,20141125,   158, -1,  24,   120,  1,  21
735929,20141127,   204, -1,  48,   209,  1,  10
735929,20141127,   110, -1,  23,   210,  1,  17
735930,20141128,   101,  1,  27,     3, -1,  24
735930,20141128,    18, -1,  41,    23,  1,  24
735930,20141128,   214, -1,  52,    60,  1,  16
735930,20141128,   248, -1,  67,   113,  1,  66
735930,20141128,    27, -1,  41,   115,  1,  21
735930,20141128,   235,  1,  24,   234, -1,  20
735930,20141128,   138, -1,  31,   239,  1,  21
735930,20141128,   222, -1,  16,   195,  1,   0
735930,20141128,   143, -1,  37,    93,  1,  34
735930,20141128,    83, -1,  35,   191,  1,   9
735930,20141128,   139, -1,  42,   192,  1,  40
735930,20141128,    62, -1,  49,   218,  1,  32
735930,20141128,    10,  1,  42,    11, -1,  35
735930,20141128,   200, -1,  31,   223,  1,  10
735930,20141128,     2,  1,  27,    45, -1,  24
735930,20141128,   126,  1,  21,    13, -1,  14
735931,20141129,     9,  1,  45,    86, -1,  28
735931,20141129,    22,  1,  28,   203, -1,   7
735931,20141129,    56,  1,  41,   241, -1,  21
735931,20141129,   162, -1,  31,    64,  1,  28
735931,20141129,    68,  1,  24,    65, -1,  19
735931,20141129,    77, -1,  30,    75,  1,  24
735931,20141129,   211, -1,  54,    76,  1,  31
735931,20141129,    91,  1,  23,   172, -1,  16
735931,20141129,   109,  1,  44,   102, -1,  40
735931,20141129,   177, -1,  41,   114,  1,  38
735931,20141129,   167, -1,  35,   119,  1,  23
735931,20141129,   142, -1,  35,   150,  1,   7
735931,20141129,   159,  1,  42,   121, -1,  28
735931,20141129,    39, -1,  14,   205,  1,   6
735931,20141129,   122, -1,  34,   166,  1,  10
735931,20141129,    41,  1,  35,   193, -1,  17
735931,20141129,    14,  1,  68,   147, -1,  35
735931,20141129,    19,  0,  48,   212,  0,  46
735931,20141129,   245, -1,  37,    94,  1,  24
735931,20141129,   100,  1,  51,    99, -1,  13
735931,20141129,   108,  1,  76,   174, -1,  31
735931,20141129,   117,  1,  41,    47, -1,  10
735931,20141129,    88, -1,  47,   155,  1,  33
735931,20141129,   124,  1,  31,   125, -1,  17
735931,20141129,   220, -1,  45,   196,  1,  24
735931,20141129,   107, -1,  42,   216,  1,  23
735931,20141129,   227,  1,  34,   152, -1,  27
735931,20141129,   206, -1,  24,   232,  1,  17
735931,20141129,   247,  1,  34,   123, -1,  24
735931,20141129,     4,  1,  55,    16, -1,  44
735931,20141129,    21,  1,  50,   229, -1,  19
735931,20141129,   228, -1,  38,    44,  1,  34
735931,20141129,   146,  1,  36,   250, -1,  30
735931,20141129,   230,  1,  24,   134, -1,  21
735931,20141129,   197,  0,  52,    78,  0,  45
735931,20141129,    29, -1,  42,    32,  1,  35
735931,20141129,    70,  1,  28,    81, -1,  21
735931,20141129,   144, -1,  49,   225,  1,  27
735931,20141129,   163, -1,  47,   164,  1,  19
735931,20141129,   226,  1,  49,   157, -1,  14
735931,20141129,   242, -1,  31,   243,  1,  13
735931,20141129,   185,  1,  38,   186, -1,   7
735931,20141129,    72,  1,  22,   224, -1,  16
735931,20141129,    92, -1,  36,    59,  1,  16
735931,20141129,    69,  1,  44,   181, -1,  22
735931,20141129,   106, -1,  26,    98,  1,  21
735931,20141129,   129,  1,  52,   184, -1,  14
735931,20141129,   175,  1,  46,   132, -1,  24
735931,20141129,   154,  1,  44,   190, -1,  10
735931,20141129,   182,  1,  21,   188, -1,  17
735931,20141129,   179, -1,  47,   130,  1,  40
735936,20141204,   222, -1,  32,    62,  1,  30
735937,20141205,   138,  0,  51,    23,  0,  17
735937,20141205,   163,  0,  51,    10,  0,  13
735938,20141206,    39,  1,  38,    83, -1,  31
735938,20141206,   191, -1,  27,    47,  1,  20
735938,20141206,    19,  1,  38,   100, -1,  27
735938,20141206,   204,  1,  55,    94, -1,   3
735938,20141206,   205, -1,  10,   217,  1,   3
735938,20141206,   161, -1,  38,   160,  1,  35
735938,20141206,     4,  0,  42,   126,  0,  13
735938,20141206,    21,  1,  28,    70, -1,  14
735938,20141206,    38,  1,  35,    92, -1,  14
735938,20141206,    42,  1,  36,   175, -1,  15
735938,20141206,    61,  1,  37,   129, -1,  20
735938,20141206,    68,  0,  37,    77,  0,  35
735938,20141206,    89,  1,  41,   154, -1,  21
735938,20141206,   182, -1,  37,    97,  1,  26
735938,20141206,   113,  1,  26,   108, -1,  23
735938,20141206,   145,  1,  44,    69, -1,  19
735938,20141206,   137,  1,  27,   179, -1,  24
735938,20141206,   159,  0,  59,   247,  0,   0
735938,20141206,     8,  0,  38,   197,  0,  24
735938,20141206,   233,  1,  29,   106, -1,  22
735944,20141212,   145,  1,  35,    38, -1,  30
735945,20141213,   139,  0,  17,    15,  0,  10
735945,20141213,   137,  1,  39,    42, -1,  32
735945,20141213,    89, -1,  59,    61,  1,  46
735945,20141213,   182, -1,  34,   233,  1,  31
735951,20141219,   137,  1,  35,   182, -1,   3
735952,20141220,   107,  0,  16,   144,  0,   3
735952,20141220,   229,  0,  21,   230,  0,   6
735952,20141220,   228,  0,  45,    45,  0,  10
735952,20141220,     2,  0,  38,   239,  0,  24
735952,20141220,    23,  0,  33,   192,  0,  28
735952,20141220,    89, -1,  21,   145,  1,  18
735954,20141222,   117,  0,  55,    29,  0,  48
735955,20141223,   113,  0,  52,   138,  0,  23
735955,20141223,   139, -1,  17,   185,  1,  16
735956,20141224,   248,  0,  49,    30,  0,  48
735956,20141224,   174,  0,  30,    70,  0,   6
735958,20141226,   108,  0,  35,    88,  0,  18
735958,20141226,   177,  0,  40,   150,  0,  21
735958,20141226,   142,  0,  34,   222,  0,  27
735959,20141227,   235,  0,  33,    39,  0,  17
735959,20141227,    11,  0,  36,    56,  0,  31
735959,20141227,   193,  0,  24,   119,  0,  21
735959,20141227,   166,  0,  31,    22,  0,  30
735959,20141227,   226,  0,  45,   143,  0,  42
735961,20141229,   210,  0,  45,   245,  0,  37
735961,20141229,    41,  0,  40,   160,  0,   6
735961,20141229,    13,  0,  31,   209,  0,   7
735962,20141230,   157,  0,  31,   110,  0,  28
735962,20141230,    75,  0,  37,   109,  0,  14
735962,20141230,   200,  0,  45,   114,  0,  21
735963,20141231,   204,  0,  42,   124,  0,   3
735963,20141231,    21,  0,  38,    10,  0,  30
735963,20141231,    77,  0,  49,   125,  0,  34
735964,20150101,   163,  0,  59,    68,  0,  20
735964,20150101,   159,  0,  42,     4,  0,  35
735964,20150101,   247,  0,  34,    16,  0,  31
735964,20150101,   122,  0,  42,    19,  0,  41
735964,20150101,   126,  0,  33,   123,  0,  17
735965,20150102,    83,  0,  35,   167,  0,  34
735965,20150102,   206,  0,  45,    93,  0,  28
735965,20150102,   223,  0,  40,   100,  0,  35
735965,20150102,   161,  0,  30,   242,  0,  22
735966,20150103,    65,  0,  28,    62,  0,  20
735967,20150104,   214,  0,  63,    14,  0,  44
735973,20150110,   137,  0,  29,    89,  0,  27
735975,20150112,   159,  0,  42,   163,  0,  20
