734836,20111130,     6,  1,  77,     7, -1,  70
734837,20111201,     1,  1,  78,    10, -1,  64
734837,20111201,     8,  1,  84,     2, -1,  76
734837,20111201,     4,  1,  83,     3, -1,  64
734837,20111201,     5, -1,  72,    12,  1,  69
734837,20111201,    11, -1,  75,     9,  1,  71
734839,20111203,     4,  1,  87,     2, -1,  85
734839,20111203,    11,  1,  73,    10, -1,  69
734839,20111203,     8,  1,  73,     1, -1,  62
734839,20111203,     5,  1,  86,     7, -1,  65
734839,20111203,    12,  1,  82,     3, -1,  63
734841,20111205,     6, -1,  80,    10,  1,  72
734872,20120105,     7,  1,  77,     3, -1,  45
734872,20120105,     2,  1,  78,    11, -1,  62
734872,20120105,     5, -1,  92,    10,  1,  63
734872,20120105,     8, -1,  69,     6,  1,  63
734872,20120105,    12,  1,  75,     4, -1,  58
734872,20120105,     1, -1,  68,     9,  1,  63
734874,20120107,     5,  1,  96,     8, -1,  74
734874,20120107,     4, -1,  66,     7,  1,  43
734874,20120107,    11,  1,  67,    12, -1,  57
734874,20120107,     2,  1,  65,     1, -1,  63
734874,20120107,     3,  1,  73,     9, -1,  62
734879,20120112,     8,  1,  58,     9, -1,  53
734879,20120112,     5,  1,  88,    11, -1,  67
734879,20120112,     2,  1,  51,    12, -1,  48
734879,20120112,     1,  1,  56,     7, -1,  50
734879,20120112,    10, -1,  73,     4,  1,  66
734879,20120112,     6, -1,  70,     3,  1,  55
734881,20120114,     5, -1,  83,     1,  1,  79
734881,20120114,     7, -1,  58,    11,  1,  55
734881,20120114,     4,  1,  63,     6, -1,  44
734881,20120114,     9,  1,  81,     2, -1,  70
734881,20120114,    12,  1,  88,     8, -1,  63
734881,20120114,    10, -1,  67,     3,  1,  66
734886,20120119,     7,  1,  64,     8, -1,  54
734886,20120119,     5,  1,  87,     4, -1,  69
734886,20120119,    10,  1,  81,     2, -1,  72
734886,20120119,    12,  1,  73,     1, -1,  61
734886,20120119,     9, -1,  86,     6,  1,  80
734888,20120121,     1,  1,  84,    11, -1,  72
734888,20120121,    12, -1,  79,     7,  1,  72
734888,20120121,     6,  1,  88,     2, -1,  87
734888,20120121,     5,  1,  80,     3, -1,  51
734888,20120121,     8,  1,  64,     4, -1,  58
734889,20120122,    10,  1,  61,     9, -1,  60
734890,20120123,     8,  1,  78,     3, -1,  72
734893,20120126,     6, -1,  71,    11,  1,  63
734893,20120126,     5, -1,  64,     2,  1,  63
734893,20120126,     7, -1,  69,     4,  1,  63
734893,20120126,    10,  1,  77,     1, -1,  73
734893,20120126,    12, -1,  62,     3,  1,  55
734893,20120126,     9,  1,  57,     8, -1,  55
734895,20120128,    12, -1,  68,     4,  1,  59
734895,20120128,     1,  1,  81,     6, -1,  66
734895,20120128,    10,  1,  89,    11, -1,  86
734895,20120128,     9,  1,  77,     5, -1,  74
734895,20120128,     7, -1,  67,     3,  1,  58
734895,20120128,     8, -1,  75,     2,  1,  72
734897,20120130,    12,  1,  82,    11, -1,  56
734897,20120130,     4, -1,  68,     9,  1,  52
734899,20120201,     5, -1,  71,     7,  1,  53
734900,20120202,     9, -1,  53,     1,  1,  52
734900,20120202,    11,  1,  82,     2, -1,  76
734900,20120202,     6,  1,  99,     4, -1,  98
734900,20120202,    10,  1,  82,     3, -1,  71
734902,20120204,     8, -1,  68,    11,  1,  65
734902,20120204,     4, -1,  74,     1,  1,  62
734902,20120204,     9, -1,  66,    12,  1,  61
734902,20120204,     5,  1,  88,     2, -1,  61
734902,20120204,     7,  1,  93,    10, -1,  85
734902,20120204,     6,  1,  71,     3, -1,  66
734904,20120206,     5,  1,  76,    12, -1,  54
734904,20120206,     6,  1,  82,     1, -1,  59
734904,20120206,     8,  1,  64,     7, -1,  57
734907,20120209,     4,  1,  62,    11, -1,  58
734907,20120209,     1, -1,  79,     7,  1,  69
734907,20120209,     2,  1,  83,     6, -1,  75
734907,20120209,     8,  1,  63,    12, -1,  49
734907,20120209,     5, -1,  77,     3,  1,  66
734907,20120209,    10, -1,  71,     9,  1,  69
734909,20120211,     4,  1,  86,     5, -1,  78
734909,20120211,    12, -1,  66,     1,  1,  64
734909,20120211,     7,  1,  80,    11, -1,  66
734909,20120211,     9,  1,  87,     6, -1,  78
734909,20120211,     8, -1,  73,     3,  1,  72
734909,20120211,    10, -1,  77,     2,  1,  76
734913,20120215,     5,  1,  81,     9, -1,  54
734913,20120215,     1,  1,  79,     2, -1,  70
734913,20120215,    12,  1,  72,     6, -1,  59
734913,20120215,    10,  1,  78,     4, -1,  63
734914,20120216,    11,  1,  70,     3, -1,  53
734916,20120218,     9,  1,  55,     7, -1,  49
734916,20120218,    11, -1,  78,     6,  1,  76
734916,20120218,     3, -1,  48,     2,  1,  46
734916,20120218,     8,  1,  83,    10, -1,  69
734919,20120221,    12, -1,  68,    10,  1,  56
734920,20120222,     3,  1,  62,     1, -1,  51
734921,20120223,     7,  1,  65,     2, -1,  55
734921,20120223,     5,  1,  66,     6, -1,  45
734921,20120223,    11,  1,  79,     9, -1,  77
734921,20120223,     4,  1,  58,     8, -1,  53
734923,20120225,    11,  1,  83,     1, -1,  75
734923,20120225,    12,  1,  67,     7, -1,  52
734923,20120225,     5, -1,  71,     8,  1,  54
734923,20120225,     6,  1,  93,    10, -1,  79
734923,20120225,     4, -1,  55,     3,  1,  47
734923,20120225,     2,  1,  86,     9, -1,  78
734929,20120302,     1,  0,  93,     4,  0,  81
734929,20120302,    11,  0,  68,     3,  0,  56
734929,20120302,     7,  0,  75,     9,  0,  66
734929,20120302,     8,  0,  76,     2,  0,  70
734930,20120303,    10,  0,  65,     1,  0,  55
734930,20120303,    11,  0,  82,    12,  0,  59
734930,20120303,     5,  0,  73,     7,  0,  54
734930,20120303,     6,  0,  65,     8,  0,  58
734931,20120304,    11,  0,  82,    10,  0,  77
734931,20120304,     5,  0,  83,     6,  0,  67
734932,20120305,     5,  0,  93,    11,  0,  91
