736692,20161229,     4, -1,  81,     2,  1,  72
736692,20161229,     5, -1,  96,     3,  1,  84
736692,20161229,     6, -1,  99,     8,  1,  76
736692,20161229,    14, -1,  96,     7,  1,  89
736692,20161229,    12, -1,  73,    13,  1,  63
736697,20170103,     2, -1,  82,    12,  1,  78
736697,20170103,     4,  1,  70,     8, -1,  63
736697,20170103,     1, -1,  68,     9,  1,  58
736697,20170103,     6,  1, 100,    13, -1,  58
736698,20170104,    14,  1,  80,     3, -1,  61
736698,20170104,    11, -1,  67,     5,  1,  61
736698,20170104,     7, -1,  88,    10,  1,  77
736701,20170107,    11,  1,  79,    13, -1,  68
736701,20170107,     5,  1,  71,    10, -1,  66
736701,20170107,     9, -1,  95,     7,  1,  78
736701,20170107,     4,  1,  83,    12, -1,  70
736701,20170107,     8, -1,  88,     3,  1,  85
736701,20170107,     1,  1,  59,    14, -1,  56
736701,20170107,     6,  1,  97,     2, -1,  71
736704,20170110,     3, -1,  77,    10,  1,  72
736704,20170110,     6, -1,  87,    14,  1,  81
736704,20170110,     4, -1,  80,     1,  1,  67
736704,20170110,     9, -1,  84,     2,  1,  78
736705,20170111,    11, -1,  70,    12,  1,  60
736705,20170111,     5, -1,  69,     8,  1,  47
736705,20170111,    13,  1,  92,     7, -1,  62
736708,20170114,     4,  1,  80,     5, -1,  76
736708,20170114,     9,  1,  67,    13, -1,  59
736708,20170114,     1, -1,  81,     7,  1,  66
736708,20170114,     6,  1,  92,     3, -1,  72
736708,20170114,     2,  1,  92,    10, -1,  73
736708,20170114,    11,  1,  67,     8, -1,  56
736708,20170114,    12, -1,  87,    14,  1,  75
736711,20170117,     2, -1,  62,    13,  1,  60
736711,20170117,     6, -1,  88,     9,  1,  81
736711,20170117,     5,  1,  76,    14, -1,  68
736711,20170117,     8,  1,  80,    12, -1,  69
736712,20170118,    11,  1,  57,     4, -1,  53
736712,20170118,     1,  1,  68,    10, -1,  56
736712,20170118,     3,  1,  78,     7, -1,  74
736715,20170121,     6,  1,  85,    11, -1,  69
736715,20170121,    14, -1,  68,     4,  1,  66
736715,20170121,    13,  1,  63,     5, -1,  62
736715,20170121,     8, -1,  75,    10,  1,  71
736715,20170121,     3,  1,  84,     1, -1,  64
736715,20170121,    12,  1,  91,     9, -1,  74
736715,20170121,     2,  1,  99,     7, -1,  86
736718,20170124,    11,  1,  98,     3, -1,  69
736718,20170124,     2, -1,  71,    14,  1,  70
736718,20170124,    12,  1,  82,     6, -1,  80
736719,20170125,     9,  1,  89,    10, -1,  74
736719,20170125,    13, -1,  80,     8,  1,  76
736719,20170125,     1, -1,  80,     5,  1,  60
736719,20170125,     4, -1, 106,     7,  1,  71
736722,20170128,     1,  1,  71,     9, -1,  62
736722,20170128,    11, -1,  63,    10,  1,  53
736725,20170131,     8,  1,  88,     9, -1,  61
736725,20170131,    12, -1,  87,     3,  1,  77
736725,20170131,     6,  1,  90,     5, -1,  81
736725,20170131,    14, -1,  68,    13,  1,  54
736726,20170201,     2,  1,  87,     1, -1,  68
736726,20170201,    11, -1,  88,     7,  1,  63
736727,20170202,     4,  1,  93,    10, -1,  54
736729,20170204,     4,  1,  88,     6, -1,  66
736729,20170204,    11,  1,  77,     5, -1,  75
736729,20170204,     8, -1,  81,    14,  1,  74
736729,20170204,     9,  1,  64,    12, -1,  59
736729,20170204,    10,  1,  83,     2, -1,  78
736729,20170204,     3, -1,  82,     1,  1,  77
736729,20170204,    13, -1,  85,     7,  1,  73
736732,20170207,     1, -1,  90,    11,  1,  86
736732,20170207,     4, -1,  72,     5,  1,  60
736732,20170207,     6,  1,  92,     7, -1,  85
736732,20170207,    14, -1,  72,     2,  1,  59
736732,20170207,     3,  1,  98,     9, -1,  92
736733,20170208,    12,  1,  75,     8, -1,  66
736733,20170208,    13,  1,  76,    10, -1,  73
736736,20170211,     4,  1,  71,    13, -1,  62
736736,20170211,     6, -1,  67,     1,  1,  58
736736,20170211,    10,  1,  72,    14, -1,  52
736736,20170211,     5, -1,  76,    12,  1,  75
736736,20170211,     8,  1,  90,     3, -1,  84
736736,20170211,    11, -1,  77,     9,  1,  73
736736,20170211,     2, -1,  78,     7,  1,  70
736739,20170214,     4, -1, 114,     3,  1,  95
736739,20170214,     6,  1,  83,    12, -1,  58
736739,20170214,     5,  1,  79,     9, -1,  72
736739,20170214,     8,  1,  96,     7, -1,  76
736740,20170215,     2, -1,  83,    11,  1,  76
736740,20170215,     1, -1,  57,    10,  1,  54
736741,20170216,    14,  1,  72,    13, -1,  67
736743,20170218,     6, -1,  82,     5,  1,  77
736743,20170218,    12,  1,  90,    10, -1,  70
736743,20170218,     4, -1,  57,     9,  1,  52
736743,20170218,     1,  1,  90,     7, -1,  72
736743,20170218,    13,  1,  81,     3, -1,  62
736743,20170218,     2,  1,  98,     8, -1,  80
736743,20170218,    14,  1,  71,    11, -1,  62
736746,20170221,     3, -1,  98,     7,  1,  75
736746,20170221,     4,  1,  81,    11, -1,  66
736746,20170221,     6, -1,  72,    10,  1,  62
736746,20170221,     8, -1,  87,     9,  1,  82
736747,20170222,     2,  1,  86,    13, -1,  77
736747,20170222,    14, -1,  67,    12,  1,  56
736748,20170223,     5, -1,  60,     1,  1,  55
736750,20170225,    13,  1,  56,     1, -1,  53
736750,20170225,    11,  1,  82,    12, -1,  55
736750,20170225,     6,  1,  76,     4, -1,  66
736750,20170225,     8,  1,  80,    10, -1,  77
736750,20170225,    14,  1,  77,     9, -1,  48
736750,20170225,     5,  1,  82,     7, -1,  80
736750,20170225,     2, -1,  79,     3,  1,  68
736753,20170228,    11,  1,  63,     9, -1,  57
736753,20170228,    13, -1,  60,    10,  1,  43
736753,20170228,     6,  1,  73,    14, -1,  67
736754,20170301,     5,  1,  79,     3, -1,  78
736754,20170301,     4,  1,  78,     2, -1,  65
736754,20170301,     7,  1,  92,    12, -1,  82
736754,20170301,     1,  1,  70,     8, -1,  55
736757,20170304,     6, -1,  71,    13,  1,  63
736757,20170304,    12,  1,  59,     1, -1,  54
736757,20170304,     2,  1,  85,     5, -1,  67
736757,20170304,    14,  1,  73,     4, -1,  71
736757,20170304,     3,  1,  89,    10, -1,  78
736757,20170304,     9,  1,  88,     7, -1,  76
736757,20170304,     8,  1,  75,    11, -1,  70
736761,20170308,     9,  0,  79,     7,  0,  52
736761,20170308,    10,  0,  86,     3,  0,  83
736762,20170309,     5,  0,  59,    12,  0,  57
736762,20170309,    14,  0,  66,    13,  0,  41
736762,20170309,     1,  0,  75,     9,  0,  55
736762,20170309,     8,  0,  86,    10,  0,  74
736763,20170310,     6,  0,  71,     5,  0,  60
736763,20170310,     1,  0,  64,    11,  0,  53
736763,20170310,    14,  0,  72,     4,  0,  62
736763,20170310,     2,  0,  73,     8,  0,  72
736764,20170311,     6,  0,  79,     1,  0,  74
736764,20170311,     2,  0,  76,    14,  0,  62
736765,20170312,     6,  0,  82,     2,  0,  65
736779,20170326,    11,  0,  77,     4,  0,  70
