728896,19950826,    47,  1,  18,   100, -1,  17
728897,19950827,    65,  0,  38,    12,  0,   6
728901,19950831,    10, -1,  17,    46,  1,  15
728901,19950831,    34,  1,  36,    64, -1,  21
728901,19950831,    40, -1,  28,    13,  1,  21
728901,19950831,    56, -1,  64,    67,  1,  21
728901,19950831,    80,  1,  45,    53, -1,  13
728903,19950902,     1,  1,  38,    14, -1,  12
728903,19950902,     3, -1,  33,    99,  1,  25
728903,19950902,     4,  1,  41,    70, -1,   9
728903,19950902,     7,  1,  21,    97, -1,  17
728903,19950902,     9,  1,  46,    50, -1,  13
728903,19950902,    11, -1,  37,    91,  1,   5
728903,19950902,    19, -1,  43,   107,  1,   7
728903,19950902,    22, -1,  49,     2,  1,  29
728903,19950902,    24,  1,  45,    30, -1,  21
728903,19950902,    25,  0,  70,    21,  0,  26
728903,19950902,    26,  1,  31,    93, -1,  17
728903,19950902,    27,  1,  42,    79, -1,  23
728903,19950902,    35,  1,  23,    17, -1,  18
728903,19950902,    36,  1,  34,    84, -1,   7
728903,19950902,    41, -1,  13,    38,  1,  10
728903,19950902,    43, -1,  29,    90,  1,  10
728903,19950902,    47, -1,  38,    31,  1,  14
728903,19950902,    51,  1,  28,    44, -1,  18
728903,19950902,    52,  1,  28,    61, -1,   7
728903,19950902,    57,  1,  38,    39, -1,  14
728903,19950902,    59,  1,  45,    98, -1,  17
728903,19950902,    62, -1,  17,    63,  1,  15
728903,19950902,    68, -1,  27,    96,  1,  20
728903,19950902,    72,  1,  17,   105, -1,  13
728903,19950902,    73, -1,  26,   106,  1,  24
728903,19950902,    74,  1,  38,    94, -1,   0
728903,19950902,    76,  1,  33,    16, -1,   9
728903,19950902,    78,  1,  17,     6, -1,  14
728903,19950902,    81, -1,  47,    77,  1,  33
728903,19950902,    82, -1,  20,    60,  1,   9
728903,19950902,    85,  1,  27,    23, -1,   7
728903,19950902,    86, -1,  38,    29,  1,  17
728903,19950902,    87,  1,  33,    42, -1,  17
728903,19950902,    92,  1,  31,    45, -1,   8
728903,19950902,   104,  1,  23,     5, -1,  20
728908,19950907,     4,  1,  20,    28, -1,  19
728908,19950907,    12, -1,  20,   101,  1,  14
728910,19950909,     1,  1,  34,   108, -1,  10
728910,19950909,     3,  1,  24,    80, -1,  20
728910,19950909,     5,  1,  45,    98, -1,  20
728910,19950909,     6,  1,  51,    79, -1,  21
728910,19950909,    13, -1,  17,    52,  1,  10
728910,19950909,    19,  1,  42,    20, -1,  14
728910,19950909,    21,  1,  24,    75, -1,  14
728910,19950909,    23, -1,  27,    82,  1,  24
728910,19950909,    24, -1,  42,    38,  1,   7
728910,19950909,    25, -1,  45,    18,  1,  26
728910,19950909,    26, -1,  25,    16,  1,  24
728910,19950909,    32,  1,  24,   102, -1,  10
728910,19950909,    35, -1,  27,    61,  1,  10
728910,19950909,    36, -1,  23,    17,  1,  21
728910,19950909,    42, -1,  34,    51,  1,  16
728910,19950909,    40, -1,  19,    30,  1,   7
728910,19950909,    41, -1,  34,    53,  1,  21
728910,19950909,    43,  1,  32,    60, -1,  18
728910,19950909,    46, -1,  39,    37,  1,   0
728910,19950909,    47,  1,  24,    44, -1,   7
728910,19950909,    54, -1,  33,    78,  1,   2
728910,19950909,    56, -1,  50,    48,  1,  10
728910,19950909,    57, -1,  45,    59,  1,  24
728910,19950909,    94,  1,  28,     7, -1,  23
728910,19950909,    63, -1,  35,    73,  1,  28
728910,19950909,    66,  1,  38,    76, -1,  22
728910,19950909,    68,  1,  34,    31, -1,  31
728910,19950909,    70,  1,  23,    69, -1,  10
728910,19950909,    71,  1,  24,    88, -1,  23
728910,19950909,    72,  1,  66,    22, -1,  30
728910,19950909,    95,  1,  45,    77, -1,   7
728910,19950909,    81, -1,  27,    96,  1,  20
728910,19950909,    85,  1,  30,    27, -1,  27
728910,19950909,    83,  1,  27,    34, -1,  10
728910,19950909,    90,  1,  35,   103, -1,   9
728910,19950909,    91,  1,  24,    67, -1,  23
728910,19950909,    92, -1,  23,    14,  1,   9
728910,19950909,   100, -1,  29,    55,  1,  24
728910,19950909,   106,  1,  24,    84, -1,  13
728915,19950914,    35,  1,  38,    83, -1,  20
728915,19950914,    89, -1,  31,   102,  1,  21
728917,19950916,     6, -1,  20,     3,  1,  19
728917,19950916,    13,  1,  50,     2, -1,  12
728917,19950916,    14,  1,  31,    76, -1,  19
728917,19950916,    17, -1,  16,   101,  1,   0
728917,19950916,    18, -1,  29,   103,  1,  14
728917,19950916,    19,  1,  66,    93, -1,  14
728917,19950916,    20, -1,  27,     1,  1,  20
728917,19950916,    21, -1,  23,     8,  1,  21
728917,19950916,    23,  1,  30,    15, -1,  17
728917,19950916,    22,  1,  51,    94, -1,   6
728917,19950916,    24,  1,  62,    85, -1,  37
728917,19950916,    25,  1,  77,    55, -1,  17
728917,19950916,    26,  1,  56,    70, -1,  24
728917,19950916,    27,  1,  40,    59, -1,  13
728917,19950916,    31,  1,   9,     4, -1,   7
728917,19950916,    33, -1,  27,    34,  1,  10
728917,19950916,    37, -1,  28,    64,  1,  28
728917,19950916,    38, -1,  17,    32,  1,  10
728917,19950916,    42,  1,  12,     9, -1,   6
728917,19950916,    43,  1,  31,   106, -1,  17
728917,19950916,    44,  1,  33,    39, -1,  19
728917,19950916,    46, -1,  30,    62,  1,  28
728917,19950916,    47, -1,  23,    12,  1,  13
728917,19950916,    48, -1,  30,    41,  1,   7
728917,19950916,    49,  1,  31,    10, -1,   7
728917,19950916,    51, -1,  30,    11,  1,  21
728917,19950916,    56,  1,  77,     5, -1,  28
728917,19950916,    61,  1,  30,    69, -1,  27
728917,19950916,    53, -1,  18,    77,  1,  17
728917,19950916,    63,  1,  41,    99, -1,   0
728917,19950916,    65,  1,  30,   104, -1,  20
728917,19950916,    66,  1,  24,    78, -1,  10
728917,19950916,    68, -1,  38,    92,  1,  31
728917,19950916,    71,  1,  66,    84, -1,  14
728917,19950916,    75,  1,  27,    54, -1,  17
728917,19950916,    79,  1,  68,    40, -1,  21
728917,19950916,    95,  1,  45,    30, -1,  10
728917,19950916,    80, -1,  24,    97,  1,  21
728917,19950916,    86,  1,  38,    72, -1,  27
728917,19950916,    87,  1,  52,    91, -1,   9
728917,19950916,    88,  1,  41,    52, -1,  14
728917,19950916,    90, -1,  17,    74,  1,  15
728917,19950916,    96, -1,  36,    58,  1,   9
728917,19950916,   100,  1,  41,    28, -1,  14
728917,19950916,   107, -1,  24,    81,  1,  24
728917,19950916,   108,  1,  52,    29, -1,   6
728922,19950921,    60, -1,  17,    41,  1,  10
728924,19950923,     5,  1,  20,    69, -1,  11
728924,19950923,     6,  1,  27,    44, -1,  20
728924,19950923,    10,  1,  10,   102, -1,   0
728924,19950923,    11, -1,  14,    55,  1,   0
728924,19950923,    16,  1,  40,    77, -1,   7
728924,19950923,    15,  1,  22,    13, -1,  16
728924,19950923,    19,  1,  29,    87, -1,  21
728924,19950923,    22,  1,  31,    64, -1,  20
728924,19950923,    29,  1,  42,    98, -1,  21
728924,19950923,    31,  1,   7,    23, -1,   0
728924,19950923,    32,  1,  27,    80, -1,  26
728924,19950923,    34,  1,  57,    94, -1,  30
728924,19950923,    35,  1,  20,    30, -1,  13
728924,19950923,    36,  1,  67,     2, -1,   0
728924,19950923,    38, -1,  35,    79,  1,  30
728924,19950923,    42,  1,  52,    74, -1,   7
728924,19950923,    40,  1,  28,     7, -1,  25
728924,19950923,    43,  1,  41,    21, -1,  28
728924,19950923,    46,  1,  23,    17, -1,  16
728924,19950923,    48, -1,  35,    73,  1,  35
728924,19950923,    50,  1,  18,    27, -1,  10
728924,19950923,    52,  1,  31,    93, -1,  22
728924,19950923,    56,  1,  49,    70, -1,   7
728924,19950923,    58,  1,  36,    59, -1,  24
728924,19950923,    53,  1,  25,    39, -1,  24
728924,19950923,    62,  1,  30,     1, -1,   6
728924,19950923,    63,  1,  55,    86, -1,  27
728924,19950923,    65, -1,  54,    72,  1,  14
728924,19950923,    66,  1,  51,    61, -1,  10
728924,19950923,    71, -1,  59,    75,  1,  34
728924,19950923,    95, -1,  31,     4,  1,  10
728924,19950923,    81, -1,  28,    68,  1,  21
728924,19950923,    82,  1,  27,    49, -1,  17
728924,19950923,    85,  1,  52,    51, -1,  14
728924,19950923,    83, -1,  16,    99,  1,   3
728924,19950923,    89, -1,  49,    57,  1,  35
728924,19950923,    96,  1,  25,    26, -1,  21
728924,19950923,   100, -1,  22,    18,  1,   3
728924,19950923,   101,  1,  13,    45, -1,   7
728924,19950923,   103, -1,  30,    54,  1,   7
728924,19950923,   104,  1,  21,     8, -1,  13
728924,19950923,   105,  1,  24,    92, -1,  15
728924,19950923,   106,  1,  45,    37, -1,   6
728924,19950923,   107,  1,  42,    78, -1,   0
728924,19950923,   108,  1,  45,    67, -1,  25
728929,19950928,    28,  1,  31,    43, -1,   3
728929,19950928,    76,  1,  30,    57, -1,  27
728931,19950930,     1, -1,  27,    58,  1,  24
728931,19950930,     2,  1,  16,    15, -1,  13
728931,19950930,     3, -1,  31,    27,  1,   0
728931,19950930,     4,  1,  20,    16, -1,  15
728931,19950930,     6, -1,  35,    99,  1,   7
728931,19950930,     9, -1,  42,    38,  1,  21
728931,19950930,    11,  1,   9,    88, -1,   7
728931,19950930,    13, -1,  37,    84,  1,  31
728931,19950930,    14, -1,  28,    20,  1,  21
728931,19950930,    18, -1,  43,    55,  1,  22
728931,19950930,    19, -1,  38,    66,  1,  17
728931,19950930,    23,  1,  23,   106, -1,  20
728931,19950930,    24,  1,  28,    50, -1,  10
728931,19950930,    29, -1,  58,    94,  1,  30
728931,19950930,    33,  1,  59,    59, -1,  21
728931,19950930,    36,  1,  44,    53, -1,   0
728931,19950930,    42, -1,  20,    79,  1,  20
728931,19950930,    40,  1,  27,    91, -1,  23
728931,19950930,    41, -1,  17,    44,  1,   7
728931,19950930,    47,  1,  38,    46, -1,  19
728931,19950930,    48,  1,  25,    12, -1,  21
728931,19950930,    49,  1,  55,     7, -1,   7
728931,19950930,    54, -1,  30,    21,  1,   9
728931,19950930,    56,  1,  35,   105, -1,  21
728931,19950930,    60,  1,  62,    64, -1,   0
728931,19950930,    93, -1,  34,    51,  1,  32
728931,19950930,    62,  1,  31,    32, -1,   7
728931,19950930,    65,  1,  45,    63, -1,  26
728931,19950930,    73,  1,  35,    10, -1,  13
728931,19950930,    74, -1,  21,     8,  1,  21
728931,19950930,    77,  1,  32,    97, -1,  30
728931,19950930,    95,  1,  31,     5, -1,   0
728931,19950930,    80,  1,  45,    90, -1,   0
728931,19950930,    82, -1,  27,    75,  1,  17
728931,19950930,    85,  1,  31,    67, -1,   0
728931,19950930,    86, -1,  35,    78,  1,  10
728931,19950930,    89, -1,  45,    17,  1,  31
728931,19950930,    92,  1,  45,    26, -1,  21
728931,19950930,    96, -1,  34,    98,  1,  21
728931,19950930,   100,  1,  35,   103, -1,  17
728931,19950930,   101, -1,  26,    72,  1,  16
728931,19950930,   104, -1,  26,    69,  1,  16
728931,19950930,   102, -1,  52,    37,  1,   6
728931,19950930,   107, -1,  17,    71,  1,   9
728938,19951007,     3,  1,  27,    55, -1,  11
728938,19951007,     9,  1,  48,    51, -1,  20
728938,19951007,    12,  1,  17,    72, -1,   0
728938,19951007,    17,  1,  13,    23, -1,  10
728938,19951007,    20, -1,  59,    97,  1,  17
728938,19951007,    22,  1,  34,    15, -1,  24
728938,19951007,    24, -1,  28,    42,  1,  10
728938,19951007,    25,  1,  41,    45, -1,  17
728938,19951007,    26,  1,  51,    58, -1,  34
728938,19951007,    27, -1,  19,    18,  1,  17
728938,19951007,    28, -1,  37,    21,  1,  21
728938,19951007,    31, -1,  17,    32,  1,  10
728938,19951007,    33, -1,  21,    48,  1,   7
728938,19951007,    35, -1,  40,    19,  1,  24
728938,19951007,    36,  1,  30,    52, -1,   0
728938,19951007,    43, -1,   9,   103,  1,   6
728938,19951007,    46, -1,  21,    13,  1,   0
728938,19951007,    49,  1,  39,    73, -1,  38
728938,19951007,    50,  1,  20,    90, -1,  17
728938,19951007,    57,  1,  56,    61, -1,  24
728938,19951007,    59,  1,  48,    40, -1,  13
728938,19951007,    60,  1,  22,   100, -1,  17
728938,19951007,    53,  1,  62,    94, -1,  14
728938,19951007,    62, -1,  19,    47,  1,  13
728938,19951007,    63, -1,  29,   104,  1,  21
728938,19951007,    65, -1,  28,    71,  1,  25
728938,19951007,    66, -1,  39,    34,  1,  26
728938,19951007,    68,  1,  45,    70, -1,   7
728938,19951007,    76, -1,  24,    96,  1,  21
728938,19951007,    79,  1,  77,    37, -1,  14
728938,19951007,    95, -1,  26,    16,  1,  16
728938,19951007,    80,  1,  25,    41, -1,  21
728938,19951007,    39, -1,  33,     7,  1,   9
728938,19951007,    81, -1,  30,     5,  1,  28
728938,19951007,    82,  1,  31,    84, -1,  14
728938,19951007,    85, -1,  49,     6,  1,  31
728938,19951007,    86,  1,  37,    74, -1,  13
728938,19951007,    83,  1,  31,    30, -1,  21
728938,19951007,    88,  1,  14,    87, -1,   7
728938,19951007,    89,  1,  17,    10, -1,  14
728938,19951007,    91,  1,  35,   108, -1,   6
728938,19951007,   101, -1,  14,    54,  1,   0
728938,19951007,   105,  1,  40,    69, -1,  14
728938,19951007,   102,  1,   7,     2, -1,   3
728939,19951008,     1,  1,  56,    98, -1,  46
728945,19951014,     1, -1,  30,    54,  1,  20
728945,19951014,     5,  1,  29,    14, -1,  21
728945,19951014,     6,  0,  13,    50,  0,   6
728945,19951014,    10,  1,  30,    13, -1,  10
728945,19951014,    11, -1,  47,    30,  1,   7
728945,19951014,    17,  1,  16,    80, -1,  13
728945,19951014,    20, -1,  19,    96,  1,  14
728945,19951014,    24, -1,  49,     9,  1,  38
728945,19951014,    25,  1,  72,   103, -1,  13
728945,19951014,    27, -1,  17,    99,  1,   6
728945,19951014,    28,  1,  27,    60, -1,  25
728945,19951014,    33,  1,  22,    32, -1,  13
728945,19951014,    35,  1,  34,    34, -1,   7
728945,19951014,    36, -1,  23,    67,  1,  17
728945,19951014,    38,  1,  24,    42, -1,  16
728945,19951014,    44, -1,  23,    90,  1,   8
728945,19951014,    45,  1,  56,    75, -1,  21
728945,19951014,    48, -1,  27,    31,  1,  21
728945,19951014,    56,  1,  57,    52, -1,   0
728945,19951014,    57,  1,  59,    93, -1,  35
728945,19951014,    58,  1,  24,    29, -1,  10
728945,19951014,    62, -1,  27,    49,  1,  17
728945,19951014,    63,  0,  28,     8,  0,  27
728945,19951014,    65, -1,  27,   107,  1,  16
728945,19951014,    68, -1,  52,    16,  1,  30
728945,19951014,    70,  1,  47,    40, -1,  41
728945,19951014,    71, -1,  26,    73,  1,  23
728945,19951014,    76,  1,  48,    26, -1,  24
728945,19951014,    77,  1,  52,    94, -1,  14
728945,19951014,    79, -1,  65,    51,  1,  39
728945,19951014,    95,  1,  26,   105, -1,  14
728945,19951014,    39,  1,  43,    59, -1,  26
728945,19951014,    82,  1,  52,    22, -1,  24
728945,19951014,    84,  1,  29,    72, -1,  27
728945,19951014,    85, -1,  41,     3,  1,  14
728945,19951014,    86,  0,  24,    66,  0,  24
728945,19951014,    87,  1,  20,    78, -1,  17
728945,19951014,    83, -1,  33,    74,  1,  28
728945,19951014,    88,  1,  63,     7, -1,  25
728945,19951014,    89, -1,  28,    46,  1,  28
728945,19951014,    91, -1,  38,    98,  1,  28
728945,19951014,    92,  1,  17,     4, -1,  10
728945,19951014,    97,  1,  42,    53, -1,   7
728945,19951014,   100,  1,  44,    21, -1,  30
728945,19951014,   101,  1,  77,     2, -1,  27
728945,19951014,   104, -1,  38,    81,  1,  28
728945,19951014,   106, -1,  31,    12,  1,  19
728945,19951014,   102, -1,  34,    64,  1,  17
728945,19951014,   108,  1,  27,    41, -1,  20
728952,19951021,     3, -1,  23,    50,  1,   9
728952,19951021,     8, -1,  49,    12,  1,   7
728952,19951021,     9,  1,  34,   102, -1,  13
728952,19951021,    14,  1,  23,   108, -1,  20
728952,19951021,    16, -1,  13,    69,  1,  12
728952,19951021,    15,  1,  27,    37, -1,  16
728952,19951021,    17,  1,  28,    44, -1,   3
728952,19951021,    18, -1,  17,    43,  1,   0
728952,19951021,    19, -1,  50,    34,  1,  28
728952,19951021,    23,  1,  32,    84, -1,  22
728952,19951021,    22, -1,  40,    10,  1,  35
728952,19951021,    25,  1,  42,    28, -1,  10
728952,19951021,    27,  1,  12,    38, -1,   3
728952,19951021,    30,  1,  38,    78, -1,  15
728952,19951021,    35, -1,  38,    66,  1,  17
728952,19951021,    42,  1,  49,    61, -1,   7
728952,19951021,    45, -1,  17,    72,  1,  16
728952,19951021,    47, -1,  34,    32,  1,  17
728952,19951021,    48,  1,  34,    49, -1,  31
728952,19951021,    56,  1,  49,    36, -1,  25
728952,19951021,    57, -1,  49,    40,  1,  45
728952,19951021,    58, -1,  22,    20,  1,  14
728952,19951021,    60,  1,  31,   103, -1,   7
728952,19951021,    55, -1,  41,    21,  1,  38
728952,19951021,    62,  1,  35,   107, -1,   0
728952,19951021,    63,  1,  38,    95, -1,  10
728952,19951021,    64, -1,  29,     2,  1,  23
728952,19951021,    65,  1,  28,    73, -1,   0
728952,19951021,    67, -1,  30,    52,  1,  26
728952,19951021,    68,  1,  26,   105, -1,   7
728952,19951021,    71, -1,  41,    33,  1,  27
728952,19951021,    76,  1,  49,    77, -1,  20
728952,19951021,    79,  1,  52,    99, -1,  14
728952,19951021,    39,  1,  45,    70, -1,   3
728952,19951021,    82,  1,  22,   106, -1,   0
728952,19951021,    86,  1,  17,   100, -1,  16
728952,19951021,    87, -1,  24,    11,  1,   9
728952,19951021,    83,  1,  16,    90, -1,  11
728952,19951021,    88,  1,  31,    74, -1,  26
728952,19951021,    89, -1,  35,    13,  1,  16
728952,19951021,    92, -1,  42,    81,  1,  28
728952,19951021,    96,  1,  22,     1, -1,  21
728952,19951021,    97, -1,  27,    59,  1,  14
728952,19951021,   101, -1,  45,    75,  1,  17
728952,19951021,   104, -1,  31,     4,  1,  17
728959,19951028,     1, -1,  31,    26,  1,  20
728959,19951028,     2,  1,  14,    37, -1,   6
728959,19951028,     3,  1,  38,    61, -1,  19
728959,19951028,     4, -1,  24,   105,  1,  14
728959,19951028,     5, -1,  35,    68,  1,  24
728959,19951028,     6,  1,  30,     9, -1,  28
728959,19951028,    10, -1,   6,    64,  1,   3
728959,19951028,    11,  1,  27,    83, -1,  24
728959,19951028,    14,  1,  45,    29, -1,   7
728959,19951028,    17, -1,  55,    53,  1,  19
728959,19951028,    18, -1,  24,    28,  1,   3
728959,19951028,    20, -1,  31,   108,  1,  24
728959,19951028,    21,  1,  42,   103, -1,  26
728959,19951028,    23, -1,  36,    80,  1,  34
728959,19951028,    24, -1,  52,    27,  1,  17
728959,19951028,    34,  1,  38,    67, -1,  14
728959,19951028,    36,  1,  41,    35, -1,   7
728959,19951028,    41,  1,  31,    43, -1,   0
728959,19951028,    44,  1,  10,    91, -1,   7
728959,19951028,    45,  1,  36,    84, -1,  12
728959,19951028,    46, -1,  17,    15,  1,  13
728959,19951028,    47,  1,  52,    49, -1,  17
728959,19951028,    50,  1,  21,    99, -1,  10
728959,19951028,    51,  1,  42,    38, -1,  32
728959,19951028,    56, -1,  44,    19,  1,  21
728959,19951028,    57,  1,  55,    94, -1,  32
728959,19951028,    62, -1,  17,    31,  1,  14
728959,19951028,    63,  1,  20,    12, -1,  10
728959,19951028,    65,  1,  56,    33, -1,  35
728959,19951028,    66, -1,  13,    52,  1,   9
728959,19951028,    70, -1,  32,    77,  1,  30
728959,19951028,    71,  1,  45,    32, -1,  21
728959,19951028,    74, -1,  34,    78,  1,  24
728959,19951028,    75,  1,  42,    72, -1,  24
728959,19951028,    76, -1,  45,    98,  1,  16
728959,19951028,    95, -1,  21,   104,  1,  21
728959,19951028,    39, -1,  32,    90,  1,  28
728959,19951028,    81,  1,  24,    69, -1,   3
728959,19951028,    85,  1,  56,    79, -1,  21
728959,19951028,    87,  1,  31,    30, -1,   7
728959,19951028,    88, -1,  34,    58,  1,   7
728959,19951028,    89,  1,  34,    22, -1,  28
728959,19951028,    92,  1,  33,    16, -1,  16
728959,19951028,    96,  1,  40,    97, -1,  20
728959,19951028,   101, -1,  27,   106,  1,   0
728959,19951028,   102,  1,  17,    13, -1,   0
728959,19951028,   107,  1,  45,    48, -1,  14
728964,19951102,   100,  1,  33,    25, -1,  28
728966,19951104,     3,  1,  10,    42, -1,   3
728966,19951104,     4, -1,  14,    69,  1,   9
728966,19951104,     5,  1,  37,    92, -1,  33
728966,19951104,     6,  1,  26,    51, -1,  21
728966,19951104,     7,  1,  21,    77, -1,   7
728966,19951104,     9,  1,  38,    93, -1,  14
728966,19951104,    10, -1,  28,    37,  1,  13
728966,19951104,    12, -1,  10,    84,  1,   9
728966,19951104,    13,  1,  33,    64, -1,   7
728966,19951104,    14,  1,  45,    91, -1,  35
728966,19951104,    16,  1,  27,   105, -1,  11
728966,19951104,    18,  1,  17,    60, -1,  10
728966,19951104,    19, -1,  45,    67,  1,  32
728966,19951104,    20,  1,  56,    98, -1,  10
728966,19951104,    23, -1,  31,     8,  1,  25
728966,19951104,    24,  1,  58,    53, -1,  20
728966,19951104,    28, -1,  24,   103,  1,  23
728966,19951104,    29,  1,  42,    26, -1,  37
728966,19951104,    31, -1,  26,    33,  1,   7
728966,19951104,    35,  1,  42,    52, -1,  23
728966,19951104,    36,  1,  49,    66, -1,  10
728966,19951104,    41,  1,  34,    90, -1,  14
728966,19951104,    43, -1,  30,    55,  1,  13
728966,19951104,    45,  1,  35,    11, -1,  14
728966,19951104,    46,  1,  39,    22, -1,  23
728966,19951104,    48,  1,  28,    47, -1,  25
728966,19951104,    50, -1,  34,    44,  1,   3
728966,19951104,    56,  1,  73,    34, -1,  14
728966,19951104,    57, -1,  30,    97,  1,  25
728966,19951104,    94,  1,  34,    61, -1,  24
728966,19951104,    59, -1,  39,    70,  1,  37
728966,19951104,    62,  1,  21,    71, -1,  10
728966,19951104,    63,  1,  35,    54, -1,  17
728966,19951104,    65, -1,  49,    49,  1,  21
728966,19951104,    68, -1,  24,   104,  1,  22
728966,19951104,    73,  1,  38,   107, -1,  27
728966,19951104,    76,  1,  38,    58, -1,  29
728966,19951104,    95,  1,  31,    81, -1,  30
728966,19951104,    39,  1,  40,    40, -1,  33
728966,19951104,    85,  1,  42,    80, -1,   0
728966,19951104,    86,  1,  48,    88, -1,   7
728966,19951104,    83,  1,  19,    78, -1,  16
728966,19951104,    89, -1,  19,    15,  1,   7
728966,19951104,    96, -1,  30,   108,  1,  24
728966,19951104,    99,  1,  14,    38, -1,  10
728966,19951104,   101,  1,  31,    82, -1,   7
728966,19951104,   106,  1,  59,    75, -1,  26
728971,19951109,    87, -1,  17,    74,  1,  10
728973,19951111,     1,  1,  38,     8, -1,  20
728973,19951111,     3,  1,  14,    51, -1,   9
728973,19951111,     5, -1,  38,    16,  1,  29
728973,19951111,     6,  1,  24,    39, -1,  13
728973,19951111,     7, -1,  28,    53,  1,  21
728973,19951111,     9, -1,  37,    27,  1,  31
728973,19951111,    10,  1,  24,    15, -1,  16
728973,19951111,    11, -1,  48,    78,  1,   7
728973,19951111,    13, -1,  26,    37,  1,  15
728973,19951111,    14, -1,  31,    58,  1,  14
728973,19951111,    18,  1,  34,    21, -1,  17
728973,19951111,    19,  1,  21,    52, -1,   0
728973,19951111,    20,  1,  22,    29, -1,   0
728973,19951111,    23,  1,  28,    91, -1,   7
728973,19951111,    24, -1,  63,    79,  1,   7
728973,19951111,    25, -1,  28,    60,  1,  12
728973,19951111,    26,  1,  47,    98, -1,  14
728973,19951111,    28,  1,  27,    55, -1,  19
728973,19951111,    36, -1,  49,    34,  1,   7
728973,19951111,    38,  1,  33,    17, -1,  14
728973,19951111,    42,  1,  38,    50, -1,   9
728973,19951111,    41,  1,  39,    93, -1,   0
728973,19951111,    45, -1,  17,    12,  1,  14
728973,19951111,    46, -1,  30,    64,  1,   2
728973,19951111,    47,  1,   5,    73, -1,   0
728973,19951111,    48, -1,  31,    32,  1,  13
728973,19951111,    56, -1,  41,    35,  1,   3
728973,19951111,    57, -1,  45,    70,  1,  29
728973,19951111,    62,  1,  31,    33, -1,  20
728973,19951111,    65,  1,  41,    31, -1,   3
728973,19951111,    67, -1,  12,    66,  1,   0
728973,19951111,    68, -1,  17,     4,  1,  13
728973,19951111,    75, -1,  45,    90,  1,  40
728973,19951111,    77, -1,  38,    59,  1,  37
728973,19951111,    95, -1,  28,    69,  1,  10
728973,19951111,    80, -1,  17,    44,  1,   9
728973,19951111,    81, -1,  36,   105,  1,  24
728973,19951111,    82, -1,  42,    72,  1,  10
728973,19951111,    86, -1,  52,    30,  1,  20
728973,19951111,    88,  1,  27,    83, -1,   6
728973,19951111,    89,  1,  41,     2, -1,   7
728973,19951111,    97, -1,  42,    94,  1,   0
728973,19951111,    99,  1,  29,    40, -1,   6
728973,19951111,   100, -1,  21,    43,  1,  18
728973,19951111,   101,  0,  38,    84,  0,  16
728973,19951111,   104, -1,  38,    92,  1,  14
728973,19951111,   102, -1,  23,    22,  1,  13
728973,19951111,   107, -1,  34,    49,  1,  27
728973,19951111,   108, -1,  34,    76,  1,  31
728980,19951118,     9,  1,  31,     3, -1,  27
728980,19951118,    11,  1,  34,    74, -1,   6
728980,19951118,    17, -1,  24,    91,  1,   5
728980,19951118,    18, -1,  38,    79,  1,  17
728980,19951118,    19, -1,  27,    36,  1,  17
728980,19951118,    23,  1,  31,    44, -1,  17
728980,19951118,    22, -1,  40,    37,  1,   7
728980,19951118,    24,  1,  38,    99, -1,   7
728980,19951118,    25,  1,  59,    43, -1,  17
728980,19951118,    31,  1,  48,    49, -1,  14
728980,19951118,    33, -1,  33,   107,  1,  20
728980,19951118,    35, -1,  22,    67,  1,  17
728980,19951118,    42,  1,  28,     6, -1,   0
728980,19951118,    40,  1,  59,    53, -1,  14
728980,19951118,    41,  1,  57,    61, -1,  14
728980,19951118,    45,  1,  17,   106, -1,  12
728980,19951118,    46,  1,  65,     2, -1,   0
728980,19951118,    52,  1,  45,    34, -1,  31
728980,19951118,    54,  1,  35,    90, -1,   7
728980,19951118,    57,  1,  45,    77, -1,  28
728980,19951118,    59, -1,  58,    94,  1,  34
728980,19951118,    60,  1,  28,    21, -1,  24
728980,19951118,    55, -1,  52,   103,  1,  23
728980,19951118,    62, -1,  23,    73,  1,   8
728980,19951118,    63, -1,  44,     1,  1,  14
728980,19951118,    65,  1,  42,    32, -1,   3
728980,19951118,    68,  1,  12,    69, -1,  10
728980,19951118,    71,  1,  27,    47, -1,  17
728980,19951118,    75, -1,  23,    84,  1,  20
728980,19951118,    76, -1,  49,    29,  1,  10
728980,19951118,    80, -1,  35,    39,  1,  32
728980,19951118,    81,  1,  29,    16, -1,  24
728980,19951118,    82,  1,  58,    12, -1,  29
728980,19951118,    85, -1,  34,    38,  1,  31
728980,19951118,    86,  1,  27,    83, -1,  19
728980,19951118,    88, -1,  45,    78,  1,  14
728980,19951118,    98,  1,  17,    58, -1,  12
728980,19951118,    89,  1,  31,    64, -1,  20
728980,19951118,    92, -1,  24,    95,  1,  20
728980,19951118,    96, -1,  34,    14,  1,  17
728980,19951118,    97,  1,  38,    70, -1,  22
728980,19951118,   101, -1,  36,   100,  1,  29
728980,19951118,   104,  1,  33,   105, -1,  30
728980,19951118,   102,  1,  48,    15, -1,  31
728980,19951118,   108,  1,  38,    26, -1,  10
728985,19951123,    27, -1,  18,    28,  1,  17
728985,19951123,    86,  1,  21,    11, -1,  13
728986,19951124,     4, -1,  31,     5,  1,  28
728986,19951124,    12, -1,  41,    75,  1,  38
728986,19951124,    56,  1,  37,    66, -1,   0
728986,19951124,    60, -1,  30,    55,  1,  28
728986,19951124,    73, -1,  51,    32,  1,  14
728986,19951124,   106,  1,  21,    72, -1,   0
728987,19951125,     1, -1,  45,    29,  1,  28
728987,19951125,    14, -1,  45,    26,  1,  28
728987,19951125,    20, -1,  24,    76,  1,  13
728987,19951125,    24,  1,  35,    25, -1,  24
728987,19951125,    31, -1,   3,   107,  1,   3
728987,19951125,    33,  1,  45,    49, -1,   3
728987,19951125,    45,  1,  35,    82, -1,  24
728987,19951125,    47,  1,  31,    65, -1,  23
728987,19951125,    50, -1,  13,    51,  1,  10
728987,19951125,    71, -1,  24,    48,  1,  20
728987,19951125,    85,  1,  12,    99, -1,   7
728987,19951125,    87, -1,  38,    83,  1,   6
728987,19951125,    88, -1,  38,    30,  1,  26
728987,19951125,   108, -1,  42,    98,  1,  19
728994,19951202,     8,  0,  14,    54,  0,  13
728994,19951202,    24,  0,  34,     6,  0,   3
728994,19951202,    30, -1,  18,    74,  1,  17
728994,19951202,    67, -1,  24,    29,  1,  20
728994,19951202,    86, -1,  16,    87,  1,   6
729006,19951214,    89,  0,  40,    57,  0,  37
729017,19951225,    35,  0,  51,    92,  0,  30
729019,19951227,    88,  0,  55,     1,  0,  41
729020,19951228,    87,  0,  22,    47,  0,  20
729021,19951229,    33,  0,  38,   104,  0,  18
729021,19951229,    36,  0,  54,    20,  0,  21
729021,19951229,    42,  0,  45,    48,  0,  26
729022,19951230,    23,  0,  19,    81,  0,  13
729022,19951230,    60,  0,  20,     6,  0,  10
729022,19951230,   100,  0,  34,    27,  0,  27
729023,19951231,   101,  0,  28,    86,  0,  10
729024,19960101,    19,  0,  38,    68,  0,   6
729024,19960101,    25,  0,  31,    63,  0,  26
729024,19960101,    71,  0,  43,     9,  0,  14
729024,19960101,    95,  1,  41,    62, -1,  32
729024,19960101,    82,  0,  41,    18,  0,   0
729024,19960101,    85,  0,  20,    65,  0,  14
729025,19960102,    56,  0,  62,    24,  0,  24
