730359,19990828,    27,  1,  41,    43, -1,   7
730359,19990828,    60, -1,  23,    90,  1,  20
730359,19990828,    68,  1,  48,    38, -1,  13
730359,19990828,    75,  1,  41,     4, -1,   7
730360,19990829,    49,  0,  23,    70,  0,  12
730364,19990902,    47, -1,   6,    88,  1,   0
730364,19990902,    52,  1,  27,    73, -1,  20
730364,19990902,   100, -1,  26,    66,  1,   3
730364,19990902,    86, -1,  35,    93,  1,  12
730366,19990904,     3, -1,  28,   105,  1,  17
730366,19990904,     6, -1,  26,    82,  1,   0
730366,19990904,    13,  1,  30,    11, -1,  29
730366,19990904,    18,  1,  21,    79, -1,   7
730366,19990904,    19,  1,  41,    40, -1,   3
730366,19990904,    22,  0,  41,    21,  0,  14
730366,19990904,    25,  0,  30,   112,  0,  23
730366,19990904,    26,  1,  55,   108, -1,  26
730366,19990904,    29,  1,  38,   103, -1,   7
730366,19990904,    30, -1,  49,    59,  1,  14
730366,19990904,    32,  1,  28,    78, -1,   3
730366,19990904,    34,  1,  41,     7, -1,   3
730366,19990904,    35,  1,  21,    10, -1,   9
730366,19990904,    45,  1,  29,    81, -1,  21
730366,19990904,    44, -1,  56,    41,  1,  28
730366,19990904,    46, -1,  13,    20,  1,  10
730366,19990904,    50, -1,  28,    67,  1,   3
730366,19990904,    51,  1,  26,    68, -1,  22
730366,19990904,    53,  1,  33,    69, -1,   7
730366,19990904,    54, -1,   3,    48,  1,   0
730366,19990904,    55,  1,  40,    57, -1,   7
730366,19990904,    56,  1,  31,    96, -1,  28
730366,19990904,    61, -1,  42,    36,  1,   7
730366,19990904,    60,  1,  10,    83, -1,   0
730366,19990904,    72,  1,  24,    42, -1,   7
730366,19990904,    74, -1,  28,    62,  1,  13
730366,19990904,    75,  1,  70,     2, -1,  24
730366,19990904,    76,  1,  30,    14, -1,  10
730366,19990904,    77, -1,  47,    97,  1,  13
730366,19990904,   101, -1,  62,    31,  1,   7
730366,19990904,    89,  1,  42,   114, -1,  17
730366,19990904,    90,  1,  69,    85, -1,  17
730366,19990904,    91,  0,  37,    43,  0,  17
730366,19990904,   104,  1,  13,    63, -1,  10
730366,19990904,    98,  1,  38,    12, -1,   7
730366,19990904,   102, -1,  27,   111,  1,   7
730366,19990904,   106, -1,  20,    65,  1,  17
730367,19990905,     4, -1,  35,    87,  1,  31
730368,19990906,     5,  1,  31,    92, -1,  13
730368,19990906,    84,  1,  48,    94, -1,  14
730371,19990909,    16,  1,  35,   110, -1,  28
730373,19990911,     2, -1,  17,    15,  1,  10
730373,19990911,     3,  1,  37,    32, -1,  10
730373,19990911,     4,  1,  34,    57, -1,  19
730373,19990911,     9,  1,  30,    33, -1,  23
730373,19990911,    20,  1,  33,   106, -1,  14
730373,19990911,    21,  1,  63,    81, -1,  35
730373,19990911,    22,  1,  38,    62, -1,  33
730373,19990911,    25,  1,  27,    23, -1,   9
730373,19990911,    26,  1,  58,    97, -1,  27
730373,19990911,    27,  1,  41,    30, -1,  35
730373,19990911,    29,  1,  24,    83, -1,   9
730373,19990911,    34,  1,  38,    80, -1,  10
730373,19990911,    37,  1,  17,    36, -1,  10
730373,19990911,    39,  1,  40,    88, -1,   0
730373,19990911,    45,  1,  52,    66, -1,   0
730373,19990911,    51,  1,  37,    78, -1,   3
730373,19990911,    52,  1,  51,    24, -1,   7
730373,19990911,    53,  1,  35,    99, -1,   0
730373,19990911,    54,  1,  38,     7, -1,  14
730373,19990911,    55,  1,  13,    48, -1,  10
730373,19990911,    59, -1,  48,    40,  1,  28
730373,19990911,    61,  1,  45,    18, -1,   0
730373,19990911,   100, -1,  27,    11,  1,  24
730373,19990911,    64, -1,  35,    63,  1,  28
730373,19990911,    65, -1,  42,    35,  1,  30
730373,19990911,    67,  1,  17,    87, -1,   7
730373,19990911,    70,  1,  42,    98, -1,  20
730373,19990911,    72,  1,  46,    95, -1,   9
730373,19990911,    73,  1,  47,   104, -1,  28
730373,19990911,    74,  1,  46,    28, -1,  23
730373,19990911,    75,  1,  20,    76, -1,  17
730373,19990911,    77,  1,  28,    68, -1,  23
730373,19990911,    85,  1,  54,   111, -1,  17
730373,19990911,    86,  1,  47,    17, -1,   7
730373,19990911,    90, -1,  38,    79,  1,  21
730373,19990911,    92, -1,  38,    42,  1,  17
730373,19990911,    94,  1,  53,    82, -1,  19
730373,19990911,   105,  1,  34,    58, -1,  31
730373,19990911,   107,  1,  31,    96, -1,  10
730373,19990911,   109, -1,  34,     8,  1,  15
730373,19990911,   112,  1,  43,    50, -1,  27
730373,19990911,   113,  1,  50,    10, -1,  10
730378,19990916,    16,  1,  34,    22, -1,  13
730380,19990918,     1, -1,  31,   110,  1,  21
730380,19990918,     2,  1,  25,    88, -1,  15
730380,19990918,     6,  1,  44,    99, -1,   6
730380,19990918,     9, -1,  41,    45,  1,   7
730380,19990918,    13, -1,  14,    59,  1,  10
730380,19990918,    19,  1,  17,   113, -1,  12
730380,19990918,    21,  1,  51,    38, -1,  17
730380,19990918,    25, -1,  21,    83,  1,   3
730380,19990918,    26,  1,  23,    89, -1,  21
730380,19990918,    27,  1,  42,    60, -1,  11
730380,19990918,    30,  1,  41,    97, -1,  10
730380,19990918,    31,  1,  34,    12, -1,  19
730380,19990918,    32,  1,  45,    42, -1,   0
730380,19990918,    33, -1,  28,   111,  1,  17
730380,19990918,    34, -1,  41,    44,  1,  36
730380,19990918,    36,  1,  24,    58, -1,   0
730380,19990918,    37, -1,  24,   100,  1,   0
730380,19990918,    39,  1,  40,   104, -1,   7
730380,19990918,    41, -1,  44,    35,  1,  35
730380,19990918,    43, -1,  29,     3,  1,  28
730380,19990918,    46,  1,  35,    14, -1,  16
730380,19990918,    47,  1,  33,   112, -1,   0
730380,19990918,    48,  1,  31,     7, -1,  26
730380,19990918,    50,  1,  35,    24, -1,  14
730380,19990918,    51, -1,  18,    86,  1,  13
730380,19990918,    52, -1,  23,    68,  1,  13
730380,19990918,    55,  1,  29,    72, -1,  11
730380,19990918,    56,  1,  48,   108, -1,  34
730380,19990918,    61,  1,  20,    84, -1,  13
730380,19990918,    64, -1,  35,     5,  1,   7
730380,19990918,    66, -1,  21,    92,  1,  14
730380,19990918,    67, -1,  15,    23,  1,  12
730380,19990918,    70,  1,  40,    69, -1,  16
730380,19990918,    71,  1,  41,    11, -1,  10
730380,19990918,    73,  1,  72,    62, -1,  10
730380,19990918,    75, -1,  27,    49,  1,  23
730380,19990918,    76,  1,  30,    40, -1,  23
730380,19990918,    77,  1,  58,    17, -1,  16
730380,19990918,   101,  1,  24,    80, -1,  21
730380,19990918,    85, -1,  50,     4,  1,  22
730380,19990918,    90,  1,  18,    78, -1,  13
730380,19990918,    91,  1,  62,    95, -1,  13
730380,19990918,    93, -1,  23,    10,  1,  10
730380,19990918,    94,  1,  48,     8, -1,  28
730380,19990918,    98,  1,  35,    28, -1,  21
730380,19990918,   102,  1,  38,   103, -1,  18
730380,19990918,   105, -1,  37,    54,  1,  34
730380,19990918,   106,  1,  35,   109, -1,   7
730385,19990923,   107,  1,  31,    20, -1,  11
730387,19990925,     3,  1,  35,     6, -1,  28
730387,19990925,    96,  1,  29,    32, -1,  10
730387,19990925,     4, -1,  30,   111,  1,  24
730387,19990925,     8,  1,  41,    10, -1,  21
730387,19990925,    12,  1,  20,    63, -1,   9
730387,19990925,    13, -1,  27,    79,  1,   7
730387,19990925,    18,  1,  24,     5, -1,  23
730387,19990925,    25,  1,  27,    49, -1,  23
730387,19990925,    24,  1,  38,     2, -1,  17
730387,19990925,    26, -1,  38,    41,  1,  10
730387,19990925,    27, -1,  42,    65,  1,  10
730387,19990925,    28, -1,  49,    62,  1,  24
730387,19990925,    29,  1,  24,    97, -1,  23
730387,19990925,    31, -1,  20,    82,  1,   0
730387,19990925,    39, -1,  35,    37,  1,  28
730387,19990925,    40,  1,  41,    14, -1,  27
730387,19990925,    46,  1,  34,    88, -1,   0
730387,19990925,    50, -1,  24,    17,  1,  16
730387,19990925,    51, -1,  21,   113,  1,  16
730387,19990925,    52, -1,  27,    34,  1,  10
730387,19990925,    54, -1,  24,     9,  1,  17
730387,19990925,    55,  1,  17,    83, -1,   0
730387,19990925,    61, -1,  40,    56,  1,  10
730387,19990925,    69,  1,  45,    15, -1,   6
730387,19990925,    70,  1,  34,    19, -1,  20
730387,19990925,    71, -1,  42,    44,  1,  21
730387,19990925,    73,  1,  33,   101, -1,  30
730387,19990925,    75,  1,  45,    35, -1,  24
730387,19990925,    77,  1,  31,    67, -1,  23
730387,19990925,    78,  1,  20,    59, -1,  17
730387,19990925,    80, -1,  41,    38,  1,  13
730387,19990925,    81,  1,  34,    95, -1,  10
730387,19990925,    42,  1,  45,    57, -1,  31
730387,19990925,    85,  1,  42,    98, -1,  32
730387,19990925,    86,  1,  30,   112, -1,   7
730387,19990925,    89,  1,  17,    48, -1,  16
730387,19990925,    90, -1,  62,    11,  1,   0
730387,19990925,    91,  1,  23,    84, -1,   6
730387,19990925,    87, -1,  24,     7,  1,  21
730387,19990925,   104,  1,  54,    64, -1,  23
730387,19990925,   102, -1,  52,   100,  1,  14
730387,19990925,   105, -1,  31,    23,  1,  14
730387,19990925,   106, -1,  45,    16,  1,  40
730387,19990925,   109,  1,  31,    60, -1,   7
730387,19990925,   110,  1,  31,    21, -1,  24
730387,19990925,   108, -1,  24,    58,  1,  21
730387,19990925,   114, -1,  10,     1,  1,   7
730392,19990930,    30,  1,  49,    47, -1,  31
730393,19991001,    16, -1,  34,   103,  1,  31
730394,19991002,     1, -1,  23,    80,  1,  22
730394,19991002,     2, -1,  31,    10,  1,   9
730394,19991002,     3, -1,  40,    26,  1,  39
730394,19991002,    96,  1,  47,    99, -1,   0
730394,19991002,     5,  1,  28,    98, -1,  27
730394,19991002,    11,  1,  23,    66, -1,  10
730394,19991002,    12,  1,  26,   102, -1,  20
730394,19991002,    14,  1,  34,    93, -1,  23
730394,19991002,    20,  1,  31,    65, -1,  20
730394,19991002,    22,  1,  46,    64, -1,   7
730394,19991002,    25, -1,  33,     8,  1,  14
730394,19991002,    27,  0,  51,    23,  0,  23
730394,19991002,    28,  1,  26,    87, -1,  19
730394,19991002,    29,  1,  23,    45, -1,  22
730394,19991002,    31,  1,  33,   104, -1,   3
730394,19991002,    35,  1,  34,    34, -1,  31
730394,19991002,    38,  1,  27,    82, -1,   9
730394,19991002,    39, -1,  35,    90,  1,  17
730394,19991002,    41,  1,  31,     6, -1,  20
730394,19991002,    43, -1,  41,    42,  1,  31
730394,19991002,    44,  1,  45,    24, -1,  10
730394,19991002,    46, -1,  32,    50,  1,  14
730394,19991002,    51,  1,  38,    77, -1,  12
730394,19991002,    52,  1,  49,    36, -1,   3
730394,19991002,    53, -1,  33,    67,  1,  14
730394,19991002,    54, -1,  36,    83,  1,  10
730394,19991002,    55, -1,  42,   105,  1,  14
730394,19991002,    56, -1,  27,    48,  1,  17
730394,19991002,    59, -1,  31,   112,  1,  28
730394,19991002,    61,  1,  38,    72, -1,  14
730394,19991002,    62,  1,  26,   100, -1,  12
730394,19991002,    58, -1,  45,    15,  1,  21
730394,19991002,    68,  1,  34,    71, -1,  30
730394,19991002,    69,  1,  31,    40, -1,   3
730394,19991002,    76,  1,  55,    88, -1,  24
730394,19991002,    78, -1,  20,    95,  1,  10
730394,19991002,    81, -1,  44,    85,  1,  39
730394,19991002,   101,  1,  37,    74, -1,  29
730394,19991002,    86,  1,  47,    94, -1,  17
730394,19991002,    89,  1,  24,     9, -1,   0
730394,19991002,    92,  1,  21,    91, -1,  19
730394,19991002,   107, -1,  31,   106,  1,   7
730394,19991002,   109,  1,  17,    79, -1,  10
730394,19991002,   110,  1,  34,    73, -1,  20
730394,19991002,   111,  1,  31,    18, -1,   7
730394,19991002,   108,  1,  38,    17, -1,  16
730394,19991002,   113, -1,  42,    70,  1,  17
730394,19991002,   114,  1,  28,    33, -1,  13
730399,19991007,     8,  1,  59,    44, -1,  52
730399,19991007,    86, -1,  24,    76,  1,  17
730401,19991009,     1,  0,  19,    59,  0,  14
730401,19991009,     2,  1,  41,    69, -1,  28
730401,19991009,     4,  1,  31,   101, -1,  24
730401,19991009,     6,  1,  58,    57, -1,   6
730401,19991009,    16,  1,  38,    18, -1,  28
730401,19991009,    17, -1,  38,    15,  1,  19
730401,19991009,    21,  1,  46,    56, -1,  39
730401,19991009,    23, -1,  24,   106,  1,  17
730401,19991009,    26, -1,  31,    45,  1,  10
730401,19991009,    27,  1,  31,    49, -1,  21
730401,19991009,    28,  1,  44,    22, -1,  13
730401,19991009,    30,  1,  31,    65, -1,  24
730401,19991009,    32,  1,  23,    19, -1,  20
730401,19991009,    33,  1,  28,    66, -1,  10
730401,19991009,    35,  1,  34,    67, -1,  17
730401,19991009,    39,  1,  50,    38, -1,   9
730401,19991009,    41, -1,  30,    83,  1,  10
730401,19991009,    47, -1,  17,   109,  1,  14
730401,19991009,    48, -1,  38,    96,  1,  14
730401,19991009,    50, -1,  45,    14,  1,  31
730401,19991009,    52,  1,  34,    51, -1,  31
730401,19991009,    54,  1,  20,    94, -1,  13
730401,19991009,    55, -1,  18,     9,  1,  16
730401,19991009,    61,  1,  49,    37, -1,  14
730401,19991009,    62, -1,  23,    64,  1,  16
730401,19991009,   100, -1,  35,   114,  1,  32
730401,19991009,    63, -1,  24,    80,  1,  21
730401,19991009,    60,  1,  35,    20, -1,  31
730401,19991009,    58,  1,  37,    10, -1,  17
730401,19991009,    68,  1,  48,     5, -1,  17
730401,19991009,    70,  1,  25,    77, -1,  22
730401,19991009,    72,  1,  41,    92, -1,  21
730401,19991009,    75, -1,  31,    36,  1,   7
730401,19991009,    78, -1,  38,    31,  1,  19
730401,19991009,    84, -1,  39,    25,  1,  22
730401,19991009,    88,  1,  24,    13, -1,  14
730401,19991009,    89,  1,  37,    29, -1,  20
730401,19991009,    90,  0,  38,    71,  0,  28
730401,19991009,    91,  1,  45,    11, -1,  13
730401,19991009,    87,  1,  42,    81, -1,   0
730401,19991009,   104,  1,  42,    82, -1,  28
730401,19991009,    93,  1,  47,    40, -1,   7
730401,19991009,    98,  1,  34,    73, -1,  29
730401,19991009,   102,  1,  42,    99, -1,   0
730401,19991009,   103,  1,  20,     7, -1,  14
730401,19991009,   107, -1,  58,    79,  1,  20
730401,19991009,   110, -1,  47,    74,  1,  21
730401,19991009,   111,  1,  44,    42, -1,   0
730401,19991009,   108, -1,  40,    24,  1,  37
730401,19991009,   113, -1,  20,    53,  1,  17
730406,19991014,    46,  1,  38,    93, -1,  13
730406,19991014,    82,  1,  24,    28, -1,  14
730408,19991016,     2,  1,  55,    14, -1,  25
730408,19991016,     3, -1,  30,    54,  1,  24
730408,19991016,    96, -1,  24,    19,  1,  21
730408,19991016,     4,  1,  34,   104, -1,  21
730408,19991016,     5, -1,  28,   110,  1,   7
730408,19991016,     6,  1,  48,    83, -1,  14
730408,19991016,    13,  1,  20,    76, -1,  16
730408,19991016,    16, -1,  31,    63,  1,   7
730408,19991016,    18, -1,  17,    98,  1,   0
730408,19991016,    20, -1,  42,    47,  1,  30
730408,19991016,    24,  1,  27,    69, -1,  26
730408,19991016,    26, -1,  32,     9,  1,  14
730408,19991016,    27,  1,  33,   109, -1,  10
730408,19991016,    29, -1,  27,   105,  1,  17
730408,19991016,    30, -1,  38,    23,  1,  31
730408,19991016,    32, -1,  20,    65,  1,  12
730408,19991016,    33, -1,  30,     7,  1,  24
730408,19991016,    37, -1,  24,    56,  1,  21
730408,19991016,    39,  1,  40,   103, -1,   0
730408,19991016,    41,  1,  31,    45, -1,   5
730408,19991016,    43,  1,  42,    57, -1,  18
730408,19991016,    44, -1,  32,    48,  1,  31
730408,19991016,    50, -1,  17,    40,  1,  10
730408,19991016,    53, -1,  37,    34,  1,   7
730408,19991016,    66,  1,  17,    12, -1,  10
730408,19991016,    58, -1,  31,    17,  1,  27
730408,19991016,    67,  1,  23,    36, -1,  21
730408,19991016,    68,  1,  25,   101, -1,  24
730408,19991016,    75,  1,  23,    70, -1,  10
730408,19991016,    77,  1,  52,    52, -1,  28
730408,19991016,    78,  1,  49,    81, -1,   7
730408,19991016,    80, -1,  17,    22,  1,  10
730408,19991016,    84,  1,  24,     8, -1,   0
730408,19991016,    85,  1,  21,    74, -1,  17
730408,19991016,    91,  1,  34,    38, -1,  17
730408,19991016,    87,  1,  56,    95, -1,  17
730408,19991016,    92,  1,  31,    21, -1,  10
730408,19991016,    94,  1,  48,    42, -1,  32
730408,19991016,   102, -1,  21,     1,  1,  15
730408,19991016,   106, -1,  47,    60,  1,  26
730408,19991016,   107,  1,  62,    86, -1,   0
730408,19991016,   112,  1,  62,    79, -1,  16
730408,19991016,   108,  1,  45,    15, -1,  17
730408,19991016,   113,  1,  59,    35, -1,   0
730408,19991016,   114, -1,  38,    99,  1,  20
730415,19991023,     2, -1,  35,    59,  1,  29
730415,19991023,     5,  1,  33,   111, -1,  21
730415,19991023,     7, -1,  14,    66,  1,  10
730415,19991023,     8,  1,  35,    64, -1,  18
730415,19991023,    12,  1,  52,    62, -1,  17
730415,19991023,    16, -1,  29,   100,  1,   0
730415,19991023,    21, -1,  16,    37,  1,  12
730415,19991023,    22, -1,  24,   114,  1,  13
730415,19991023,    25,  1,  52,    94, -1,   7
730415,19991023,    24, -1,  20,    93,  1,  13
730415,19991023,    27, -1,  17,    20,  1,  14
730415,19991023,    28,  1,  24,   104, -1,  23
730415,19991023,    29,  1,  49,    41, -1,  34
730415,19991023,    31, -1,  35,    95,  1,  21
730415,19991023,    33,  1,  31,   103, -1,   3
730415,19991023,    34, -1,  35,    51,  1,  29
730415,19991023,    35, -1,  38,    36,  1,  31
730415,19991023,    38,  1,  21,    56, -1,   0
730415,19991023,    39, -1,  44,    72,  1,  21
730415,19991023,    43, -1,  46,    97,  1,  35
730415,19991023,    44,  1,  39,    32, -1,  33
730415,19991023,    46, -1,  59,    15,  1,   3
730415,19991023,    47,  1,  45,    65, -1,   7
730415,19991023,    49, -1,  31,    13,  1,  28
730415,19991023,    55,  1,  17,    45, -1,  16
730415,19991023,    60, -1,  31,    23,  1,  24
730415,19991023,    99, -1,  31,    42,  1,   7
730415,19991023,    58,  1,  50,    40, -1,   7
730415,19991023,    69,  1,  17,    14, -1,  14
730415,19991023,    70, -1,  20,    53,  1,  17
730415,19991023,    71,  1,  51,    91, -1,   6
730415,19991023,    73, -1,  44,     4,  1,  41
730415,19991023,    74,  1,  55,    98, -1,   7
730415,19991023,    75, -1,  31,    77,  1,  25
730415,19991023,    76, -1,  38,    79,  1,  15
730415,19991023,    78,  1,  42,    87, -1,  21
730415,19991023,    84,  1,  28,    19, -1,  20
730415,19991023,    85, -1,  35,   101,  1,  31
730415,19991023,    89, -1,  21,     3,  1,   7
730415,19991023,    90,  1,  24,    61, -1,  20
730415,19991023,    92, -1,  35,    11,  1,   7
730415,19991023,   102,  1,  38,    80, -1,  16
730415,19991023,   105, -1,  11,    83,  1,  10
730415,19991023,   109,  1,  47,    96, -1,   3
730415,19991023,   110, -1,  31,    18,  1,  27
730415,19991023,   112,  1,  20,    88, -1,  17
730415,19991023,   108,  1,  28,    10, -1,   0
730415,19991023,   113,  1,  40,    52, -1,  10
730420,19991028,    22,  1,  31,   102, -1,  24
730422,19991030,     3,  1,  35,    84, -1,  14
730422,19991030,     4, -1,  33,    98,  1,   7
730422,19991030,     6,  1,  34,     9, -1,  10
730422,19991030,     7,  1,  31,    42, -1,  27
730422,19991030,    12, -1,  33,   103,  1,  27
730422,19991030,    13, -1,  24,    86,  1,  23
730422,19991030,    14,  1,  31,    17, -1,   7
730422,19991030,    16,  1,  27,     1, -1,  20
730422,19991030,    18,  1,  17,   101, -1,   7
730422,19991030,    97,  1,  31,    24, -1,   6
730422,19991030,    19, -1,  52,    50,  1,  42
730422,19991030,    20, -1,  12,   109,  1,   3
730422,19991030,    21,  1,  38,    71, -1,  24
730422,19991030,    23, -1,  25,    47,  1,  22
730422,19991030,    25, -1,  19,    32,  1,   3
730422,19991030,    26,  0,  30,    29,  0,  14
730422,19991030,    27, -1,  35,   106,  1,  10
730422,19991030,    28, -1,  28,    95,  1,  14
730422,19991030,    30,  1,  48,    60, -1,  21
730422,19991030,    39,  1,  48,    11, -1,   7
730422,19991030,    40,  1,  41,    15, -1,  20
730422,19991030,    43, -1,  34,    93,  1,  17
730422,19991030,    44,  1,  23,    96, -1,  14
730422,19991030,    46,  1,  41,    58, -1,   9
730422,19991030,    48, -1,  49,    94,  1,   7
730422,19991030,    49,  1,  28,   112, -1,  20
730422,19991030,    51, -1,  34,    35,  1,  31
730422,19991030,    54, -1,  42,    45,  1,  23
730422,19991030,    56,  1,  34,    92, -1,   7
730422,19991030,    61, -1,  24,    38,  1,  17
730422,19991030,    62,  1,  41,    66, -1,  28
730422,19991030,    63,  1,  27,   100, -1,   6
730422,19991030,    64,  1,  42,    33, -1,  14
730422,19991030,    99,  1,  10,    57, -1,   0
730422,19991030,    68,  1,  28,    59, -1,  24
730422,19991030,    69, -1,  37,    10,  1,  25
730422,19991030,    70,  1,  41,    36, -1,  11
730422,19991030,    73,  1,  20,     5, -1,  17
730422,19991030,    74, -1,  27,   111,  1,  13
730422,19991030,    75, -1,  27,    34,  1,   7
730422,19991030,    77, -1,  33,    53,  1,  28
730422,19991030,    82,  1,  27,    78, -1,   2
730422,19991030,    88,  1,  56,    79, -1,  28
730422,19991030,    89,  1,  30,    83, -1,   7
730422,19991030,    90, -1,  44,    37,  1,  41
730422,19991030,    91,  1,  21,    72, -1,   3
730422,19991030,    87, -1,  34,    31,  1,  14
730422,19991030,   104,  1,  42,    81, -1,  26
730422,19991030,   107, -1,  30,    76,  1,  17
730422,19991030,   110,  1,  35,    85, -1,  30
730422,19991030,   108, -1,  24,     2,  1,  10
730422,19991030,   113, -1,  35,    67,  1,  19
730427,19991104,    55,  1,  23,    41, -1,  22
730429,19991106,     1,  1,  28,     8, -1,   0
730429,19991106,     3,  1,  23,    45, -1,  17
730429,19991106,    96,  1,  36,    25, -1,  17
730429,19991106,     5, -1,  26,   101,  1,  16
730429,19991106,     9,  1,  28,    97, -1,  10
730429,19991106,    12,  1,  63,     7, -1,  10
730429,19991106,    16, -1,  30,    80,  1,   7
730429,19991106,    20,  1,  58,    23, -1,   7
730429,19991106,    22, -1,  36,    63,  1,  22
730429,19991106,    24,  1,  31,    10, -1,  21
730429,19991106,    26,  1,  13,   105, -1,   6
730429,19991106,    28,  1,  47,    78, -1,  18
730429,19991106,    31, -1,  62,    81,  1,  41
730429,19991106,    32,  1,  36,    94, -1,  31
730429,19991106,    33, -1,  42,    62,  1,  33
730429,19991106,    34, -1,  40,    36,  1,  24
730429,19991106,    38,  1,  45,    11, -1,  10
730429,19991106,    39,  1,  20,    21, -1,  14
730429,19991106,    43,  1,  58,    99, -1,  17
730429,19991106,    44, -1,  23,    19,  1,  13
730429,19991106,    46, -1,  28,    40,  1,  16
730429,19991106,    49, -1,  33,    76,  1,   3
730429,19991106,    50,  1,  32,     2, -1,  23
730429,19991106,    51,  1,  37,    67, -1,   3
730429,19991106,    52,  1,  23,    70, -1,   7
730429,19991106,    53, -1,  24,    75,  1,  23
730429,19991106,    54,  1,  38,     6, -1,  16
730429,19991106,    59, -1,  34,    79,  1,   7
730429,19991106,    61,  1,  37,    91, -1,   0
730429,19991106,    64, -1,  14,   103,  1,   6
730429,19991106,    60,  1,  30,    47, -1,  17
730429,19991106,    71,  1,  37,    56, -1,   0
730429,19991106,    73,  1,  52,   111, -1,  10
730429,19991106,    74,  1,  17,    18, -1,   7
730429,19991106,    84, -1,  20,    48,  1,   5
730429,19991106,    86,  1,  27,    88, -1,  10
730429,19991106,    89,  1,  38,    68, -1,  14
730429,19991106,    90, -1,  34,    72,  1,  21
730429,19991106,    92,  1,  28,    37, -1,  16
730429,19991106,    93, -1,  32,    17,  1,  13
730429,19991106,    95, -1,  43,   104,  1,  19
730429,19991106,   106,  1,  45,    30, -1,  38
730429,19991106,   107, -1,  22,   112,  1,  20
730429,19991106,   109, -1,  19,    65,  1,   3
730429,19991106,   110, -1,  33,     4,  1,  25
730429,19991106,   113, -1,  28,    77,  1,  21
730429,19991106,   114, -1,  43,   102,  1,  29
730434,19991111,    65,  0,  10,    60,  0,   6
730436,19991113,     1,  1,  35,   100, -1,  16
730436,19991113,     2,  1,  37,    40, -1,  34
730436,19991113,     3,  1,  19,    55, -1,   7
730436,19991113,     6,  1,  28,    89, -1,  24
730436,19991113,     7,  1,  44,    62, -1,  28
730436,19991113,     9, -1,  38,    29,  1,  21
730436,19991113,    12,  1,  45,    64, -1,  26
730436,19991113,    13,  1,  34,   112, -1,  17
730436,19991113,    14,  1,  35,    10, -1,  14
730436,19991113,    97, -1,  39,    57,  1,  14
730436,19991113,    17,  1,  29,    24, -1,  26
730436,19991113,    21, -1,  37,    11,  1,   0
730436,19991113,    23,  1,  48,   109, -1,  35
730436,19991113,    25,  1,  48,    19, -1,  34
730436,19991113,    26, -1,  20,    83,  1,   3
730436,19991113,    27,  1,  49,    47, -1,  10
730436,19991113,    30,  1,  45,    20, -1,  42
730436,19991113,    31,  1,  31,    28, -1,  24
730436,19991113,    32, -1,  20,    45,  1,   7
730436,19991113,    34, -1,  46,    70,  1,  20
730436,19991113,    41, -1,  19,   105,  1,  17
730436,19991113,    43, -1,  41,    96,  1,  20
730436,19991113,    46, -1,  31,   108,  1,  17
730436,19991113,    48,  1,  14,     8, -1,  10
730436,19991113,    51, -1,  31,    75,  1,  27
730436,19991113,    52, -1,  34,    67,  1,   0
730436,19991113,    53,  1,  44,    35, -1,  20
730436,19991113,    59,  1,  45,    94, -1,  21
730436,19991113,    61,  1,  41,    39, -1,  15
730436,19991113,    99, -1,  37,    95,  1,  34
730436,19991113,    69,  1,  40,    50, -1,  28
730436,19991113,    71, -1,  31,    37,  1,  10
730436,19991113,    72,  1,  45,    38, -1,  13
730436,19991113,    73, -1,  24,    18,  1,  19
730436,19991113,    74,  1,  28,     4, -1,  20
730436,19991113,    76,  1,  37,    68, -1,  27
730436,19991113,    79,  1,  24,    86, -1,  21
730436,19991113,   101, -1,  31,   111,  1,  28
730436,19991113,    84,  1,  48,    42, -1,   0
730436,19991113,    85, -1,  50,     5,  1,  30
730436,19991113,    90,  1,  58,    92, -1,   7
730436,19991113,    91, -1,  51,    56,  1,  14
730436,19991113,    87,  1,  27,    66, -1,   3
730436,19991113,   104, -1,  30,    78,  1,  29
730436,19991113,    93,  1,  44,    58, -1,  14
730436,19991113,    98,  1,  23,   110, -1,  20
730436,19991113,   102,  1,  52,    63, -1,   7
730436,19991113,   106,  1,  50,    15, -1,  21
730436,19991113,   107,  1,  43,    49, -1,  10
730436,19991113,   113,  1,  41,    36, -1,   3
730436,19991113,   114,  1,  31,    16, -1,  17
730441,19991118,    22,  1,  41,     1, -1,  21
730443,19991120,     3, -1,  28,     9,  1,  17
730443,19991120,    96, -1,  23,    94,  1,  20
730443,19991120,     6,  1,  14,    55, -1,   9
730443,19991120,    12, -1,  45,    33,  1,  14
730443,19991120,    13, -1,  31,    68,  1,  29
730443,19991120,    14, -1,  33,    97,  1,  30
730443,19991120,    17, -1,  27,    10,  1,  21
730443,19991120,    20, -1,  31,    83,  1,  21
730443,19991120,    25,  1,  23,    60, -1,   6
730443,19991120,    27, -1,  30,    26,  1,  23
730443,19991120,    28,  1,  63,    81, -1,  12
730443,19991120,    29, -1,  20,    54,  1,  17
730443,19991120,    31,  1,  48,    59, -1,  41
730443,19991120,    32, -1,  26,     8,  1,  14
730443,19991120,    34,  1,  29,    67, -1,   7
730443,19991120,    38,  1,  31,    37, -1,  28
730443,19991120,    39,  1,  66,    56, -1,   0
730443,19991120,    48, -1,  21,    19,  1,  13
730443,19991120,    49,  1,  55,    79, -1,   0
730443,19991120,    50,  1,  43,    15, -1,   0
730443,19991120,    51,  1,  24,    70, -1,  17
730443,19991120,    52,  1,  35,    75, -1,  28
730443,19991120,    53, -1,  25,    36,  1,  21
730443,19991120,    64,  1,  22,    66, -1,   9
730443,19991120,    65,  1,  38,    23, -1,   0
730443,19991120,    58,  1,  30,    24, -1,  23
730443,19991120,    72, -1,  34,    11,  1,  14
730443,19991120,    73,  1,  25,    74, -1,  14
730443,19991120,    77, -1,  30,    35,  1,  24
730443,19991120,    80, -1,  37,   100,  1,   7
730443,19991120,   101,  1,  17,    98, -1,   7
730443,19991120,    82, -1,  28,    95,  1,  14
730443,19991120,    84, -1,  30,    44,  1,  27
730443,19991120,    85,  1,  31,    18, -1,  13
730443,19991120,    89, -1,  56,    41,  1,  21
730443,19991120,    87,  1,  52,   104, -1,  24
730443,19991120,    92,  1,  38,    71, -1,  28
730443,19991120,    93,  1,  45,   108, -1,  21
730443,19991120,   102, -1,  20,    16,  1,  17
730443,19991120,   103, -1,  37,    62,  1,  35
730443,19991120,   106, -1,  34,    47,  1,  30
730443,19991120,   107, -1,  62,    88,  1,   7
730443,19991120,   109,  1,  26,    30, -1,  23
730443,19991120,   110,  1,  24,   111, -1,  14
730443,19991120,   114,  1,  42,    63, -1,  28
730448,19991125,    55,  1,  23,    54, -1,  20
730449,19991126,    45,  1,  35,     6, -1,  10
730449,19991126,    46,  1,  34,    69, -1,   3
730449,19991126,    61, -1,  33,    21,  1,  30
730449,19991126,   101,  1,  45,    43, -1,  19
730449,19991126,    91,  1,  20,    90, -1,  16
730449,19991126,    87,  1,  21,    82, -1,   0
730449,19991126,   107,  1,  38,    13, -1,  14
730450,19991127,     5,  1,  42,     4, -1,  27
730450,19991127,    22, -1,  35,   100,  1,  17
730450,19991127,    30,  1,  51,    29, -1,  48
730450,19991127,    49,  1,  45,    86, -1,  13
730450,19991127,    63,  1,  33,     1, -1,  28
730450,19991127,    71,  1,  44,    72, -1,   7
730450,19991127,    80,  1,  39,   114, -1,   7
730450,19991127,    85,  1,  40,    68, -1,  37
730450,19991127,    89,  1,  38,   105, -1,  10
730450,19991127,   103, -1,  34,    66,  1,   7
730450,19991127,   111, -1,  22,    31,  1,  14
730450,19991127,   112,  1,  52,    76, -1,  21
730456,19991203,    46,  1,  34,   108, -1,  30
730457,19991204,     3,  0,  34,    26,  0,   7
730457,19991204,    49,  1,  55,    88, -1,   0
730457,19991204,    59,  0,  19,     8,  0,   9
730457,19991204,    61,  0,  22,    90,  0,   6
730471,19991218,   102,  0,  17,    28,  0,  16
730475,19991222,    87,  0,  28,    25,  0,  14
730478,19991225,    31,  1,  23,    74, -1,  17
730478,19991225,   109,  0,  23,     5,  0,   3
730480,19991227,    46,  0,  21,    16,  0,   3
730481,19991228,    75,  0,  24,    91,  0,   0
730482,19991229,    39,  0,  24,   110,  0,  20
730482,19991229,    86,  0,  20,    41,  0,  13
730483,19991230,    12,  1,  34,    44, -1,  31
730483,19991230,    34,  0,  63,   106,  0,  21
730483,19991230,    55,  0,  17,    20,  0,   7
730484,19991231,    21,  0,  62,    13,  0,  28
730484,19991231,    54,  0,  27,    71,  0,  25
730484,19991231,    73,  0,  24,    53,  0,  20
730484,19991231,    84,  0,  23,    22,  0,  17
730485,20000101,     6,  0,  27,    90,  0,   6
730485,20000101,    29,  0,  28,    77,  0,  25
730485,20000101,    49,  0,  28,    30,  0,  13
730485,20000101,    51,  0,  35,     3,  0,  34
730485,20000101,    52,  0,  37,    26,  0,  34
730485,20000101,   113,  0,  17,    85,  0,   9
730486,20000102,    61,  0,  31,    89,  0,  21
730488,20000104,    27,  0,  46,   107,  0,  29
