733283,20070830,    53, -1,  14,    10,  1,  13
733283,20070830,    43, -1,  23,    40,  1,  14
733283,20070830,   100, -1,  35,   104,  1,  17
733283,20070830,    48, -1,  45,    58,  1,   0
733283,20070830,    77,  1,  24,   107, -1,   7
733283,20070830,    82,  1,  38,    15, -1,   3
733283,20070830,   105, -1,  23,   108,  1,  16
733284,20070831,   115, -1,  42,    90,  1,  12
733284,20070831,    62, -1,  30,    92,  1,  19
733285,20070901,     2,  0,  22,     8,  0,  14
733285,20070901,     5,  1,  45,    84, -1,   3
733285,20070901,     6,  1,  46,    98, -1,  26
733285,20070901,     9,  1,  23,    42, -1,  13
733285,20070901,    13,  1,  38,   114, -1,  28
733285,20070901,    16,  1,  20,     4, -1,   7
733285,20070901,    18,  1,  45,    93, -1,  31
733285,20070901,    21,  0,  31,    22,  0,  28
733285,20070901,    23, -1,  45,    24,  1,  14
733285,20070901,    28,  1,  49,   119, -1,   3
733285,20070901,    27,  1,  27,    60, -1,  14
733285,20070901,    32,  1,  35,    75, -1,  14
733285,20070901,    41,  1,  52,    17, -1,   7
733285,20070901,    57, -1,  23,    51,  1,  21
733285,20070901,    52,  1,  31,    49, -1,   3
733285,20070901,    55,  1,  55,   101, -1,  18
733285,20070901,    14, -1,  32,    56,  1,  31
733285,20070901,    59,  0,  40,    37,  0,  34
733285,20070901,    64,  1,  52,    65, -1,  10
733285,20070901,   102, -1,  25,    63,  1,  23
733285,20070901,    39,  0,  16,    61,  0,   3
733285,20070901,    33, -1,  33,    71,  1,   3
733285,20070901,    74,  1,  79,    69, -1,  10
733285,20070901,    76,  1,  48,    35, -1,  27
733285,20070901,    78,  1,  59,    29, -1,   0
733285,20070901,    79,  1,  27,    25, -1,   3
733285,20070901,    86,  1,  28,    45, -1,  14
733285,20070901,   106,  1,  38,    36, -1,  10
733285,20070901,   103, -1,  45,    89,  1,  17
733285,20070901,    91,  1,  27,    11, -1,   0
733285,20070901,    94,  1,  21,     7, -1,  13
733285,20070901,    80, -1,  52,    97,  1,  24
733285,20070901,   109,  1,  10,    66, -1,   6
733285,20070901,   112,  1,  17,    26, -1,   7
733285,20070901,   117,  1,  62,   113, -1,  24
733285,20070901,   118,  1,  42,   116, -1,  21
733285,20070901,   120,  1,  23,   111, -1,   3
733287,20070903,    20,  1,  24,    30, -1,  18
733287,20070903,    96, -1,  49,    85,  1,   9
733290,20070906,    19,  1,  34,    77, -1,   3
733290,20070906,    47,  1,  58,    60, -1,  42
733291,20070907,    82,  1,  41,    62, -1,  24
733292,20070908,     5,  1,  33,    21, -1,  14
733292,20070908,    87, -1,  26,     9,  1,  23
733292,20070908,    11,  1,  42,    81, -1,  17
733292,20070908,    13,  1,  37,    63, -1,  17
733292,20070908,    17,  1,  52,    97, -1,  31
733292,20070908,    20,  1,  49,   104, -1,  26
733292,20070908,    18, -1,  34,    22,  1,  28
733292,20070908,    26,  1,  34,    68, -1,  31
733292,20070908,    10, -1,  38,    25,  1,  16
733292,20070908,    28,  1,  59,    98, -1,  31
733292,20070908,    50, -1,  26,    29,  1,  10
733292,20070908,    30,  1,  34,   101, -1,  24
733292,20070908,    86, -1,  16,    32,  1,  12
733292,20070908,    39,  1,  35,    90, -1,   0
733292,20070908,    42,  1,  34,    84, -1,  14
733292,20070908,    44,  1,  56,    43, -1,  20
733292,20070908,    34, -1,  45,    46,  1,  44
733292,20070908,    72, -1,  31,    45,  1,  23
733292,20070908,    48,  1,  48,   112, -1,   7
733292,20070908,   117, -1,  48,    49,  1,  23
733292,20070908,    76, -1,  39,    54,  1,   7
733292,20070908,    55,  1,  28,    14, -1,  17
733292,20070908,    56,  1,  41,    53, -1,  35
733292,20070908,    59, -1,  38,    57,  1,  25
733292,20070908,    66,  1,  44,    67, -1,  34
733292,20070908,    70,  1,  36,    65, -1,  31
733292,20070908,    73,  1,  20,     2, -1,   2
733292,20070908,    74,  1,  51,    52, -1,  13
733292,20070908,    75,  1,  42,    27, -1,   6
733292,20070908,    78,  1,  31,    71, -1,  10
733292,20070908,    85,  1,  45,    69, -1,  31
733292,20070908,    15, -1,  42,    92,  1,   7
733292,20070908,    93,  1,  39,    88, -1,  19
733292,20070908,    94,  1,  34,    91, -1,  13
733292,20070908,    95,  1,  47,    31, -1,  45
733292,20070908,    96,  1,  45,   109, -1,  31
733292,20070908,    58, -1,  38,    99,  1,  17
733292,20070908,   103,  1,  27,    16, -1,  17
733292,20070908,   118, -1,  20,   105,  1,  13
733292,20070908,     1, -1,  20,   107,  1,  12
733292,20070908,     3, -1,  24,   110,  1,  10
733292,20070908,   111,  1,  24,    24, -1,  13
733292,20070908,    64, -1,  20,   114,  1,  17
733292,20070908,   115,  1,  24,    12, -1,  10
733292,20070908,   116,  1,  45,    83, -1,  17
733292,20070908,    38, -1,  37,   113,  1,  27
733292,20070908,   120,  1,  32,   108, -1,  18
733297,20070913,     1,  1,  20,    91, -1,  17
733297,20070913,   117, -1,  31,    50,  1,  14
733298,20070914,    98,  1,  41,    75, -1,  23
733299,20070915,     3,  1,  41,     6, -1,  38
733299,20070915,    66, -1,  29,     4,  1,  27
733299,20070915,     5,  1,  34,    83, -1,  13
733299,20070915,     7,  1,  45,    85, -1,  28
733299,20070915,    58, -1,  19,     9,  1,  14
733299,20070915,    12,  1,  24,   120, -1,  14
733299,20070915,    18,  1,  42,    46, -1,  12
733299,20070915,    94, -1,  35,   102,  1,  32
733299,20070915,    30, -1,  16,    21,  1,   6
733299,20070915,    23,  1,  22,    92, -1,  17
733299,20070915,    88, -1,  28,    26,  1,  21
733299,20070915,    28,  1,  59,    93, -1,  20
733299,20070915,    27,  0,  42,    56,  0,  39
733299,20070915,    13, -1,  24,    33,  1,  10
733299,20070915,    38,  1,  41,     2, -1,  24
733299,20070915,    40,  1,  15,    39, -1,  13
733299,20070915,    41,  1,  45,    97, -1,  13
733299,20070915,    44,  1,  40,    47, -1,  34
733299,20070915,    48,  1,  44,    60, -1,   0
733299,20070915,    52,  1,  23,    29, -1,   9
733299,20070915,    19, -1,  47,    53,  1,  10
733299,20070915,    54,  1,  38,    71, -1,   0
733299,20070915,    55,  1,  17,    79, -1,  13
733299,20070915,    59,  1,  52,   113, -1,  24
733299,20070915,    10, -1,  34,    62,  1,  31
733299,20070915,   106, -1,  49,    64,  1,  31
733299,20070915,    67,  1,  29,   109, -1,  24
733299,20070915,   111, -1,  22,    68,  1,  20
733299,20070915,    25, -1,  21,    61,  1,  19
733299,20070915,    24, -1,  20,    70,  1,  14
733299,20070915,    74,  1,  54,   108, -1,   3
733299,20070915,    76,  1,  52,    31, -1,  21
733299,20070915,    78,  1,  45,    15, -1,  24
733299,20070915,    80,  1,  45,    17, -1,  22
733299,20070915,    96, -1,  59,    81,  1,  24
733299,20070915,    89,  1,  37,    84, -1,   0
733299,20070915,    37, -1,  41,    90,  1,  20
733299,20070915,    95,  1,  54,   104, -1,  14
733299,20070915,    35, -1,  34,    99,  1,  10
733299,20070915,   100,  1,  55,    16, -1,  47
733299,20070915,    34, -1,  49,   105,  1,  14
733299,20070915,   107,  1,  44,   103, -1,   6
733299,20070915,   110,  1,  31,    57, -1,  17
733299,20070915,   112,  1,  28,    72, -1,   7
733299,20070915,   114,  1,  21,     8, -1,  10
733299,20070915,    73, -1,  33,   115,  1,  14
733299,20070915,   116,  1,  45,    36, -1,  28
733304,20070920,    52,  1,  34,    95, -1,  17
733304,20070920,   119, -1,  20,    60,  1,  17
733305,20070921,    74, -1,  62,   100,  1,  21
733306,20070922,     2,  1,  27,    43, -1,  20
733306,20070922,    32, -1,  26,     3,  1,  23
733306,20070922,     5,  1,  44,    77, -1,  32
733306,20070922,    44, -1,  42,     6,  1,  29
733306,20070922,     9,  1,  55,    67, -1,  20
733306,20070922,    13,  1,  37,     8, -1,  17
733306,20070922,    14,  1,  48,    92, -1,  35
733306,20070922,    16,  1,  31,     1, -1,   6
733306,20070922,    11, -1,  34,    15,  1,  21
733306,20070922,    18,  1,  45,     4, -1,  27
733306,20070922,   102,  1,  56,    51, -1,  20
733306,20070922,    19,  1,  40,    49, -1,  14
733306,20070922,    21,  1,  42,    53, -1,   0
733306,20070922,    35,  1,  38,    22, -1,  27
733306,20070922,    61, -1,  42,    36,  1,  35
733306,20070922,    37, -1,  27,    38,  1,  14
733306,20070922,    41,  1,  55,    29, -1,   3
733306,20070922,    98, -1,  48,    45,  1,  31
733306,20070922,    90, -1,  38,    47,  1,  35
733306,20070922,    48,  1,  28,    86, -1,  16
733306,20070922,    54,  1,  14,    78, -1,   9
733306,20070922,    80, -1,  45,    56,  1,  31
733306,20070922,    28, -1,  30,    57,  1,  24
733306,20070922,    62,  1,  46,    24, -1,  43
733306,20070922,    64,  1,  41,    10, -1,  40
733306,20070922,    20, -1,  42,    63,  1,  20
733306,20070922,    27, -1,  30,    69,  1,  20
733306,20070922,    55, -1,  31,    71,  1,  14
733306,20070922,    73,  1,  58,    70, -1,   7
733306,20070922,   120, -1,  34,    72,  1,  33
733306,20070922,    75,  1,  49,    96, -1,  45
733306,20070922,    23, -1,  34,    79,  1,  14
733306,20070922,    87,  1,  37,    68, -1,  10
733306,20070922,   106,  1,  47,   116, -1,  14
733306,20070922,    76, -1,  55,    89,  1,  31
733306,20070922,    91,  1,  21,    85, -1,   7
733306,20070922,    93,  1,  48,     7, -1,  27
733306,20070922,    94,  1,  58,    81, -1,  14
733306,20070922,    97,  1,  36,    40, -1,  35
733306,20070922,   103,  1,  44,   115, -1,  31
733306,20070922,   105,  1,  27,   107, -1,   0
733306,20070922,    84, -1,  23,   108,  1,  20
733306,20070922,   111,  1,  28,    33, -1,  23
733306,20070922,   114,  1,  31,    50, -1,  24
733306,20070922,   117,  1,  48,    26, -1,   7
733306,20070922,   118,  1,  17,    39, -1,  13
733311,20070927,    12,  1,  38,    88, -1,  16
733311,20070927,     7,  1,  35,    51, -1,  31
733312,20070928,    87,  1,  21,   117, -1,  13
733313,20070929,     4,  1,  48,   116, -1,  20
733313,20070929,     6,  1,  66,    69, -1,   7
733313,20070929,     8,  1,  37,    92, -1,  21
733313,20070929,    10,  1,  49,    15, -1,  14
733313,20070929,    14,  1,  41,   119, -1,  21
733313,20070929,   102,  1,  37,    45, -1,  19
733313,20070929,    17,  1,  35,    61, -1,  10
733313,20070929,    21,  1,  27,    74, -1,  24
733313,20070929,    23,  1,  44,     2, -1,  10
733313,20070929,     9, -1,  20,    28,  1,  17
733313,20070929,    30,  0,  21,     3,  0,  14
733313,20070929,    31,  1,  17,    46, -1,   6
733313,20070929,    32,  1,  45,    57, -1,  17
733313,20070929,    33,  1,  13,    20, -1,   3
733313,20070929,    26, -1,  37,    35,  1,  35
733313,20070929,    34, -1,  48,    36,  1,  20
733313,20070929,    37,  1,  27,    78, -1,  20
733313,20070929,    38, -1,  38,    39,  1,  20
733313,20070929,    44,  1,  45,    27, -1,  17
733313,20070929,    52,  1,  24,    24, -1,  14
733313,20070929,    53,  1,  17,    90, -1,  14
733313,20070929,    60,  1,  47,    29, -1,   6
733313,20070929,    73, -1,  30,    56,  1,   7
733313,20070929,    62,  1,  31,     1, -1,  20
733313,20070929,    64,  1,  35,    40, -1,  17
733313,20070929,    65,  1,  27,   105, -1,  20
733313,20070929,    16, -1,  31,    66,  1,  24
733313,20070929,    47, -1,  29,    63,  1,  10
733313,20070929,    54, -1,  28,    70,  1,  16
733313,20070929,    43, -1,  33,    72,  1,  25
733313,20070929,    18, -1,  31,    76,  1,  24
733313,20070929,   103, -1,  40,    77,  1,  14
733313,20070929,    80,  1,  33,    71, -1,  19
733313,20070929,    50, -1,  34,    82,  1,  24
733313,20070929,    19, -1,  52,    83,  1,  23
733313,20070929,   109, -1,  48,    85,  1,  45
733313,20070929,    86,  1,  38,    58, -1,  21
733313,20070929,     5, -1,  41,    89,  1,   3
733313,20070929,    91,  1,  24,    22, -1,  12
733313,20070929,    42, -1,  41,    94,  1,  21
733313,20070929,    95,  1,  34,    11, -1,  10
733313,20070929,   113, -1,  42,    97,  1,  28
733313,20070929,    98,  1,  24,   104, -1,   7
733313,20070929,    48, -1,  34,    99,  1,   9
733313,20070929,   100,  1,  38,   101, -1,  30
733313,20070929,   107,  1,  34,   108, -1,  18
733313,20070929,   110,  1,  30,    25, -1,   7
733313,20070929,   111,  1,  44,    79, -1,  14
733313,20070929,   112,  1,  17,    68, -1,  10
733313,20070929,   106, -1,  27,   115,  1,  24
733313,20070929,   118,  1,  37,    55, -1,  34
733316,20071002,    51,  1,  24,    49, -1,  21
733317,20071003,    81, -1,  31,    88,  1,  29
733318,20071004,    86,  1,  38,    44, -1,  23
733319,20071005,   107, -1,  44,    47,  1,  35
733320,20071006,     1,  1,  31,   105, -1,  14
733320,20071006,     3,  1,  30,    35, -1,  24
733320,20071006,     8,  1,  20,    99, -1,  17
733320,20071006,     9,  1,  35,   110, -1,   7
733320,20071006,    17, -1,  58,    10,  1,  38
733320,20071006,    21, -1,  43,    11,  1,  23
733320,20071006,    13,  1,  55,    14, -1,  24
733320,20071006,    15,  1,  31,    72, -1,  10
733320,20071006,   112, -1,  41,    20,  1,  23
733320,20071006,    83, -1,  24,    22,  1,  20
733320,20071006,   114, -1,  41,    24,  1,  36
733320,20071006,    26,  1,  52,   102, -1,  38
733320,20071006,    87, -1,  35,    27,  1,  23
733320,20071006,    98, -1,  34,    29,  1,  16
733320,20071006,    30,  1,  27,    63, -1,  10
733320,20071006,    34,  1,  52,   108, -1,  37
733320,20071006,    37,  1,  31,   118, -1,  26
733320,20071006,    38,  1,  40,    56, -1,  20
733320,20071006,    41, -1,  30,    42,  1,  24
733320,20071006,    53, -1,  20,    43,  1,  13
733320,20071006,    45,  1,  38,    69, -1,  29
733320,20071006,   104,  1,  30,     7, -1,  13
733320,20071006,    48,  1,  28,    28, -1,  24
733320,20071006,    50,  1,  28,    33, -1,  26
733320,20071006,    54,  1,  33,    25, -1,  22
733320,20071006,    70, -1,  48,    55,  1,  41
733320,20071006,   111, -1,  23,    60,  1,  21
733320,20071006,    57,  1,  24,    46, -1,   0
733320,20071006,    58,  1,  30,   101, -1,  13
733320,20071006,    59,  1,  41,    64, -1,   6
733320,20071006,    31, -1,  49,    65,  1,  41
733320,20071006,    68,  1,  33,    52, -1,  27
733320,20071006,    77,  1,  31,     4, -1,  16
733320,20071006,    78,  1,  27,    39, -1,   7
733320,20071006,    73, -1,  23,    80,  1,   7
733320,20071006,    19, -1,  28,    82,  1,  23
733320,20071006,    84,  1,  28,    36, -1,  20
733320,20071006,    89, -1,  24,   106,  1,  23
733320,20071006,   117, -1,  55,    90,  1,  14
733320,20071006,    92,  1,  16,    61, -1,  15
733320,20071006,    93,  1,  35,    32, -1,  14
733320,20071006,    74,  0,  28,    94,  0,  21
733320,20071006,    95,  1,  24,    75, -1,  23
733320,20071006,    96,  1,  42,    40, -1,  17
733320,20071006,    71, -1,  20,   103,  1,   6
733320,20071006,   109,  1,  48,   100, -1,  47
733320,20071006,     5, -1,  23,   116,  1,  20
733320,20071006,     2, -1,  39,   113,  1,  38
733320,20071006,   120,  1,  24,    91, -1,  21
733321,20071007,    12,  1,  58,    67, -1,   0
733324,20071010,    62, -1,  48,    79,  1,  45
733325,20071011,   114,  1,  24,    30, -1,  21
733326,20071012,    34, -1,  42,    84,  1,  35
733327,20071013,    92, -1,  24,     2,  1,  20
733327,20071013,   101,  1,  26,    99, -1,  21
733327,20071013,     5,  1,  44,   115, -1,  20
733327,20071013,     9, -1,   9,     6,  1,   7
733327,20071013,     7,  1,  52,    45, -1,  21
733327,20071013,    10,  1,  35,   119, -1,  12
733327,20071013,    15,  1,  43,    97, -1,  33
733327,20071013,    77, -1,  31,    18,  1,  28
733327,20071013,    17,  1,  47,     8, -1,  23
733327,20071013,    47, -1,  28,    19,  1,  24
733327,20071013,     1, -1,  45,    22,  1,  21
733327,20071013,   112, -1,  43,    24,  1,  14
733327,20071013,    35,  1,  56,    81, -1,  48
733327,20071013,    31, -1,  37,    36,  1,  24
733327,20071013,    39,  1,  10,    37, -1,   6
733327,20071013,    94, -1,  56,    40,  1,   3
733327,20071013,    41,  1,  58,    11, -1,  10
733327,20071013,    42,  1,  47,    21, -1,  20
733327,20071013,    44,  1,  43,    48, -1,  37
733327,20071013,    46,  1,  22,    67, -1,  21
733327,20071013,    60, -1,  21,    51,  1,   7
733327,20071013,    33, -1,  17,    52,  1,  14
733327,20071013,    53,  1,  47,    14, -1,  14
733327,20071013,    54,  1,  48,    80, -1,  21
733327,20071013,    55,  1,  52,    38, -1,  27
733327,20071013,     3, -1,  27,    57,  1,  24
733327,20071013,    93, -1,  33,    58,  1,  21
733327,20071013,    75, -1,  45,    64,  1,  14
733327,20071013,    86, -1,  21,    68,  1,  15
733327,20071013,    69,  1,  31,   104, -1,  21
733327,20071013,   113, -1,  17,    61,  1,  13
733327,20071013,    70,  1,  49,    56, -1,  48
733327,20071013,    13, -1,  27,    71,  1,  14
733327,20071013,    73,  1,  48,    43, -1,   3
733327,20071013,    72,  1,  48,    25, -1,  42
733327,20071013,    74,  1,  41,    59, -1,  31
733327,20071013,    76,  1,  53,   116, -1,   7
733327,20071013,    78,  1,  38,   118, -1,   7
733327,20071013,    87,  1,  64,   102, -1,  12
733327,20071013,   106,  1,  20,     4, -1,  13
733327,20071013,    88,  1,  28,    85, -1,   7
733327,20071013,    91, -1,  38,    89,  1,  36
733327,20071013,    82, -1,  38,    90,  1,  14
733327,20071013,    96,  1,  35,    95, -1,   7
733327,20071013,   100,  1,  38,    49, -1,  31
733327,20071013,    16, -1,  24,   105,  1,  14
733327,20071013,   107,  1,  23,    83, -1,   7
733327,20071013,    26, -1,  45,   109,  1,  42
733327,20071013,    32, -1,  20,   110,  1,  17
733327,20071013,   111,  1,  17,    23, -1,  16
733327,20071013,    66, -1,  20,   120,  1,   3
733328,20071014,    12,  1,  69,    65, -1,  67
733332,20071018,    82,  1,  30,    87, -1,  27
733332,20071018,   107, -1,  27,    91,  1,  20
733333,20071019,    23,  1,  21,    47, -1,  17
733333,20071019,    70,  0,  26,    25,  0,  14
733334,20071020,     1,  1,  20,   120, -1,  12
733334,20071020,     3,  1,  41,    93, -1,  17
733334,20071020,    35, -1,  49,   101,  1,  10
733334,20071020,    89, -1,  21,     4,  1,  20
733334,20071020,    94, -1,  31,    11,  1,  10
733334,20071020,   102,  1,  44,   100, -1,  23
733334,20071020,    20,  1,  70,    17, -1,  14
733334,20071020,    41, -1,  19,    21,  1,  14
733334,20071020,    63, -1,  34,    26,  1,  20
733334,20071020,    52, -1,  37,    30,  1,  29
733334,20071020,    31,  1,  30,    84, -1,   0
733334,20071020,    33,  1,  34,     8, -1,  10
733334,20071020,    54, -1,  27,    37,  1,  17
733334,20071020,    78, -1,  36,    38,  1,  31
733334,20071020,    74, -1,  17,    40,  1,   7
733334,20071020,    14, -1,  31,    43,  1,  20
733334,20071020,    28, -1,  45,    44,  1,  37
733334,20071020,    12, -1,  45,    46,  1,  31
733334,20071020,    27, -1,  39,    45,  1,  32
733334,20071020,   104,  1,  28,    29, -1,  14
733334,20071020,    48,  1,  30,     9, -1,  24
733334,20071020,   111, -1,  18,    50,  1,  17
733334,20071020,    60,  1,  24,     7, -1,   7
733334,20071020,     6, -1,  44,    57,  1,   8
733334,20071020,    59,  1,  41,    96, -1,  10
733334,20071020,   114, -1,  44,    62,  1,  24
733334,20071020,    95, -1,  36,    64,  1,  14
733334,20071020,    67,  1,  45,    36, -1,  31
733334,20071020,   106, -1,  38,    71,  1,   0
733334,20071020,    73,  1,  24,    55, -1,  17
733334,20071020,    75,  1,  41,    42, -1,  39
733334,20071020,    79,  1,  24,    19, -1,  17
733334,20071020,    80,  1,  31,    39, -1,   6
733334,20071020,    51, -1,  38,    81,  1,  35
733334,20071020,    66, -1,  20,    83,  1,  17
733334,20071020,    99, -1,  41,    85,  1,  34
733334,20071020,   110, -1,  17,    86,  1,   6
733334,20071020,    90,  1,  20,    15, -1,  12
733334,20071020,    92,  1,  24,    53, -1,  17
733334,20071020,    97,  1,  43,    72, -1,  40
733334,20071020,    98,  1,  45,    69, -1,   7
733334,20071020,   103,  1,  30,    18, -1,  21
733334,20071020,    22, -1,  48,   105,  1,  23
733334,20071020,    65, -1,  31,   108,  1,  28
733334,20071020,    76, -1,  55,   115,  1,  34
733334,20071020,   117,  1,  38,    58, -1,  13
733334,20071020,    10, -1,  27,   113,  1,  23
733334,20071020,   118,  1,  44,    61, -1,   3
733335,20071021,    88, -1,  33,    49,  1,  24
733339,20071025,    66,  1,  34,     1, -1,  31
733339,20071025,    13, -1,  14,   112,  1,  10
733340,20071026,    12, -1,  34,    31,  1,  21
733341,20071027,     5,  1,  31,    18, -1,  20
733341,20071027,     6,  1,  58,    29, -1,  10
733341,20071027,    98, -1,  27,     7,  1,   0
733341,20071027,     9,  1,  17,    57, -1,   3
733341,20071027,    72, -1,  38,    14,  1,  27
733341,20071027,    15,  1,  26,     2, -1,  10
733341,20071027,   107, -1,  27,    22,  1,   3
733341,20071027,    23,  1,  22,    87, -1,  15
733341,20071027,    26,  1,  41,   101, -1,   6
733341,20071027,    25,  1,  19,   113, -1,   2
733341,20071027,    32,  0,  42,    28,  0,  30
733341,20071027,   104, -1,  33,    27,  1,  30
733341,20071027,    30,  1,  25,    24, -1,   6
733341,20071027,    34,  1,  50,    67, -1,  13
733341,20071027,    37,  1,  28,    10, -1,  17
733341,20071027,    39,  1,  34,    55, -1,  27
733341,20071027,    42,  1,  51,    11, -1,  13
733341,20071027,    17, -1,  41,    43,  1,  32
733341,20071027,    58, -1,  31,    44,  1,  14
733341,20071027,    47,  1,  24,    79, -1,  17
733341,20071027,    49,  1,  34,    81, -1,  21
733341,20071027,    20, -1,  30,    50,  1,  17
733341,20071027,    54,  1,  34,    56, -1,  10
733341,20071027,    59,  1,  42,    40, -1,  28
733341,20071027,    65,  1,  37,    36, -1,  21
733341,20071027,    63,  1,  29,   111, -1,  24
733341,20071027,    60, -1,  48,    69,  1,  28
733341,20071027,    76,  1,  24,   106, -1,  17
733341,20071027,    77,  1,  23,    89, -1,   6
733341,20071027,    73, -1,  37,    78,  1,  17
733341,20071027,    80,  1,  35,    70, -1,  17
733341,20071027,   117, -1,  31,    82,  1,   3
733341,20071027,    93,  1,  27,    86, -1,  24
733341,20071027,    94,  1,  28,    64, -1,  25
733341,20071027,    41, -1,  19,    95,  1,  11
733341,20071027,    21, -1,  31,    96,  1,  26
733341,20071027,    97,  1,  70,    61, -1,  21
733341,20071027,    51, -1,  28,    99,  1,  27
733341,20071027,   100,  1,  29,    85, -1,  23
733341,20071027,    46, -1,  31,   108,  1,  21
733341,20071027,    35, -1,  34,   109,  1,  31
733341,20071027,   110,  1,  24,    53, -1,  13
733341,20071027,   114,  1,  37,    68, -1,  10
733341,20071027,     4, -1,  48,   115,  1,  41
733341,20071027,   116,  1,  27,   103, -1,   7
733341,20071027,   118,  1,  33,    38, -1,   3
733341,20071027,   120,  1,  29,   105, -1,  24
733342,20071028,   102, -1,  34,    88,  1,  17
733346,20071101,   112, -1,  27,    33,  1,   3
733347,20071102,    14,  1,  44,     2, -1,  20
733347,20071102,    65, -1,  40,    67,  1,  38
733347,20071102,    72,  1,  23,    92, -1,   7
733348,20071103,     1,  1,  30,     8, -1,  10
733348,20071103,    48, -1,  41,     3,  1,  34
733348,20071103,    88, -1,  37,   101,  1,   7
733348,20071103,     4,  1,  34,   103, -1,  27
733348,20071103,     6,  1,  48,    86, -1,  36
733348,20071103,     7,  1,  27,    29, -1,  24
733348,20071103,    96, -1,  38,    11,  1,   7
733348,20071103,    12,  1,  42,    84, -1,   7
733348,20071103,    30, -1,  27,    13,  1,  17
733348,20071103,    16,  1,  35,    22, -1,  16
733348,20071103,    18,  1,  20,   116, -1,  17
733348,20071103,   102,  1,  47,    49, -1,  13
733348,20071103,    59, -1,  55,    21,  1,  10
733348,20071103,    23,  1,  38,    82, -1,  19
733348,20071103,    20, -1,  47,    24,  1,  10
733348,20071103,    28,  1,  49,   110, -1,  22
733348,20071103,    31,  1,  38,   108, -1,  27
733348,20071103,    32,  1,  44,    98, -1,  34
733348,20071103,    46, -1,  28,    36,  1,  16
733348,20071103,    38,  1,  38,    10, -1,  20
733348,20071103,    40,  1,  31,    42, -1,  20
733348,20071103,    41,  1,  76,    64, -1,  39
733348,20071103,    60, -1,  43,   104,  1,  40
733348,20071103,    26, -1,  56,    51,  1,  40
733348,20071103,    63, -1,  19,    52,  1,  16
733348,20071103,    53,  1,  31,    15, -1,  28
733348,20071103,    54, -1,  28,    55,  1,  24
733348,20071103,    37, -1,  44,    56,  1,  17
733348,20071103,    68,  1,  16,    50, -1,  13
733348,20071103,    39, -1,  28,    70,  1,  17
733348,20071103,    62, -1,  46,    71,  1,  44
733348,20071103,    73,  1,  38,   118, -1,  17
733348,20071103,    74,  1,  42,    95, -1,  14
733348,20071103,    94, -1,  38,    75,  1,  35
733348,20071103,    76,  1,  35,     5, -1,  23
733348,20071103,    78,  1,  26,    80, -1,  19
733348,20071103,    79,  1,  20,    90, -1,  17
733348,20071103,    81,  1,  56,   109, -1,  48
733348,20071103,    83,  1,  27,   120, -1,  24
733348,20071103,    19, -1,  38,    87,  1,  33
733348,20071103,   106,  1,  24,    77, -1,   3
733348,20071103,   115, -1,  27,    89,  1,   9
733348,20071103,    91,  1,  37,    66, -1,   0
733348,20071103,    93,  1,  59,    45, -1,   7
733348,20071103,    97,  1,  52,    25, -1,  28
733348,20071103,   100, -1,  49,    99,  1,  25
733348,20071103,   111,  1,  17,   114, -1,  16
733349,20071104,    35,  1,  38,    85, -1,  28
733351,20071106,    17, -1,  34,   113,  1,  31
733352,20071107,     2,  1,  48,    72, -1,  37
733353,20071108,    16,  1,  27,    91, -1,  22
733353,20071108,   117,  1,  38,    47, -1,  31
733354,20071109,    82, -1,  41,     8,  1,   6
733354,20071109,    14, -1,  39,    25,  1,  32
733355,20071110,   102, -1,  45,   101,  1,  31
733355,20071110,   106, -1,  24,    18,  1,  17
733355,20071110,    19,  1,  27,    23, -1,   3
733355,20071110,    20,  1,  44,   114, -1,  10
733355,20071110,    33, -1,  41,    24,  1,  24
733355,20071110,    27,  1,  34,     7, -1,  31
733355,20071110,    32,  1,  45,     9, -1,  20
733355,20071110,    34,  1,  37,    31, -1,  30
733355,20071110,    39,  1,  21,    56, -1,  16
733355,20071110,    40,  1,  31,    21, -1,  28
733355,20071110,    48,  1,  58,    46, -1,  10
733355,20071110,    49,  1,  26,    26, -1,   7
733355,20071110,    50,  1,  42,    13, -1,  35
733355,20071110,   111, -1,  48,    52,  1,   0
733355,20071110,    45, -1,  34,    60,  1,  24
733355,20071110,    58,  1,  17,     3, -1,  12
733355,20071110,    59,  1,  40,    95, -1,  26
733355,20071110,    64,  1,  73,    42, -1,  31
733355,20071110,    66,  1,  26,    22, -1,  23
733355,20071110,    63,  1,  31,    68, -1,  27
733355,20071110,    62, -1,  74,    69,  1,  62
733355,20071110,    61,  1,  27,    43, -1,  20
733355,20071110,    70,  1,  31,    38, -1,  28
733355,20071110,     1, -1,  41,    71,  1,  24
733355,20071110,    37, -1,  28,    73,  1,  21
733355,20071110,    74,  1,  52,    11, -1,  21
733355,20071110,    41, -1,  43,    75,  1,  28
733355,20071110,    77,  1,  29,   115, -1,  23
733355,20071110,    55, -1,  48,    80,  1,  31
733355,20071110,    84,  1,  51,    67, -1,  17
733355,20071110,    81, -1,  43,    85,  1,  42
733355,20071110,    28, -1,  51,    86,  1,  31
733355,20071110,    51, -1,  29,    88,  1,  26
733355,20071110,    87, -1,  41,    90,  1,  10
733355,20071110,    78, -1,  31,    92,  1,   0
733355,20071110,    93,  1,  34,     6, -1,  13
733355,20071110,    94,  1,  59,    96, -1,  43
733355,20071110,    99,  1,  34,   109, -1,  19
733355,20071110,   100,  1,  56,    35, -1,   7
733355,20071110,     5, -1,  24,   103,  1,  20
733355,20071110,    83, -1,  38,   105,  1,  30
733355,20071110,   107,  1,  50,   120, -1,   0
733355,20071110,    12, -1,  52,   108,  1,   0
733355,20071110,    44, -1,  27,   110,  1,  20
733355,20071110,   112,  1,  40,    30, -1,  21
733355,20071110,   116,  1,  33,    89, -1,  17
733355,20071110,    98, -1,  21,   119,  1,  17
733355,20071110,   118,  1,  37,    54, -1,  21
733358,20071113,    10,  1,  41,    97, -1,  20
733359,20071114,    53,  1,   7,     2, -1,   0
733360,20071115,     4,  1,  34,    76, -1,  24
733360,20071115,     7,  1,  31,    69, -1,  27
733361,20071116,    25, -1,  48,    17,  1,  45
733361,20071116,    34, -1,  28,    65,  1,  26
733362,20071117,     1,  1,  55,    83, -1,  23
733362,20071117,   104, -1,  21,     3,  1,  14
733362,20071117,     6,  0,  45,    58,  0,  31
733362,20071117,   100, -1,  49,     8,  1,  39
733362,20071117,    75, -1,  45,    11,  1,  14
733362,20071117,    12,  1,  58,    36, -1,  14
733362,20071117,    14, -1,  31,    15,  1,  17
733362,20071117,   117, -1,  28,    19,  1,  23
733362,20071117,    13, -1,  20,    20,  1,  17
733362,20071117,    23,  1,  30,    90, -1,   7
733362,20071117,    28,  1,  59,    27, -1,  20
733362,20071117,    45, -1,  38,    29,  1,  28
733362,20071117,    30,  1,  24,    50, -1,  16
733362,20071117,    32,  1,  24,    44, -1,  13
733362,20071117,    33,  1,  27,    68, -1,  25
733362,20071117,    35,  1,  35,    49, -1,  28
733362,20071117,    37,  1,  41,    70, -1,  22
733362,20071117,    38,  1,  27,    80, -1,  24
733362,20071117,   113, -1,  28,    39,  1,  19
733362,20071117,    41,  1,  45,    40, -1,   7
733362,20071117,    59, -1,  49,    42,  1,  32
733362,20071117,    46,  1,  27,    84, -1,  23
733362,20071117,    51,  1,  25,   101, -1,   9
733362,20071117,    73, -1,  14,    54,  1,   3
733362,20071117,    55,  1,  35,    78, -1,  31
733362,20071117,   118, -1,  41,    56,  1,  34
733362,20071117,    48, -1,  41,    57,  1,  24
733362,20071117,    62,  1,  35,    61, -1,  24
733362,20071117,   108, -1,  35,    67,  1,  17
733362,20071117,    71,  1,  28,    24, -1,   7
733362,20071117,    99, -1,  45,    81,  1,  31
733362,20071117,    82,  1,  20,    79, -1,  16
733362,20071117,   102, -1,  49,    85,  1,  20
733362,20071117,    87,  1,  55,    47, -1,  17
733362,20071117,    91,  1,  34,   105, -1,  10
733362,20071117,    92,  1,  24,    43, -1,  14
733362,20071117,    93,  1,  25,   110, -1,  24
733362,20071117,    96,  1,  34,    74, -1,  27
733362,20071117,   107,  1,  28,    66, -1,  10
733362,20071117,    88, -1,  56,   109,  1,  30
733362,20071117,   112,  1,  44,    52, -1,  14
733362,20071117,   114,  1,  38,    63, -1,  18
733362,20071117,   115,  1,  37,    18, -1,  23
733362,20071117,    77, -1,  52,   116,  1,  17
733362,20071117,    16, -1,  35,   120,  1,  10
733365,20071120,    98,  1,  45,    60, -1,   7
733367,20071122,   106, -1,  44,     5,  1,  24
733368,20071123,    17, -1,  35,     2,  1,  32
733368,20071123,    14,  1,  37,    97, -1,  10
733368,20071123,    21,  1,  65,    64, -1,  51
733368,20071123,    22,  1,  36,   120, -1,  28
733368,20071123,    34,  1,  39,    12, -1,  27
733368,20071123,     6, -1,  50,    48,  1,  48
733368,20071123,    58,  1,  17,    57, -1,  14
733368,20071123,    95,  1,  38,    94, -1,  30
733369,20071124,     9,  1,  17,     3, -1,  10
733369,20071124,    13,  1,  28,    52, -1,  14
733369,20071124,    16,  1,  17,   107, -1,  10
733369,20071124,   102,  1,  36,   109, -1,  20
733369,20071124,    26,  1,  35,    99, -1,  12
733369,20071124,    28,  1,  45,    30, -1,  12
733369,20071124,    27, -1,  55,    29,  1,  23
733369,20071124,    31,  1,  45,    42, -1,  29
733369,20071124,    32, -1,  31,    33,  1,  17
733369,20071124,   108, -1,  24,    36,  1,  19
733369,20071124,    15, -1,  30,    43,  1,  23
733369,20071124,    93, -1,  52,    44,  1,  50
733369,20071124,   104, -1,  17,    45,  1,  11
733369,20071124,    49,  1,  46,   101, -1,  39
733369,20071124,    51,  1,  55,    85, -1,  52
733369,20071124,    59,  0,  36,    41,  0,  28
733369,20071124,    66,  1,  27,   105, -1,   6
733369,20071124,    68,  1,  20,    24, -1,  14
733369,20071124,    50, -1,  37,    63,  1,   0
733369,20071124,    69,  1,  27,   119, -1,  26
733369,20071124,    10, -1,  27,    61,  1,  21
733369,20071124,    72,  1,  38,    53, -1,  29
733369,20071124,    74,  1,  49,    75, -1,  17
733369,20071124,    87, -1,  48,    79,  1,  37
733369,20071124,   100, -1,  48,    81,  1,  43
733369,20071124,    91, -1,  45,    83,  1,  33
733369,20071124,    84,  1,  27,    65, -1,  24
733369,20071124,    20, -1,  23,    86,  1,  21
733369,20071124,    88,  1,  16,     7, -1,  10
733369,20071124,    71, -1,  21,    89,  1,  14
733369,20071124,    19, -1,  52,    90,  1,  31
733369,20071124,   103,  1,  16,    76, -1,   0
733369,20071124,   114, -1,  31,   110,  1,  17
733369,20071124,   112, -1,  33,   111,  1,  21
733369,20071124,   116, -1,  42,   115,  1,  35
733369,20071124,   117,  1,  66,    23, -1,  21
733369,20071124,   113,  1,  16,    92, -1,   3
733374,20071129,    47,  1,  41,    82, -1,  38
733375,20071130,    31, -1,  30,    67,  1,  23
733376,20071201,     5,  1,  20,     4, -1,  17
733376,20071201,    29,  1,  38,    69, -1,  19
733376,20071201,    34,  1,  35,   115, -1,  28
733376,20071201,    62,  0,  38,     8,  0,   3
733376,20071201,    65,  1,  49,    46, -1,  10
733376,20071201,    77, -1,  38,    76,  1,  31
733376,20071201,   106,  1,  24,   103, -1,   7
733376,20071201,    89,  1,  20,    18, -1,  13
733376,20071201,    27, -1,  38,    98,  1,  32
733376,20071201,    79, -1,  13,   117,  1,   9
733376,20071201,    16, -1,  48,    83,  1,  27
733376,20071201,    17,  0,  35,    53,  0,  10
733376,20071201,   102,  1,  44,   100, -1,  25
733376,20071201,   112,  0,  30,    13,  0,  16
733376,20071201,    74,  0,  38,    59,  0,  17
733376,20071201,    48,  0,  21,    93,  0,  14
733395,20071220,   107,  0,  35,    62,  0,  32
733396,20071221,    27,  0,  44,    51,  0,  27
733397,20071222,    66,  1,  23,    65, -1,   0
733397,20071222,    19,  0,  31,    88,  0,  21
733397,20071222,    16,  0,  17,   103,  0,  16
733398,20071223,    26,  0,  41,    12,  0,  38
733401,20071226,    80,  0,  51,    17,  0,  48
733402,20071227,    94,  0,  52,     5,  0,  34
733403,20071228,    91, -1,  20,    35,  1,  13
733403,20071228,    13,  0,  24,    55,  0,  21
733403,20071228,    77,  0,  21,    50,  0,  14
733404,20071229,    58,  0,  10,   102,  0,   3
733404,20071229,    78,  0,  24,    95,  0,  17
733404,20071229,   114,  0,  24,    23,  0,  10
733405,20071230,     3,  0,  30,    21,  0,  24
733406,20071231,    18,  0,  42,     1,  0,  36
733406,20071231,     9,  0,  23,    20,  0,  20
733406,20071231,    31,  0,  40,    33,  0,  28
733406,20071231,    44,  0,  35,    30,  0,  28
733406,20071231,    75,  0,  49,    38,  0,  33
733406,20071231,    76,  0,  56,    87,  0,  21
733407,20080101,    59,  0,  38,     6,  0,   7
733407,20080101,    54,  0,  41,    28,  0,  35
733407,20080101,    32,  0,  41,    34,  0,  10
733407,20080101,   106,  0,  49,    37,  0,  17
733407,20080101,    93,  0,  21,   118,  0,  17
733407,20080101,    96,  0,  31,   111,  0,  28
733408,20080102,   117,  0,  48,    74,  0,  28
733409,20080103,    41,  0,  24,   112,  0,  21
733411,20080105,    82,  0,  52,    10,  0,  30
733412,20080106,   100,  0,  63,    14,  0,   7
733413,20080107,    48,  0,  38,    73,  0,  24
