734382,20100902,   106, -1,  49,    34,  1,  36
734382,20100902,    40,  1,  27,    61, -1,  10
734382,20100902,    73,  1,  45,    49, -1,   7
734382,20100902,    56, -1,  24,    60,  1,  17
734382,20100902,   107,  1,  27,    79, -1,  24
734382,20100902,    86,  1,  41,    88, -1,  13
734382,20100902,    27, -1,  32,   101,  1,  31
734383,20100903,     4, -1,  41,    97,  1,   2
734384,20100904,    90, -1,  29,     2,  1,   3
734384,20100904,     3,  1,  48,    84, -1,   3
734384,20100904,     9,  1,  52,     7, -1,  26
734384,20100904,     8, -1,  31,    25,  1,  27
734384,20100904,    98,  1,  30,    14, -1,  27
734384,20100904,    16,  1,  23,   115, -1,  17
734384,20100904,    31,  1,  28,    19, -1,  14
734384,20100904,    20,  1,  35,    69, -1,  10
734384,20100904,    21,  0,  24,    22,  0,   3
734384,20100904,    54,  1,  30,    23, -1,  10
734384,20100904,    28,  1,  34,    53, -1,  12
734384,20100904,    32,  1,  55,    45, -1,   7
734384,20100904,    59,  0,  23,    37,  0,  13
734384,20100904,    42,  1,  31,   103, -1,  22
734384,20100904,    44, -1,  23,    47,  1,  16
734384,20100904,    48,  0,  30,    68,  0,  24
734384,20100904,    58,  1,  49,    51, -1,   7
734384,20100904,    55,  1,  38,   113, -1,  14
734384,20100904,    64,  1,  49,   119, -1,  10
734384,20100904,   118, -1,  41,   105,  1,  21
734384,20100904,    76,  1,  72,    66, -1,   0
734384,20100904,    70, -1,  23,   110,  1,  21
734384,20100904,    71,  1,  23,    80, -1,  12
734384,20100904,    74,  1,  31,   108, -1,  24
734384,20100904,    75,  1,  65,   116, -1,  17
734384,20100904,    91,  0,  30,    77,  0,  21
734384,20100904,    94, -1,  34,    81,  1,  17
734385,20100905,    26,  1,  51,   100, -1,  49
734385,20100905,    96,  1,  35,    85, -1,  27
734386,20100906,    12,  0,  33,   112,  0,  30
734386,20100906,    50,  0,  17,    62,  0,  14
734389,20100909,     9, -1,  17,    58,  1,  14
734389,20100909,    92,  1,  13,    17, -1,  10
734390,20100910,    35,  1,  54,   109, -1,  24
734390,20100910,   117, -1,  24,    49,  1,  21
734391,20100911,     1,  1,  35,    16, -1,  14
734391,20100911,     3,  1,  24,    78, -1,   3
734391,20100911,    85,  1,  28,   101, -1,   7
734391,20100911,     6,  0,  31,   104,  0,   7
734391,20100911,    45,  1,  31,     7, -1,  24
734391,20100911,    34, -1,  31,     8,  1,  28
734391,20100911,    11,  1,  34,    15, -1,   6
734391,20100911,    13,  1,  26,    43, -1,  13
734391,20100911,   100,  1,  33,    14, -1,  20
734391,20100911,    18,  1,  52,    21, -1,   7
734391,20100911,    63, -1,  28,   102,  1,  21
734391,20100911,    65,  1,  51,    22, -1,   6
734391,20100911,   114,  1,  54,    24, -1,  48
734391,20100911,    26,  1,  49,    51, -1,  27
734391,20100911,    53,  1,  28,    25, -1,  21
734391,20100911,    28,  1,  38,    87, -1,  14
734391,20100911,    55,  0,  30,    27,  0,  17
734391,20100911,    82, -1,  19,    29,  1,  14
734391,20100911,    74,  1,  47,    30, -1,  17
734391,20100911,    86,  1,  17,    32, -1,   6
734391,20100911,    41,  1,  28,    33, -1,  25
734391,20100911,    64,  1,  38,    36, -1,  17
734391,20100911,    39,  1,  35,    40, -1,   7
734391,20100911,    44,  1,  63,   119, -1,  28
734391,20100911,    48, -1,  27,   110,  1,   3
734391,20100911,    95,  1,  48,    46, -1,  16
734391,20100911,    73,  1,  36,    52, -1,  24
734391,20100911,    54, -1,  28,    71,  1,  24
734391,20100911,    57, -1,  27,    99,  1,  13
734391,20100911,   107,  1,  38,   105, -1,  10
734391,20100911,    96, -1,  52,    66,  1,  17
734391,20100911,    83, -1,  41,    67,  1,  21
734391,20100911,    81, -1,  32,    69,  1,  31
734391,20100911,    97, -1,  20,    72,  1,  13
734391,20100911,    75,  1,  41,    98, -1,  38
734391,20100911,    76, -1,  48,    93,  1,  13
734391,20100911,   118,  1,  27,    84, -1,  14
734391,20100911,   106,  1,  17,   111, -1,  14
734391,20100911,    89, -1,  35,   103,  1,   0
734391,20100911,   115,  1,  41,    90, -1,  20
734391,20100911,    94,  1,  34,   120, -1,   7
734396,20100916,    63,  1,  30,    19, -1,  19
734397,20100917,    65,  1,  52,    18, -1,  31
734397,20100917,    88,  1,  31,    41, -1,  16
734398,20100918,    74,  1,  27,     1, -1,  24
734398,20100918,    44,  1,  47,     2, -1,  10
734398,20100918,     3, -1,  62,    24,  1,  13
734398,20100918,   101,  1,  34,    98, -1,  33
734398,20100918,     4,  1,  34,    39, -1,  27
734398,20100918,   118,  1,  20,     5, -1,  19
734398,20100918,     6, -1,  31,    32,  1,  24
734398,20100918,     7,  1,  34,   104, -1,  20
734398,20100918,     8,  1,  24,    69, -1,   0
734398,20100918,     9,  1,  27,    20, -1,  24
734398,20100918,    80,  1,  24,    10, -1,  13
734398,20100918,    91,  1,  45,    11, -1,  10
734398,20100918,    12, -1,  51,   120,  1,   6
734398,20100918,    14,  1,  44,    49, -1,  28
734398,20100918,    30,  1,  34,    16, -1,  10
734398,20100918,   102, -1,  24,    15,  1,  10
734398,20100918,    17, -1,  52,    25,  1,  14
734398,20100918,    21,  1,  31,    34, -1,  13
734398,20100918,    53,  1,  31,    22, -1,  10
734398,20100918,    92,  1,  30,    23, -1,  16
734398,20100918,   112,  1,  49,    26, -1,  27
734398,20100918,    28, -1,  31,    93,  1,  17
734398,20100918,    95,  1,  27,    29, -1,  20
734398,20100918,    31, -1,  41,   108,  1,  24
734398,20100918,    33, -1,  30,    68,  1,  24
734398,20100918,   103,  1,  31,    35, -1,  13
734398,20100918,    36,  1,  30,   105, -1,   7
734398,20100918,    37,  1,  28,    61, -1,  22
734398,20100918,    38, -1,  38,   119,  1,  21
734398,20100918,    42,  0,  27,    40,  0,  20
734398,20100918,    78,  1,  24,    43, -1,   0
734398,20100918,    48,  1,  29,    58, -1,   7
734398,20100918,    62, -1,  37,    46,  1,  23
734398,20100918,    77,  1,  35,    47, -1,  28
734398,20100918,   117,  1,  31,    50, -1,  17
734398,20100918,    51,  1,  24,    60, -1,  17
734398,20100918,    55,  1,  34,    71, -1,  31
734398,20100918,   106, -1,  32,    56,  1,  21
734398,20100918,   110, -1,  28,    57,  1,  14
734398,20100918,    59,  1,  27,    83, -1,  24
734398,20100918,    64, -1,  56,   115,  1,  21
734398,20100918,   107, -1,  56,    66,  1,  14
734398,20100918,   109,  1,  42,    67, -1,  10
734398,20100918,    70, -1,  30,    81,  1,  13
734398,20100918,    73,  1,  43,    72, -1,   7
734398,20100918,    75,  1,  65,   100, -1,  28
734398,20100918,    85,  1,  35,   116, -1,  21
734398,20100918,    89,  1,  68,   114, -1,  24
734398,20100918,    94, -1,  24,    96,  1,  14
734398,20100918,    97, -1,  37,   113,  1,  24
734403,20100923,    52, -1,  31,    79,  1,   3
734404,20100924,    91, -1,  41,    85,  1,  24
734405,20100925,     1, -1,  20,   120,  1,  14
734405,20100925,    38,  1,  35,     2, -1,  20
734405,20100925,     3, -1,  24,     6,  1,  20
734405,20100925,    93,  1,  32,   101, -1,  29
734405,20100925,     4,  1,  10,    18, -1,   9
734405,20100925,    76, -1,  42,     5,  1,  31
734405,20100925,    98,  1,  35,     7, -1,  28
734405,20100925,     8, -1,  35,    24,  1,  21
734405,20100925,     9,  1,  35,    86, -1,  27
734405,20100925,    39,  1,  45,    10, -1,   0
734405,20100925,    11, -1,  30,    81,  1,  13
734405,20100925,    12,  1,  37,    77, -1,  24
734405,20100925,   112, -1,  19,    13,  1,   0
734405,20100925,    54,  1,  65,    14, -1,  21
734405,20100925,    65, -1,  27,    16,  1,  13
734405,20100925,    23,  1,  45,    15, -1,  21
734405,20100925,    42,  1,  17,   102, -1,  13
734405,20100925,    70,  1,  30,    17, -1,  25
734405,20100925,    74, -1,  31,    19,  1,  29
734405,20100925,    22,  1,  36,    36, -1,  34
734405,20100925,    73,  1,  73,    25, -1,  20
734405,20100925,    28,  1,  48,    44, -1,  14
734405,20100925,    69, -1,  21,    27,  1,  17
734405,20100925,    50,  1,  42,    29, -1,  28
734405,20100925,    30,  1,  31,   114, -1,   0
734405,20100925,    57,  1,  55,    31, -1,  38
734405,20100925,    58,  1,  24,    32, -1,  12
734405,20100925,    63, -1,  45,    33,  1,  28
734405,20100925,    35,  1,  42,    99, -1,  23
734405,20100925,    41,  1,  42,    67, -1,  16
734405,20100925,    48,  1,  20,   117, -1,  14
734405,20100925,    88, -1,  13,    46,  1,  12
734405,20100925,    60, -1,  34,    45,  1,  14
734405,20100925,    49,  1,  24,    72, -1,  23
734405,20100925,   109,  1,  16,    51, -1,  13
734405,20100925,    59,  1,  51,    53, -1,  13
734405,20100925,    61, -1,  34,    56,  1,  23
734405,20100925,   105,  1,  45,    66, -1,  10
734405,20100925,    68, -1,  17,    82,  1,  13
734405,20100925,    89, -1,  37,    71,  1,  14
734405,20100925,    78,  1,  22,    92, -1,  13
734405,20100925,    97, -1,  31,    80,  1,  20
734405,20100925,    83,  1,  41,   108, -1,   7
734405,20100925,   107,  1,  56,    84, -1,   3
734405,20100925,    87,  1,  24,   119, -1,  12
734405,20100925,   106, -1,  50,   116,  1,  16
734405,20100925,   103, -1,  34,    94,  1,  12
734410,20100930,    75,  1,  38,    95, -1,  35
734411,20101001,   108,  1,  31,    16, -1,  16
734412,20101002,     1,  1,  14,    62, -1,   6
734412,20101002,    61, -1,  50,     2,  1,  14
734412,20101002,     3,  1,  31,    28, -1,   6
734412,20101002,    77,  1,  31,     5, -1,  28
734412,20101002,    47, -1,  34,     7,  1,  24
734412,20101002,    92, -1,  42,     8,  1,  35
734412,20101002,     9,  1,  52,   104, -1,   3
734412,20101002,    10, -1,  31,    17,  1,  17
734412,20101002,    11,  1,  55,    41, -1,   7
734412,20101002,    12, -1,  59,    67,  1,   0
734412,20101002,    71, -1,  31,    13,  1,  13
734412,20101002,    15, -1,  28,    14,  1,  26
734412,20101002,    52, -1,  30,    20,  1,  21
734412,20101002,    21,  1,  29,    32, -1,  27
734412,20101002,    91, -1,  27,    22,  1,   0
734412,20101002,    23,  1,  40,   110, -1,  21
734412,20101002,    50,  1,  21,    24, -1,  16
734412,20101002,    68,  1,  42,    26, -1,  17
734412,20101002,    72, -1,  30,    25,  1,  17
734412,20101002,    87,  1,  31,    27, -1,   3
734412,20101002,    79,  1,  44,    29, -1,  17
734412,20101002,    30, -1,  34,   111,  1,  14
734412,20101002,    33, -1,  24,   114,  1,  20
734412,20101002,    34,  1,  41,    46, -1,  21
734412,20101002,    36, -1,  33,   113,  1,  13
734412,20101002,    73, -1,  24,    37,  1,  13
734412,20101002,    54, -1,  42,    38,  1,  35
734412,20101002,    39,  1,  24,    78, -1,   3
734412,20101002,    40,  1,  52,    96, -1,  38
734412,20101002,    53,  1,  27,    43, -1,  21
734412,20101002,    57,  1,  42,    44, -1,  35
734412,20101002,    48,  1,  16,    93, -1,  14
734412,20101002,    45, -1,  28,    69,  1,  27
734412,20101002,    88,  1,  41,    49, -1,  16
734412,20101002,   100, -1,  48,    51,  1,   7
734412,20101002,    55,  1,  34,   118, -1,  24
734412,20101002,    70, -1,  29,    56,  1,  28
734412,20101002,    65, -1,  44,   105,  1,  26
734412,20101002,   109, -1,  38,    66,  1,  20
734412,20101002,   112, -1,  41,    63,  1,  30
734412,20101002,    74,  0,  28,    94,  0,  20
734412,20101002,    76,  1,  52,    89, -1,  31
734412,20101002,    85, -1,  42,    81,  1,  31
734412,20101002,    99, -1,  17,    82,  1,  14
734412,20101002,   115, -1,  32,   106,  1,  31
734412,20101002,   120, -1,  20,    97,  1,  15
734412,20101002,   103,  1,  42,   116, -1,  28
734415,20101005,    98, -1,  42,    60,  1,  13
734416,20101006,   102,  1,  42,   101, -1,   7
734417,20101007,    64, -1,  48,    42,  1,  13
734418,20101008,    82,  1,  27,    23, -1,  24
734418,20101008,    75, -1,  54,    45,  1,  28
734419,20101009,     1,  1,  49,    22, -1,  27
734419,20101009,    43,  1,  28,     2, -1,  17
734419,20101009,    86,  1,  35,     3, -1,  21
734419,20101009,    77, -1,  29,     4,  1,  27
734419,20101009,     5, -1,  24,   115,  1,  14
734419,20101009,     6,  0,  24,    95,  0,  17
734419,20101009,     7, -1,  24,    69,  1,  19
734419,20101009,     8, -1,  41,    99,  1,  23
734419,20101009,     9, -1,  37,    44,  1,  34
734419,20101009,   113, -1,  45,    10,  1,  16
734419,20101009,    96,  0,  45,    11,  0,  38
734419,20101009,    12,  1,  57,    97, -1,  14
734419,20101009,    63,  1,  44,    13, -1,  17
734419,20101009,    72,  1,  49,    14, -1,  25
734419,20101009,    16,  1,  24,    83, -1,  21
734419,20101009,    18,  1,  35,   103, -1,   7
734419,20101009,   112,  1,  45,    17, -1,  21
734419,20101009,    19,  1,  45,    53, -1,   3
734419,20101009,    68,  1,  21,    20, -1,  16
734419,20101009,    59,  1,  26,    21, -1,   0
734419,20101009,    26, -1,  44,    88,  1,  43
734419,20101009,   110,  1,  52,    25, -1,   6
734419,20101009,    48, -1,  33,    28,  1,  29
734419,20101009,   104,  1,  20,    27, -1,  17
734419,20101009,    29,  1,  28,   119, -1,  21
734419,20101009,    30, -1,  45,    52,  1,  17
734419,20101009,    34, -1,  49,    31,  1,  27
734419,20101009,    32,  1,  41,    93, -1,  14
734419,20101009,    33,  1,  33,   111, -1,  21
734419,20101009,    58, -1,  47,    35,  1,  24
734419,20101009,    37, -1,  33,    78,  1,  13
734419,20101009,    73,  1,  38,    38, -1,  10
734419,20101009,   107, -1,  68,    40,  1,  27
734419,20101009,    46,  1,  24,   108, -1,   6
734419,20101009,    47,  1,  56,    51, -1,   0
734419,20101009,    55, -1,  34,    54,  1,  17
734419,20101009,   118,  1,  41,    56, -1,  23
734419,20101009,    62, -1,  28,   114,  1,  27
734419,20101009,    65,  1,  35,    84, -1,  13
734419,20101009,   117,  1,  49,   105, -1,  10
734419,20101009,    67,  1,  16,    66, -1,  14
734419,20101009,    61,  1,  31,    92, -1,  17
734419,20101009,    80, -1,  20,    70,  1,  17
734419,20101009,    71,  1,  23,    79, -1,  17
734419,20101009,    76, -1,  43,   116,  1,  23
734419,20101009,   109,  1,  44,    81, -1,  24
734419,20101009,    90, -1,  13,    87,  1,   9
734419,20101009,    89,  1,  37,   106, -1,  35
734419,20101009,    85,  1,  21,   100, -1,  18
734419,20101009,    91,  1,  45,   120, -1,   0
734423,20101013,   102, -1,  35,    49,  1,  14
734424,20101014,   117,  1,  20,    87, -1,   6
734424,20101014,    42, -1,  59,    41,  1,   7
734425,20101015,    19, -1,  35,    47,  1,  27
734426,20101016,    83,  1,  27,     1, -1,  25
734426,20101016,    72,  1,  38,     2, -1,  10
734426,20101016,     3,  1,  23,    57, -1,  10
734426,20101016,   101,  1,  21,   109, -1,   6
734426,20101016,     4, -1,  24,   116,  1,   7
734426,20101016,     9,  1,  65,     6, -1,  43
734426,20101016,    38,  1,  36,     7, -1,  34
734426,20101016,    82,  0,  23,     8,  0,  20
734426,20101016,    25, -1,  41,    10,  1,  38
734426,20101016,    11, -1,  31,    21,  1,  25
734426,20101016,    12, -1,  48,    84,  1,   0
734426,20101016,    30,  1,  24,    13, -1,  19
734426,20101016,    92,  1,  28,    14, -1,  27
734426,20101016,    91,  1,  31,    16, -1,   3
734426,20101016,    61,  1,  45,    15, -1,  14
734426,20101016,   106,  1,  48,    18, -1,  14
734426,20101016,    53, -1,  27,    17,  1,  20
734426,20101016,    20,  1,  31,    50, -1,   7
734426,20101016,    22,  1,  43,   105, -1,  10
734426,20101016,    52, -1,  28,    24,  1,  13
734426,20101016,    26,  1,  33,    63, -1,  27
734426,20101016,    58, -1,  10,    28,  1,   7
734426,20101016,    29, -1,  34,    69,  1,  10
734426,20101016,    31,  1,  33,    67, -1,  10
734426,20101016,    32,  1,  43,   110, -1,   0
734426,20101016,    33,  1,  42,    60, -1,  14
734426,20101016,    34,  1,  27,    65, -1,  21
734426,20101016,    81,  1,  34,    35, -1,  31
734426,20101016,    46,  1,  48,    36, -1,  35
734426,20101016,    55,  1,  26,    37, -1,   6
734426,20101016,    39, -1,  38,    54,  1,  28
734426,20101016,    74,  1,  52,    40, -1,   0
734426,20101016,    97,  1,  34,    43, -1,  21
734426,20101016,    44,  1,  31,    86, -1,  28
734426,20101016,    98,  1,  31,    45, -1,  24
734426,20101016,   104, -1,  35,   119,  1,  30
734426,20101016,    88, -1,  41,    51,  1,  19
734426,20101016,    80,  1,  28,    56, -1,  17
734426,20101016,    59, -1,  30,    95,  1,   9
734426,20101016,    62,  1,  28,    85, -1,  21
734426,20101016,    94, -1,  20,    64,  1,  13
734426,20101016,    68, -1,  44,   111,  1,  10
734426,20101016,    71,  1,  44,   113, -1,  20
734426,20101016,   118,  1,  31,    73, -1,  18
734426,20101016,    75, -1,  34,    96,  1,  17
734426,20101016,   115,  1,  35,    77, -1,  34
734426,20101016,    79, -1,  45,    90,  1,  14
734426,20101016,   100,  1,  52,    99, -1,  24
734426,20101016,   107, -1,  30,   120,  1,   6
734426,20101016,   112,  1,  52,   114, -1,  21
734431,20101021,    76,  1,  60,   103, -1,  13
734432,20101022,    87, -1,  38,    19,  1,  30
734433,20101023,    91,  1,  38,     1, -1,   7
734433,20101023,   113, -1,  56,     2,  1,  10
734433,20101023,     3, -1,  41,    93,  1,  10
734433,20101023,    58,  1,  29,   101, -1,  24
734433,20101023,     4,  1,  44,   115, -1,  14
734433,20101023,    18,  1,  50,     5, -1,  17
734433,20101023,     6,  1,  38,    57, -1,  24
734433,20101023,     7,  1,  37,    27, -1,  16
734433,20101023,     9,  1,  24,    48, -1,  17
734433,20101023,    97,  1,  31,    10, -1,  24
734433,20101023,    11,  1,  47,    42, -1,  42
734433,20101023,    50, -1,  24,    13,  1,  21
734433,20101023,    43, -1,  30,    14,  1,   6
734433,20101023,    16,  1,  25,   120, -1,  20
734433,20101023,    92, -1,  42,    15,  1,   0
734433,20101023,   102,  1,  41,    81, -1,  14
734433,20101023,    61,  1,  33,    17, -1,   7
734433,20101023,    20,  1,  27,    33, -1,  13
734433,20101023,    96, -1,  27,    21,  1,  24
734433,20101023,   107,  1,  59,    22, -1,   6
734433,20101023,    47,  1,  26,    23, -1,   0
734433,20101023,   112,  1,  44,    24, -1,   7
734433,20101023,    26,  1,  37,    49, -1,  10
734433,20101023,   111,  1,  48,    25, -1,  21
734433,20101023,    31, -1,  33,    84,  1,  18
734433,20101023,    32, -1,  44,    44,  1,  31
734433,20101023,    34, -1,  45,   108,  1,   7
734433,20101023,    35, -1,  45,    85,  1,  20
734433,20101023,    36,  1,  37,    67, -1,  14
734433,20101023,    37,  1,  43,    38, -1,  13
734433,20101023,   118, -1,  31,    39,  1,  30
734433,20101023,    40, -1,  28,    94,  1,  21
734433,20101023,    95, -1,  45,    41,  1,  10
734433,20101023,   119, -1,  54,    45,  1,  21
734433,20101023,    60,  1,  38,   104, -1,  10
734433,20101023,    52,  1,  33,    68, -1,  10
734433,20101023,    72, -1,  34,    53,  1,  13
734433,20101023,    55, -1,  35,    70,  1,  27
734433,20101023,    78, -1,  33,    56,  1,  21
734433,20101023,    59,  1,  36,    74, -1,  27
734433,20101023,    62,  0,  35,    71,  0,  17
734433,20101023,    64, -1,  51,    75,  1,  41
734433,20101023,    83, -1,  30,    66,  1,  20
734433,20101023,    73,  1,  49,    80, -1,   0
734433,20101023,    79,  1,  41,    82, -1,  21
734433,20101023,    86, -1,  21,   110,  1,   7
734433,20101023,    89,  1,  38,   116, -1,  28
734433,20101023,    90, -1,  19,   117,  1,  14
734433,20101023,    99, -1,  34,   109,  1,  24
734436,20101026,    12,  1,  49,    46, -1,  20
734438,20101028,    63,  1,  28,    30, -1,  24
734439,20101029,    23,  1,  16,   117, -1,  13
734440,20101030,   107, -1,  28,     1,  1,  23
734440,20101030,    92,  1,  30,     2, -1,   0
734440,20101030,   101, -1,  50,    88,  1,  49
734440,20101030,     4, -1,  29,   103,  1,  21
734440,20101030,     5,  1,  42,   116, -1,   0
734440,20101030,     6,  1,  49,   110, -1,  14
734440,20101030,     9, -1,  51,    57,  1,  31
734440,20101030,    43,  1,  33,    10, -1,  14
734440,20101030,    11, -1,  30,    94,  1,  22
734440,20101030,    13,  1,  16,    20, -1,  10
734440,20101030,    14, -1,  17,    17,  1,  14
734440,20101030,    53, -1,  21,    15,  1,   9
734440,20101030,    77,  1,  35,    18, -1,   7
734440,20101030,   102,  1,  49,    26, -1,  35
734440,20101030,    90, -1,  31,    19,  1,   7
734440,20101030,    74,  1,  43,    21, -1,  10
734440,20101030,    22,  1,  38,    66, -1,  14
734440,20101030,    24, -1,  34,    62,  1,  31
734440,20101030,    97, -1,  42,    25,  1,   7
734440,20101030,    28,  0,  34,    32,  0,  31
734440,20101030,    27,  1,  21,    29, -1,   9
734440,20101030,    34,  1,  45,    36, -1,  10
734440,20101030,    35, -1,  56,    51,  1,  17
734440,20101030,    37,  1,  44,    80, -1,  10
734440,20101030,    70, -1,  20,    38,  1,  17
734440,20101030,    39,  1,  37,    55, -1,   6
734440,20101030,    40,  1,  28,    41, -1,  16
734440,20101030,    75, -1,  24,    42,  1,  14
734440,20101030,    58,  1,  24,    44, -1,  17
734440,20101030,    72,  1,  38,    45, -1,  31
734440,20101030,   104,  1,  28,    98, -1,  14
734440,20101030,    79,  1,  20,    47, -1,   3
734440,20101030,    49,  1,  16,   109, -1,  12
734440,20101030,    50,  1,  62,   114, -1,  14
734440,20101030,   111,  1,  24,    52, -1,  19
734440,20101030,    78,  1,  41,    54, -1,  31
734440,20101030,    73, -1,  52,    56,  1,  10
734440,20101030,    64,  1,  31,    59, -1,  17
734440,20101030,    65,  1,  56,   108, -1,  42
734440,20101030,    91, -1,  48,   105,  1,   6
734440,20101030,    67,  1,  29,    84, -1,  27
734440,20101030,    69, -1,  33,   119,  1,   6
734440,20101030,    61, -1,  28,   113,  1,  21
734440,20101030,   100, -1,  28,    71,  1,  27
734440,20101030,    76, -1,  53,   106,  1,  32
734440,20101030,    83, -1,  48,   120,  1,  38
734440,20101030,    86,  1,  38,    93, -1,  24
734440,20101030,    85, -1,  31,    99,  1,  17
734440,20101030,    89, -1,  41,   115,  1,   0
734440,20101030,    95,  1,  45,    96, -1,  27
734443,20101102,     7,  1,  51,    60, -1,  24
734444,20101103,    87,  1,  28,    82, -1,  27
734445,20101104,    72,  1,  34,    15, -1,  17
734445,20101104,   112,  1,  28,    33, -1,  21
734446,20101105,   102, -1,  40,    35,  1,  33
734446,20101105,    17,  1,  26,   113, -1,  22
734447,20101106,     1, -1,  42,     8,  1,  22
734447,20101106,    10,  1,  37,     2, -1,  30
734447,20101106,    48,  1,  24,     3, -1,  21
734447,20101106,    49, -1,  31,   101,  1,  17
734447,20101106,    89,  1,  42,     4, -1,  17
734447,20101106,   106,  1,  34,     5, -1,  33
734447,20101106,     6, -1,  41,    86,  1,  20
734447,20101106,    75,  1,  55,    11, -1,  28
734447,20101106,    12,  1,  42,    34, -1,   7
734447,20101106,    13, -1,  23,   114,  1,  13
734447,20101106,    16,  1,  55,   105, -1,   7
734447,20101106,    18, -1,  20,   116,  1,  13
734447,20101106,    20,  1,  14,    63, -1,  13
734447,20101106,    41,  1,  52,    21, -1,  45
734447,20101106,    83,  1,  24,    22, -1,  19
734447,20101106,    24,  1,  55,   111, -1,  48
734447,20101106,    62, -1,  76,    26,  1,  35
734447,20101106,    28, -1,  55,   110,  1,  14
734447,20101106,    27, -1,  17,   119,  1,  16
734447,20101106,    29,  1,  42,   104, -1,  35
734447,20101106,    68, -1,  37,    30,  1,  35
734447,20101106,    31, -1,  40,    46,  1,  34
734447,20101106,    65, -1,  63,    36,  1,  17
734447,20101106,    54,  1,  67,    37, -1,  65
734447,20101106,    39, -1,  18,    38,  1,  13
734447,20101106,    64, -1,  31,    40,  1,  30
734447,20101106,    42,  1,  39,    94, -1,  14
734447,20101106,    92, -1,  28,    43,  1,  10
734447,20101106,    57,  1,  43,    45, -1,  21
734447,20101106,    47, -1,  28,    90,  1,  20
734447,20101106,    52,  1,  26,    50, -1,  20
734447,20101106,    93, -1,  50,    51,  1,  14
734447,20101106,    55,  1,  31,    56, -1,   8
734447,20101106,    96,  1,  24,    59, -1,  17
734447,20101106,    66,  1,  34,   120, -1,  31
734447,20101106,   108,  1,  27,    67, -1,  22
734447,20101106,    98, -1,  41,    69,  1,  35
734447,20101106,    78,  1,  35,    70, -1,  21
734447,20101106,    95,  1,  33,    74, -1,  19
734447,20101106,    76,  1,  53,   115, -1,  16
734447,20101106,   103,  1,  17,    77, -1,  14
734447,20101106,   118, -1,  34,    80,  1,  13
734447,20101106,   100,  1,  64,    81, -1,  27
734447,20101106,   109,  1,  28,    85, -1,  14
734447,20101106,    88, -1,  46,    99,  1,  30
734447,20101106,    91, -1,  47,   107,  1,   7
734450,20101109,    61,  1,  65,    97, -1,  30
734451,20101110,    53, -1,  24,    14,  1,  21
734452,20101111,    23,  1,  30,    79, -1,  28
734452,20101111,    26, -1,  54,   101,  1,  42
734453,20101112,    10, -1,  20,    15,  1,   3
734453,20101112,    12, -1,  52,    36,  1,  14
734454,20101113,     1,  1,  48,    66, -1,  23
734454,20101113,     3,  1,  30,    58, -1,  10
734454,20101113,   106, -1,  24,     4,  1,  21
734454,20101113,    89, -1,  17,     5,  1,  13
734454,20101113,     6,  1,  58,   109, -1,  21
734454,20101113,   119, -1,  36,     7,  1,  35
734454,20101113,     8, -1,  45,    43,  1,  28
734454,20101113,     9,  1,  49,    32, -1,  31
734454,20101113,    95, -1,  42,    11,  1,  30
734454,20101113,    13, -1,  21,    24,  1,  16
734454,20101113,    16, -1,  49,    22,  1,  10
734454,20101113,    76, -1,  15,    18,  1,  13
734454,20101113,    88, -1,  31,   102,  1,  21
734454,20101113,    62,  1,  38,    17, -1,  37
734454,20101113,   117,  1,  37,    19, -1,  10
734454,20101113,    30,  1,  16,    20, -1,  13
734454,20101113,    21,  1,  34,    40, -1,  14
734454,20101113,   113,  1,  45,    25, -1,  30
734454,20101113,    86, -1,  36,    28,  1,  14
734454,20101113,    27,  1,  24,    45, -1,  23
734454,20101113,    29, -1,  52,    98,  1,  35
734454,20101113,    65, -1,  35,    31,  1,  34
734454,20101113,    52, -1,  35,    33,  1,  10
734454,20101113,   100, -1,  28,    35,  1,  25
734454,20101113,    56, -1,  38,    37,  1,  34
734454,20101113,   118,  1,  83,    38, -1,  20
734454,20101113,    70,  1,  21,    39, -1,  17
734454,20101113,    64,  1,  20,    41, -1,   3
734454,20101113,    59,  1,  38,    42, -1,  28
734454,20101113,    44,  1,  38,   110, -1,  20
734454,20101113,    48,  1,  51,   104, -1,   0
734454,20101113,    46, -1,  41,    67,  1,  20
734454,20101113,    87, -1,  24,    47,  1,  21
734454,20101113,    49,  1,  28,    51, -1,  13
734454,20101113,    50, -1,  42,   111,  1,  23
734454,20101113,    54, -1,  27,    80,  1,  16
734454,20101113,    69, -1,  23,    60,  1,  17
734454,20101113,    93,  1,  52,    57, -1,  14
734454,20101113,   105,  1,  42,   120, -1,  16
734454,20101113,   112, -1,  26,    68,  1,  10
734454,20101113,    63,  1,  38,   114, -1,   3
734454,20101113,    71,  1,  28,   107, -1,   3
734454,20101113,    73,  1,  38,    78, -1,  14
734454,20101113,    74,  1,  45,    96, -1,   7
734454,20101113,    75, -1,  33,    94,  1,  16
734454,20101113,   116, -1,  31,    77,  1,  14
734454,20101113,    99,  1,  54,    81, -1,  49
734454,20101113,    90, -1,  13,    82,  1,  10
734454,20101113,    91,  1,  40,    83, -1,  35
734454,20101113,   108, -1,  38,    84,  1,  34
734457,20101116,    72, -1,  31,    92,  1,  23
734458,20101117,    53, -1,  19,     2,  1,  14
734458,20101117,    97,  1,  33,    14, -1,  14
734459,20101118,     1, -1,  35,   105,  1,  20
734459,20101118,   115,  1,  24,   103, -1,   7
734460,20101119,    12,  1,  51,    31, -1,   0
734461,20101120,   101,  1,  31,    51, -1,  15
734461,20101120,     6, -1,  38,    58,  1,  31
734461,20101120,    62,  1,  35,     7, -1,  19
734461,20101120,    71,  0,  27,     8,  0,   3
734461,20101120,    61, -1,  59,    10,  1,  21
734461,20101120,    74, -1,  53,    11,  1,  24
734461,20101120,    13,  1,  17,   111, -1,  13
734461,20101120,    16,  1,  40,    66, -1,   7
734461,20101120,    25, -1,  21,    15,  1,  17
734461,20101120,    89, -1,  48,    18,  1,  14
734461,20101120,   102, -1,  61,    99,  1,  14
734461,20101120,    19,  1,  69,    82, -1,  38
734461,20101120,    20, -1,  30,   114,  1,  10
734461,20101120,    21,  1,  44,    42, -1,  36
734461,20101120,   120,  1,  44,    22, -1,   0
734461,20101120,    23, -1,  23,    90,  1,   6
734461,20101120,    33,  1,  30,    24, -1,  20
734461,20101120,    81,  1,  62,    26, -1,  38
734461,20101120,    94,  1,  51,    27, -1,  17
734461,20101120,    29, -1,  38,    45,  1,  17
734461,20101120,    30, -1,  30,    50,  1,  16
734461,20101120,    34,  1,  41,    84, -1,   7
734461,20101120,    88,  1,  59,    35, -1,  41
734461,20101120,    36, -1,  28,   108,  1,   6
734461,20101120,    37, -1,  48,    70,  1,  27
734461,20101120,    78,  0,  41,    38,  0,  24
734461,20101120,    73, -1,  20,    39,  1,  17
734461,20101120,    59, -1,  14,    40,  1,   0
734461,20101120,    75, -1,  48,    41,  1,  14
734461,20101120,   113,  1,  38,    43, -1,   3
734461,20101120,    48,  1,  43,    57, -1,  36
734461,20101120,   104,  1,  49,    69, -1,  37
734461,20101120,   117, -1,  17,    47,  1,  10
734461,20101120,    85,  1,  31,    49, -1,  17
734461,20101120,   112, -1,  31,    52,  1,  17
734461,20101120,   118, -1,  48,    54,  1,  28
734461,20101120,    55,  1,  35,    80, -1,  31
734461,20101120,    60, -1,  27,   119,  1,  26
734461,20101120,    95,  1,   9,    64, -1,   6
734461,20101120,    65,  1,  52,    67, -1,   6
734461,20101120,    63, -1,  29,    68,  1,  25
734461,20101120,    77,  1,  36,   106, -1,   7
734461,20101120,    79, -1,  17,    87,  1,  10
734461,20101120,   107, -1,  38,    83,  1,  34
734461,20101120,    86,  1,  69,    98, -1,  24
734461,20101120,    93, -1,  24,   110,  1,  10
734461,20101120,   100,  1,  31,   109, -1,  28
734464,20101123,    53,  1,  23,    92, -1,   3
734466,20101125,    95, -1,  24,    94,  1,  17
734467,20101126,     2,  1,  22,    15, -1,  14
734467,20101126,     9, -1,  28,     3,  1,  27
734467,20101126,    76,  1,  48,     4, -1,  29
734467,20101126,     5,  1,  55,   103, -1,  34
734467,20101126,    65,  1,  34,    12, -1,  31
734467,20101126,   113, -1,  41,    14,  1,   7
734467,20101126,    97,  1,  42,    17, -1,  31
734467,20101126,    64,  1,  45,    21, -1,  17
734467,20101126,    85, -1,  45,    26,  1,  38
734467,20101126,    61, -1,  71,    25,  1,   3
734467,20101126,    43,  1,  28,    72, -1,   6
734467,20101126,    47, -1,  40,    82,  1,  13
734467,20101126,   117, -1,  35,    79,  1,  10
734467,20101126,   100,  1,  56,    88, -1,  50
734468,20101127,    81,  1,  28,   101, -1,  23
734468,20101127,     6,  0,  31,    48,  0,  23
734468,20101127,    29,  1,  31,     7, -1,  24
734468,20101127,    13, -1,  16,    90,  1,   7
734468,20101127,   107,  1,  17,    16, -1,  16
734468,20101127,   115, -1,  16,    18,  1,  13
734468,20101127,   102, -1,  37,    51,  1,  17
734468,20101127,    23,  1,  38,    19, -1,  17
734468,20101127,    86, -1,  29,    20,  1,   7
734468,20101127,    68, -1,  24,    24,  1,  19
734468,20101127,    30,  1,  31,    28, -1,   7
734468,20101127,    60,  1,  38,    27, -1,  14
734468,20101127,    31,  1,  23,    36, -1,  20
734468,20101127,    32,  1,  42,    33, -1,  34
734468,20101127,    34, -1,  59,    67,  1,  24
734468,20101127,    96,  1,  35,    35, -1,  20
734468,20101127,    38, -1,  34,    80,  1,  31
734468,20101127,    56,  1,  27,    39, -1,  24
734468,20101127,    59,  0,  35,    41,  0,   7
734468,20101127,    42, -1,  49,    69,  1,  41
734468,20101127,    93,  1,  24,    44, -1,  14
734468,20101127,    46, -1,  45,    84,  1,  38
734468,20101127,    45, -1,  23,   104,  1,  22
734468,20101127,    49,  1,  38,    99, -1,  23
734468,20101127,    50,  1,  38,    63, -1,  31
734468,20101127,    87, -1,  23,    52,  1,  20
734468,20101127,    73,  1,  37,    54, -1,   7
734468,20101127,    55, -1,  28,    78,  1,  22
734468,20101127,    58, -1,  31,    57,  1,  23
734468,20101127,    83,  1,  48,   105, -1,  14
734468,20101127,    91, -1,  66,    66,  1,  17
734468,20101127,   118,  1,  70,    70, -1,  23
734468,20101127,    71, -1,  20,   106,  1,  16
734468,20101127,    74, -1,  47,    75,  1,  41
734468,20101127,    89,  1,  38,    77, -1,   0
734468,20101127,    98,  1,  28,   119, -1,  14
734468,20101127,   114, -1,  34,   110,  1,  13
734468,20101127,   112,  1,  37,   111, -1,   7
734473,20101202,     5, -1,  30,     4,  1,  29
734474,20101203,    31,  1,  25,    37, -1,  23
734474,20101203,    53,  0,  26,    61,  0,  21
734475,20101204,    12,  1,  50,   108, -1,  14
734475,20101204,    79, -1,  28,    19,  1,  10
734475,20101204,    23, -1,  19,    87,  1,  16
734475,20101204,    98, -1,  44,    27,  1,   7
734475,20101204,    60, -1,  28,    29,  1,  27
734475,20101204,    34,  1,  59,   105, -1,  21
734475,20101204,    36,  1,  26,    84, -1,  23
734475,20101204,    65, -1,  35,    46,  1,  17
734475,20101204,    76, -1,  37,    77,  1,  20
734475,20101204,   117,  1,  35,    82, -1,  14
734475,20101204,   106, -1,  28,   103,  1,  14
734475,20101204,   115, -1,  35,   116,  1,  28
734475,20101204,   112,  0,  44,    30,  0,  33
734475,20101204,     9,  0,  56,    86,  0,  17
734475,20101204,   102,  1,  17,    85, -1,   7
734475,20101204,    74,  0,  23,    64,  0,  20
734482,20101211,    62,  0,  31,     8,  0,  17
734489,20101218,    61,  0,  40,    31,  0,  17
734489,20101218,    98,  0,  48,    72,  0,  21
734489,20101218,    16,  0,  52,   109,  0,  24
734492,20101221,    47,  0,  31,    88,  0,  28
734493,20101222,    12,  0,  26,   107,  0,   3
734494,20101223,    83,  1,  35,    62, -1,  14
734495,20101224,   100, -1,  62,    34,  1,  35
734497,20101226,    29,  0,  34,    97,  0,  32
734498,20101227,     1,  0,  14,    33,  0,   7
734499,20101228,    39,  0,  27,    59,  0,  24
734499,20101228,    63,  0,  23,   117,  0,   7
734500,20101229,    37,  0,  38,    11,  0,  14
734500,20101229,    50,  0,  51,    26,  0,  20
734500,20101229,    75,  0,  36,     4,  0,  10
734501,20101230,     8,  0,  16,    85,  0,  14
734501,20101230,    90,  0,  36,    42,  0,  34
734501,20101230,    68,  0,  30,    93,  0,  27
734501,20101230,   115,  0,  19,    64,  0,   7
734502,20101231,    87,  0,  31,    20,  0,  26
734502,20101231,   102,  0,  10,    32,  0,   6
734502,20101231,    71,  0,  33,    52,  0,  17
734502,20101231,    30,  0,  26,    86,  0,  17
734503,20110101,     3,  0,  49,    55,  0,   7
734503,20110101,    28,  0,  37,    78,  0,  24
734503,20110101,    58,  0,  52,    54,  0,  14
734503,20110101,    74,  0,  48,    23,  0,  20
734503,20110101,    91,  0,  21,   118,  0,  19
734503,20110101,    96,  0,  45,    70,  0,  38
734505,20110103,    89,  0,  40,   112,  0,  12
734506,20110104,    73,  0,  31,     6,  0,  26
734508,20110106,    53,  0,  35,    60,  0,  21
734509,20110107,    48,  0,  41,    95,  0,  24
734510,20110108,    79,  0,  27,    44,  0,  10
734511,20110109,    65,  0,  20,    13,  0,  13
734512,20110110,     9,  0,  22,    76,  0,  19
