734746,20110901,    14, -1,  32,    36,  1,  15
734746,20110901,    44,  0,  14,   119,  0,   3
734746,20110901,    29,  1,  41,    69, -1,  16
734746,20110901,    58, -1,  59,    51,  1,  14
734746,20110901,   118,  1,  51,   105, -1,  17
734746,20110901,    90,  1,  36,   114, -1,  29
734747,20110902,    11,  1,  50,    91, -1,  48
734748,20110903,    79,  1,  35,    15, -1,  16
734748,20110903,    80,  1,  27,    60, -1,  24
734748,20110903,    75,  1,  61,    45, -1,  34
734748,20110903,    48,  0,  40,    76,  0,  27
734748,20110903,    72, -1,  44,    67,  1,  24
734748,20110903,    61,  1,  49,     8, -1,  26
734748,20110903,    73,  1,  42,     2, -1,   0
734748,20110903,    74,  1,  47,   100, -1,  14
734748,20110903,    54,  1,  34,   113, -1,  10
734748,20110903,    16, -1,  14,    57,  1,  13
734748,20110903,    59,  1,  17,    53, -1,   6
734748,20110903,    22, -1,  14,    66,  1,  10
734748,20110903,    20,  1,  43,    98, -1,  19
734748,20110903,    18,  1,  36,    31, -1,  21
734748,20110903,    28,  1,  41,    27, -1,   3
734748,20110903,    70, -1,  24,    13,  1,  17
734748,20110903,    86,  0,  56,    26,  0,  37
734748,20110903,   106,  1,  19,    56, -1,  17
734748,20110903,     3,  1,  48,    43, -1,   7
734748,20110903,     9,  1,  42,   108, -1,  38
734748,20110903,    10,  0,  27,    38,  0,  20
734748,20110903,    30,  1,  34,   104, -1,   0
734748,20110903,    34,  1,  34,    21, -1,  17
734748,20110903,    94,  1,  34,    81, -1,   9
734748,20110903,    88,  1,  19,    46, -1,  17
734748,20110903,    89,  1,  57,    84, -1,   3
734748,20110903,    35,  1,  38,   103, -1,  34
734748,20110903,    37,  1,  33,     7, -1,  15
734748,20110903,    87, -1,  23,    71,  1,  20
734748,20110903,    12,  0,  35,    32,  0,  21
734749,20110904,    95,  1,  46,    85, -1,  14
734749,20110904,   117,  1,  34,    49, -1,  13
734750,20110905,    50,  1,  32,    52, -1,  24
734753,20110908,    75,  1,  37,     4, -1,  14
734754,20110909,    29, -1,  24,    47,  1,  17
734754,20110909,     5,  1,  37,    59, -1,  30
734755,20110910,     6,  0,  52,    66,  0,   3
734755,20110910,    83, -1,  23,     8,  1,  20
734755,20110910,     7,  1,  47,    51, -1,   3
734755,20110910,    92, -1,  41,     2,  1,   3
734755,20110910,   106,  1,  23,   107, -1,  14
734755,20110910,    85,  1,  28,   109, -1,  17
734755,20110910,   112, -1,  17,    26,  1,  10
734755,20110910,    89, -1,  44,    24,  1,  14
734755,20110910,   118,  1,  35,    77, -1,   0
734755,20110910,   102,  1,  30,    13, -1,   3
734755,20110910,     9,  1,  41,    58, -1,  34
734755,20110910,    28,  1,  39,   101, -1,   0
734755,20110910,    18, -1,  36,    21,  1,  33
734755,20110910,    91, -1,  35,     1,  1,  19
734755,20110910,   100, -1,  31,    99,  1,   3
734755,20110910,   103,  1,  27,    84, -1,  17
734755,20110910,   110,  1,  24,    23, -1,  21
734755,20110910,    87,  1,  37,    10, -1,   7
734755,20110910,    49,  1,  26,    88, -1,  20
734755,20110910,    64,  1,  42,    31, -1,  29
734755,20110910,    67, -1,  28,    56,  1,  21
734755,20110910,    55,  1,  44,    27, -1,   0
734755,20110910,    33, -1,  49,    60,  1,  21
734755,20110910,    76,  1,  69,    65, -1,  20
734755,20110910,     3, -1,  27,    78,  1,  11
734755,20110910,    81,  1,  24,    80, -1,  22
734755,20110910,    73,  1,  27,    97, -1,  22
734755,20110910,    35, -1,  48,    69,  1,  23
734755,20110910,    68,  1,  24,    82, -1,  22
734755,20110910,    86, -1,  45,    32,  1,  42
734755,20110910,    94,  1,  17,    16, -1,  16
734755,20110910,    93,  1,  45,    19, -1,  23
734755,20110910,    62, -1,  40,   119,  1,  14
734755,20110910,   116,  1,  59,   105, -1,   7
734755,20110910,   114,  1,  34,    63, -1,  27
734755,20110910,   115,  1,  40,    34, -1,  32
734755,20110910,   111, -1,  34,    38,  1,  31
734755,20110910,    41,  1,  45,    61, -1,  42
734755,20110910,    40,  1,  44,    39, -1,  41
734755,20110910,    45, -1,  20,    43,  1,  12
734755,20110910,    44,  1,  27,    17, -1,  13
734755,20110910,    54,  1,  35,    71, -1,  31
734760,20110915,    48, -1,  19,    58,  1,   6
734761,20110916,    40, -1,  24,    23,  1,  20
734761,20110916,    12, -1,  40,    97,  1,  15
734762,20110917,    21,  0,  28,    22,  0,  14
734762,20110917,   110,  1,  30,    57, -1,   7
734762,20110917,    94, -1,  49,   103,  1,  20
734762,20110917,    75, -1,  59,   100,  1,  33
734762,20110917,    19,  1,  59,     2, -1,  14
734762,20110917,    20,  1,  38,     9, -1,  24
734762,20110917,   107, -1,  54,    16,  1,  10
734762,20110917,    28,  1,  33,    93, -1,  23
734762,20110917,   120, -1,  28,    14,  1,  27
734762,20110917,    24, -1,  20,    13,  1,  19
734762,20110917,    10,  1,  28,    15, -1,  25
734762,20110917,    74, -1,  23,    30,  1,  13
734762,20110917,    99, -1,  49,   101,  1,  10
734762,20110917,   118,  0,  49,    61,  0,   7
734762,20110917,   106,  1,  38,    90, -1,  17
734762,20110917,    86,  1,  24,    62, -1,  21
734762,20110917,    65, -1,  17,    84,  1,  14
734762,20110917,     3,  1,  41,    69, -1,   0
734762,20110917,     6,  1,  38,    98, -1,  28
734762,20110917,     8,  1,  21,    70, -1,  14
734762,20110917,    89, -1,  37,     4,  1,  10
734762,20110917,    64,  1,  51,   115, -1,  38
734762,20110917,    96, -1,  59,    66,  1,  13
734762,20110917,   105,  1,  40,    34, -1,  20
734762,20110917,    54,  1,  31,    25, -1,   3
734762,20110917,    56,  1,  29,    53, -1,  23
734762,20110917,   117, -1,  37,    50,  1,  31
734762,20110917,    52,  1,  24,    73, -1,   6
734762,20110917,    29,  1,  17,   102, -1,  10
734762,20110917,    35, -1,  35,    46,  1,  34
734762,20110917,    68,  1,  28,   111, -1,  17
734762,20110917,   109, -1,  16,    67,  1,  10
734762,20110917,    72,  1,  44,    49, -1,   7
734762,20110917,    71,  1,  31,    55, -1,  13
734762,20110917,    83,  1,  42,   116, -1,  24
734762,20110917,    47, -1,  24,    44,  1,  17
734762,20110917,    42,  1,  37,    43, -1,   0
734762,20110917,    37,  1,  17,     5, -1,  14
734762,20110917,    39,  1,  31,    79, -1,  27
734762,20110917,   112,  1,  26,     7, -1,   7
734762,20110917,   113,  1,  44,    17, -1,  14
734762,20110917,    91,  1,  38,   104, -1,  17
734762,20110917,    78, -1,  14,    92,  1,  10
734762,20110917,    95,  1,  37,    36, -1,   7
734762,20110917,    33,  1,  66,    41, -1,  24
734767,20110922,    19,  1,  44,    63, -1,  14
734768,20110923,    16,  1,  24,   102, -1,  17
734769,20110924,    20,  1,  35,    30, -1,  30
734769,20110924,    11,  1,  56,    81, -1,  31
734769,20110924,    22, -1,  35,   108,  1,  34
734769,20110924,    96,  1,  35,    65, -1,  34
734769,20110924,     5,  1,  43,   106, -1,  22
734769,20110924,     3,  1,  38,     6, -1,  14
734769,20110924,    84,  1,  34,    67, -1,  24
734769,20110924,    86,  1,  21,   110, -1,   3
734769,20110924,    64, -1,  38,   120,  1,  14
734769,20110924,    24,  1,  48,    99, -1,  27
734769,20110924,    26,  1,  28,   101, -1,  23
734769,20110924,    23, -1,  17,    15,  1,   3
734769,20110924,    10,  1,  48,     8, -1,  21
734769,20110924,    12,  1,  41,   100, -1,  21
734769,20110924,     9,  1,  30,    27, -1,  14
734769,20110924,    73,  1,  37,    21, -1,  17
734769,20110924,    74,  1,  38,    59, -1,  28
734769,20110924,    78,  1,  34,    25, -1,   6
734769,20110924,   103, -1,  27,    77,  1,  19
734769,20110924,    82,  1,  38,    72, -1,  26
734769,20110924,    71, -1,  15,    79,  1,  12
734769,20110924,    69,  1,  24,    38, -1,  21
734769,20110924,   112, -1,  30,    49,  1,  10
734769,20110924,    87,  1,  52,   109, -1,  24
734769,20110924,    45, -1,  36,    29,  1,  31
734769,20110924,    42, -1,  28,    52,  1,  24
734769,20110924,    85, -1,  42,    51,  1,   0
734769,20110924,    14, -1,  37,    53,  1,  23
734769,20110924,    92, -1,  38,    50,  1,   7
734769,20110924,    32, -1,  27,    57,  1,  13
734769,20110924,    54,  1,  28,    83, -1,   7
734769,20110924,    55,  1,  45,    17, -1,   7
734769,20110924,    58,  1,  26,    46, -1,  20
734769,20110924,    33,  1,  35,    68, -1,  28
734769,20110924,    75, -1,  30,    95,  1,  29
734769,20110924,    90,  1,  33,    97, -1,  30
734769,20110924,    48, -1,  47,   117,  1,  21
734769,20110924,    98,  1,  38,    60, -1,  35
734769,20110924,    88, -1,  30,   111,  1,  24
734769,20110924,   115,  1,  31,    18, -1,  23
734769,20110924,    39,  1,  45,   104, -1,  17
734769,20110924,    31, -1,  48,    36,  1,  24
734769,20110924,    37,  1,  23,   113, -1,  20
734769,20110924,    28, -1,  48,    44,  1,  10
734769,20110924,    76, -1,  56,     4,  1,  31
734774,20110929,    79,  1,  44,    87, -1,  17
734774,20110929,    35, -1,  49,   109,  1,  42
734775,20110930,    16,  1,  27,   108, -1,  24
734776,20111001,    17,  1,  48,    61, -1,  41
734776,20111001,   116, -1,  31,    21,  1,  27
734776,20111001,   114, -1,  27,    13,  1,  19
734776,20111001,    57, -1,  38,    31,  1,  28
734776,20111001,     3, -1,  38,    28,  1,  10
734776,20111001,    84, -1,  38,    22,  1,  31
734776,20111001,   113, -1,  38,    23,  1,  31
734776,20111001,   115, -1,  31,   107,  1,  14
734776,20111001,   100,  1,  41,    69, -1,  24
734776,20111001,     5,  1,  35,    77, -1,  20
734776,20111001,     8,  1,  45,    99, -1,   6
734776,20111001,     9, -1,  16,    86,  1,  13
734776,20111001,   106,  1,  48,     4, -1,  41
734776,20111001,    12,  1,  30,    65, -1,  10
734776,20111001,    25,  1,  31,     2, -1,  23
734776,20111001,    68, -1,  35,    26,  1,  20
734776,20111001,   118,  1,  48,    64, -1,  17
734776,20111001,    71, -1,  38,    80,  1,  10
734776,20111001,    74,  1,  62,    10, -1,   6
734776,20111001,    33, -1,  45,    63,  1,  35
734776,20111001,    67, -1,  42,    66,  1,  28
734776,20111001,    55, -1,  10,    73,  1,   7
734776,20111001,    72,  1,  17,    43, -1,  10
734776,20111001,     1, -1,  35,    62,  1,  34
734776,20111001,    54,  1,  58,    56, -1,   0
734776,20111001,    60,  1,  38,    51, -1,  31
734776,20111001,    19, -1,  27,    53,  1,   0
734776,20111001,    24, -1,  31,    29,  1,  27
734776,20111001,    49, -1,  17,    47,  1,  13
734776,20111001,    34, -1,  44,    46,  1,  26
734776,20111001,    48,  1,  35,    44, -1,   7
734776,20111001,    88,  1,  48,    81, -1,  24
734776,20111001,    42,  1,  36,    11, -1,  35
734776,20111001,    96, -1,  45,    41,  1,  34
734776,20111001,    94, -1,  37,    40,  1,  14
734776,20111001,    37,  1,  38,    70, -1,  35
734776,20111001,    78, -1,  16,    38,  1,  10
734776,20111001,   111,  1,  21,    36, -1,  20
734776,20111001,    20, -1,  23,   112,  1,   3
734776,20111001,    98,  1,  24,   101, -1,  23
734776,20111001,   117,  1,  55,    14, -1,  10
734776,20111001,     7, -1,  26,   119,  1,  22
734776,20111001,    85, -1,  40,    91,  1,  33
734776,20111001,    93,  1,  41,    15, -1,  10
734776,20111001,    82, -1,  19,    90,  1,  16
734776,20111001,    97, -1,  36,    92,  1,  13
734776,20111001,    45,  1,  37,    27, -1,  34
734776,20111001,    89,  1,  45,   103, -1,  19
734776,20111001,     6,  0,  42,    95,  0,  38
734776,20111001,    32,  1,  24,    58, -1,  10
734781,20111006,   119, -1,  36,    60,  1,  33
734781,20111006,    76,  1,  43,    18, -1,  15
734782,20111007,    12, -1,  57,    31,  1,   7
734783,20111008,    11,  1,  49,    40, -1,  26
734783,20111008,    20,  1,  36,    13, -1,  14
734783,20111008,    16,  1,  29,    84, -1,  16
734783,20111008,   103,  1,  28,   116, -1,  25
734783,20111008,    90, -1,  37,    99,  1,  34
734783,20111008,     5, -1,  35,   107,  1,  14
734783,20111008,   108,  1,  63,   120, -1,  19
734783,20111008,    95, -1,  45,    96,  1,  40
734783,20111008,    97,  1,  54,    25, -1,  16
734783,20111008,    15,  1,  38,    72, -1,  37
734783,20111008,    58, -1,  21,   101,  1,   3
734783,20111008,   102,  1,  16,    49, -1,   6
734783,20111008,    92, -1,  42,    10,  1,   0
734783,20111008,    86,  1,  54,    44, -1,   3
734783,20111008,    29, -1,  27,     2,  1,  17
734783,20111008,     3,  1,  34,   110, -1,   0
734783,20111008,     6,  1,  38,     9, -1,  14
734783,20111008,    74,  0,  55,    94,  0,  17
734783,20111008,    75,  1,  70,    41, -1,  28
734783,20111008,    77,  1,  37,     4, -1,  27
734783,20111008,    78,  1,  13,    39, -1,   3
734783,20111008,    80,  1,  45,    56, -1,  17
734783,20111008,    81,  1,  28,    51, -1,   6
734783,20111008,    82,  1,  34,    79, -1,  10
734783,20111008,    91, -1,  27,    83,  1,  14
734783,20111008,    71,  1,  59,     1, -1,  33
734783,20111008,    61,  1,  40,    43, -1,  10
734783,20111008,    54, -1,  42,    70,  1,  24
734783,20111008,     7, -1,  24,   104,  1,  19
734783,20111008,    63,  1,  38,    17, -1,  24
734783,20111008,    68,  1,  14,    47, -1,   7
734783,20111008,    69,  1,  31,    27, -1,  17
734783,20111008,    88, -1,  63,    62,  1,  35
734783,20111008,    64,  1,  34,    73, -1,  27
734783,20111008,    65,  1,  37,   105, -1,   0
734783,20111008,    48,  1,  41,    28, -1,  11
734783,20111008,    53,  1,  35,     8, -1,  28
734783,20111008,    33,  1,  21,    50, -1,  16
734783,20111008,    45,  1,  31,    98, -1,  17
734783,20111008,    89,  1,  48,    21, -1,   7
734783,20111008,    32, -1,  20,    93,  1,  12
734783,20111008,    35,  1,  56,    26, -1,   3
734783,20111008,   113,  1,  45,    14, -1,  21
734783,20111008,   117,  1,  43,    23, -1,  16
734783,20111008,   112,  1,  38,    52, -1,  35
734783,20111008,   114,  1,  35,    30, -1,  30
734783,20111008,    37, -1,  41,    38,  1,  20
734783,20111008,    46, -1,  24,    36,  1,  11
734783,20111008,    42,  1,  24,    59, -1,  17
734788,20111013,   106, -1,  30,    18,  1,   9
734788,20111013,    83, -1,  41,     1,  1,  27
734789,20111014,    84,  1,  28,    34, -1,  27
734790,20111015,    25, -1,  35,    17,  1,  28
734790,20111015,    19,  1,  25,    47, -1,  16
734790,20111015,    97, -1,  28,    14,  1,  21
734790,20111015,    31,  1,  31,   108, -1,  21
734790,20111015,   109, -1,  44,    99,  1,   7
734790,20111015,    42, -1,  41,    96,  1,  34
734790,20111015,    12, -1,  63,    22,  1,  13
734790,20111015,    23,  1,  16,    87, -1,  10
734790,20111015,    32, -1,  33,   110,  1,  28
734790,20111015,   100,  1,  37,   101, -1,  20
734790,20111015,     9,  1,  17,    28, -1,   6
734790,20111015,    85,  1,  38,   102, -1,  17
734790,20111015,   118,  1,  59,    38, -1,   7
734790,20111015,   120,  1,  41,   105, -1,  14
734790,20111015,    30, -1,  41,    24,  1,  16
734790,20111015,    26, -1,  35,    51,  1,  17
734790,20111015,    20, -1,  56,    50,  1,  45
734790,20111015,    49,  1,  24,    81, -1,  20
734790,20111015,   119, -1,  20,    27,  1,   0
734790,20111015,    65,  1,  49,    66, -1,   7
734790,20111015,    59,  1,  52,    40, -1,  17
734790,20111015,    55,  1,  28,    54, -1,  14
734790,20111015,     3, -1,  52,    57,  1,   7
734790,20111015,    86, -1,  14,    58,  1,  12
734790,20111015,    52, -1,  30,    68,  1,  24
734790,20111015,    67,  1,  31,    36, -1,  24
734790,20111015,    61,  1,  51,   113, -1,  22
734790,20111015,    10, -1,  23,    72,  1,  20
734790,20111015,    82,  1,  21,    62, -1,  20
734790,20111015,    78,  1,  23,    80, -1,  18
734790,20111015,   107, -1,  26,    79,  1,  14
734790,20111015,    16, -1,  38,    77,  1,  28
734790,20111015,    76,  1,  41,     5, -1,  27
734790,20111015,    74, -1,  47,    41,  1,  17
734790,20111015,    53, -1,   9,    43,  1,   3
734790,20111015,    73, -1,  17,    37,  1,   7
734790,20111015,    39,  1,  41,    70, -1,  31
734790,20111015,   112, -1,  38,   114,  1,  17
734790,20111015,   111,  1,  24,    33, -1,  21
734790,20111015,   115,  1,  52,    21, -1,  24
734790,20111015,    89, -1,  44,   116,  1,  14
734790,20111015,   104, -1,  38,    98,  1,  10
734790,20111015,    48, -1,  38,    93,  1,   7
734790,20111015,    92,  1,  34,    15, -1,   0
734790,20111015,    45,  1,  30,    69, -1,  10
734790,20111015,    95,  1,  55,    11, -1,  28
734790,20111015,    75, -1,  38,    94,  1,  26
734793,20111018,     7,  1,  34,    29, -1,  16
734795,20111020,     4,  1,  48,   103, -1,  12
734795,20111020,   101,  1,  26,   102, -1,  24
734796,20111021,    47,  1,  16,    82, -1,  14
734796,20111021,    90,  1,  49,   117, -1,  23
734797,20111022,    60, -1,  38,    27,  1,  14
734797,20111022,    19, -1,  37,    87,  1,  34
734797,20111022,    48,  1,  45,     9, -1,  10
734797,20111022,    52,  1,  24,    33, -1,   7
734797,20111022,     6, -1,  29,    57,  1,  24
734797,20111022,    64, -1,  41,    56,  1,  14
734797,20111022,    55,  1,  37,   118, -1,  31
734797,20111022,    75, -1,  45,    59,  1,  24
734797,20111022,    26, -1,  38,    62,  1,  35
734797,20111022,    65,  1,  45,    31, -1,  38
734797,20111022,    96, -1,  41,    74,  1,  38
734797,20111022,    77,  0,  44,   116,  0,  21
734797,20111022,   100, -1,  38,    81,  1,  20
734797,20111022,    80,  1,  21,    37, -1,  14
734797,20111022,    78, -1,  34,    70,  1,  24
734797,20111022,    69,  1,  38,   104, -1,  21
734797,20111022,     3,  1,  37,    93, -1,   6
734797,20111022,    72, -1,  37,     2,  1,  20
734797,20111022,   114, -1,  24,    24,  1,  23
734797,20111022,    61, -1,  31,    15,  1,  30
734797,20111022,    10,  1,  31,    17, -1,  27
734797,20111022,    30,  1,  41,    50, -1,  16
734797,20111022,    12,  1,  37,     1, -1,  26
734797,20111022,    51, -1,  33,    99,  1,  17
734797,20111022,    46, -1,  24,   108,  1,  17
734797,20111022,    20,  1,  59,    68, -1,  38
734797,20111022,    97,  1,  49,    53, -1,  28
734797,20111022,    25,  1,  14,   113, -1,  10
734797,20111022,    14,  1,  13,    92, -1,  10
734797,20111022,    76, -1,  45,    21,  1,   2
734797,20111022,    18,  1,  34,   107, -1,  10
734797,20111022,    89,  1,  65,   115, -1,  21
734797,20111022,    34,  1,  45,    67, -1,  34
734797,20111022,    63, -1,  28,   111,  1,  14
734797,20111022,    91,  1,  69,    66, -1,   0
734797,20111022,   119,  1,  42,    45, -1,  23
734797,20111022,   110,  1,  44,     8, -1,  21
734797,20111022,   112,  1,  30,    13, -1,  14
734797,20111022,    95, -1,  33,    40,  1,  17
734797,20111022,    39,  1,  45,    38, -1,  24
734797,20111022,    35,  1,  63,    49, -1,  28
734797,20111022,   109,  1,  31,    22, -1,  17
734797,20111022,    88,  1,  27,    85, -1,   3
734797,20111022,    42, -1,  59,    41,  1,  21
734797,20111022,   106, -1,  31,    71,  1,  17
734800,20111025,    29,  1,  23,    98, -1,  20
734801,20111026,    79,  1,  35,    23, -1,  20
734802,20111027,   111, -1,  28,    52,  1,  21
734802,20111027,    35,  1,  73,    81, -1,  34
734803,20111028,    91,  0,  38,    16,  0,  28
734804,20111029,    88, -1,  31,   109,  1,  13
734804,20111029,   113,  1,  45,    10, -1,  35
734804,20111029,   115,  1,  42,     4, -1,  31
734804,20111029,    74, -1,  58,    42,  1,  17
734804,20111029,    43,  1,  27,    14, -1,  15
734804,20111029,    58, -1,  28,    44,  1,  16
734804,20111029,    34, -1,  16,    36,  1,  14
734804,20111029,    70, -1,  59,    38,  1,  38
734804,20111029,    86, -1,  14,    93,  1,   3
734804,20111029,    59, -1,  38,    95,  1,  31
734804,20111029,    94,  1,  43,    41, -1,   0
734804,20111029,    33,  1,  31,    20, -1,  17
734804,20111029,    53,  1,  41,    15, -1,  13
734804,20111029,    49,  1,  59,   101, -1,  14
734804,20111029,    13, -1,  28,    50,  1,  17
734804,20111029,    47,  1,  27,    90, -1,  10
734804,20111029,    46,  1,  38,    84, -1,  28
734804,20111029,   105,  1,  38,    22, -1,  35
734804,20111029,    64,  1,  24,    55, -1,   3
734804,20111029,     1, -1,  42,    66,  1,   0
734804,20111029,    56,  1,  22,    39, -1,  21
734804,20111029,    45, -1,  45,    60,  1,  20
734804,20111029,    54,  1,  36,    80, -1,  14
734804,20111029,   117, -1,  41,    82,  1,  31
734804,20111029,   120, -1,  30,    83,  1,  27
734804,20111029,    78,  1,  10,    37, -1,   7
734804,20111029,    75,  1,  59,    11, -1,  24
734804,20111029,    76,  1,  43,   116, -1,  28
734804,20111029,    73,  1,  33,   118, -1,  29
734804,20111029,    71,  1,  56,    62, -1,  14
734804,20111029,   119, -1,  31,   104,  1,  28
734804,20111029,    65, -1,  48,    67,  1,  34
734804,20111029,    68,  1,  49,   114, -1,  24
734804,20111029,    40, -1,  41,    96,  1,   7
734804,20111029,     6, -1,  31,   110,  1,  28
734804,20111029,   107,  1,  27,    77, -1,   8
734804,20111029,   100,  1,  38,    85, -1,   7
734804,20111029,   103,  1,  31,    18, -1,  14
734804,20111029,   102,  1,  41,    51, -1,   0
734804,20111029,    30,  1,  34,    63, -1,   0
734804,20111029,     9,  1,  41,    57, -1,  23
734804,20111029,   112, -1,  14,    24,  1,  10
734804,20111029,    26,  1,  34,    99, -1,  13
734804,20111029,    17, -1,  23,     2,  1,  22
734804,20111029,    89, -1,  56,   106,  1,  48
734804,20111029,     5,  1,  48,    21, -1,  14
734804,20111029,     7,  1,  37,    69, -1,  14
734804,20111029,    32,  0,  24,    28,  0,  20
734807,20111101,    61, -1,  63,    97,  1,  60
734808,20111102,    72,  1,  35,    92, -1,  31
734809,20111103,    53,  1,  35,     2, -1,   3
734809,20111103,    30, -1,  38,    13,  1,   7
734809,20111103,   100, -1,  24,   102,  1,  17
734810,20111104,    43,  1,  24,    17, -1,  21
734810,20111104,   106, -1,  42,    21,  1,  17
734811,20111105,    44,  1,  30,    57, -1,  13
734811,20111105,    39,  1,  24,    54, -1,  16
734811,20111105,    40,  1,  13,    41, -1,  10
734811,20111105,    76, -1,  34,   115,  1,  17
734811,20111105,    71, -1,  24,   114,  1,  17
734811,20111105,   119,  1,  10,    29, -1,   9
734811,20111105,    47, -1,  38,   117,  1,  35
734811,20111105,   108, -1,  35,    34,  1,  31
734811,20111105,    32,  1,  63,    67, -1,  16
734811,20111105,    94,  1,  52,    96, -1,  20
734811,20111105,    93,  1,  24,    60, -1,   0
734811,20111105,    45,  1,  36,   104, -1,  35
734811,20111105,    11,  1,  42,    59, -1,  39
734811,20111105,    10, -1,  33,    25,  1,  31
734811,20111105,    28,  1,  26,   110, -1,  21
734811,20111105,    46, -1,  41,    31,  1,  21
734811,20111105,    18,  1,  30,   116, -1,   7
734811,20111105,    23,  1,  28,    90, -1,  21
734811,20111105,     1,  1,  24,     8, -1,  14
734811,20111105,   103,  1,  29,     5, -1,  28
734811,20111105,     6,  1,  44,    86, -1,  28
734811,20111105,    48, -1,   9,     3,  1,   6
734811,20111105,   107, -1,  34,     4,  1,  21
734811,20111105,    85,  1,  45,    99, -1,  24
734811,20111105,    88, -1,  48,    26,  1,  28
734811,20111105,   118,  1,  62,    80, -1,  17
734811,20111105,    91, -1,  31,   120,  1,  20
734811,20111105,    35, -1,  56,   101,  1,  13
734811,20111105,    52,  1,  49,    24, -1,  14
734811,20111105,   111, -1,  31,    50,  1,  13
734811,20111105,     7, -1,  39,    27,  1,  21
734811,20111105,    55,  1,  31,    56, -1,  24
734811,20111105,    70, -1,  28,    64,  1,  25
734811,20111105,    62,  1,  42,    98, -1,  14
734811,20111105,    74,  1,  41,    95, -1,  25
734811,20111105,    73,  1,  34,    38, -1,  20
734811,20111105,    12, -1,  48,   105,  1,  21
734811,20111105,    63,  1,  13,    68, -1,   0
734811,20111105,    75,  1,  52,    42, -1,  45
734811,20111105,    89, -1,  38,    77,  1,  13
734811,20111105,    19, -1,  26,    79,  1,  23
734811,20111105,    36, -1,  32,    84,  1,  29
734811,20111105,    83,  1,  35,    66, -1,   7
734811,20111105,    82,  1,  20,    87, -1,  17
734811,20111105,    81,  1,  41,   109, -1,  37
734814,20111108,    97,  1,  66,   113, -1,  63
734814,20111108,    61, -1,  45,    14,  1,  14
734815,20111109,    92,  1,  24,    53, -1,  21
734816,20111110,    72, -1,  43,    17,  1,  28
734816,20111110,   112, -1,  37,    33,  1,  26
734816,20111110,    35, -1,  73,    99,  1,  17
734817,20111111,    87, -1,  37,    90,  1,  17
734818,20111112,    76, -1,  53,    89,  1,  30
734818,20111112,    32,  1,  45,     9, -1,   7
734818,20111112,   109,  1,  22,    26, -1,  17
734818,20111112,    69, -1,  38,    98,  1,  33
734818,20111112,   116,  1,  37,     5, -1,  27
734818,20111112,   111,  1,  31,    24, -1,  21
734818,20111112,    55, -1,  37,    39,  1,  21
734818,20111112,    54, -1,  31,    37,  1,  14
734818,20111112,    88,  1,  30,   102, -1,  29
734818,20111112,    42,  1,  53,    95, -1,  50
734818,20111112,    11, -1,  31,    41,  1,  30
734818,20111112,    18,  1,  23,    77, -1,   6
734818,20111112,    16,  1,  42,    36, -1,   7
734818,20111112,    21,  1,  48,     4, -1,  29
734818,20111112,   117, -1,  24,    19,  1,  21
734818,20111112,    20,  1,  31,   114, -1,  28
734818,20111112,    13,  1,  14,    63, -1,  10
734818,20111112,    75, -1,  66,    96,  1,   6
734818,20111112,   120, -1,  25,     1,  1,  17
734818,20111112,    83, -1,  18,    22,  1,  15
734818,20111112,   100,  1,  59,    49, -1,  17
734818,20111112,   107,  1,  31,   103, -1,   6
734818,20111112,   110,  1,  38,    44, -1,   8
734818,20111112,   108,  1,  34,    84, -1,  33
734818,20111112,    91, -1,  36,    12,  1,  35
734818,20111112,    30,  1,  23,    52, -1,  19
734818,20111112,    25,  1,  30,    15, -1,  17
734818,20111112,    62, -1,  24,    85,  1,  17
734818,20111112,   106,  1,  40,   115, -1,  17
734818,20111112,    86,  1,  17,    28, -1,  12
734818,20111112,    43, -1,  35,     2,  1,   3
734818,20111112,     6,  1,  49,    93, -1,   7
734818,20111112,     7,  1,  30,    45, -1,  21
734818,20111112,    82,  0,  27,     8,  0,  12
734818,20111112,    80,  1,  26,    73, -1,  23
734818,20111112,    64, -1,  17,    78,  1,  14
734818,20111112,   104,  1,  42,    60, -1,  14
734818,20111112,    67,  1,  48,    31, -1,  45
734818,20111112,    70,  1,  28,    81, -1,   6
734818,20111112,    59,  1,  17,    94, -1,   5
734818,20111112,    66,  1,  21,   105, -1,  14
734818,20111112,    65,  1,  42,    34, -1,  28
734818,20111112,    46, -1,  27,    57,  1,   7
734818,20111112,     3, -1,  24,    58,  1,   7
734818,20111112,   118, -1,  42,    56,  1,  13
734818,20111112,    79, -1,  21,    47,  1,  14
734818,20111112,    29,  1,  41,    27, -1,   7
734818,20111112,    48,  1,  42,   119, -1,   9
734818,20111112,    71,  0,  45,    50,  0,  21
734818,20111112,   101, -1,  41,    51,  1,  35
734821,20111115,    61,  1,  41,    10, -1,  38
734822,20111116,   113, -1,  24,    53,  1,  21
734822,20111116,    72, -1,  29,    14,  1,  28
734823,20111117,   112,  1,  24,    68, -1,  21
734823,20111117,   101,  1,  34,    88, -1,  31
734823,20111117,    49, -1,  23,    51,  1,  22
734824,20111118,    97, -1,  44,    17,  1,  17
734824,20111118,    40,  1,  37,    75, -1,  31
734825,20111119,    16,  1,  42,    67, -1,   7
734825,20111119,    11,  1,  45,    74, -1,  38
734825,20111119,   103,  1,  45,    21, -1,   6
734825,20111119,     1,  1,  45,   105, -1,  17
734825,20111119,    47, -1,  34,    23,  1,  20
734825,20111119,     6,  0,  44,    58,  0,  17
734825,20111119,     4, -1,  31,     5,  1,  27
734825,20111119,    26,  1,  38,   102, -1,  31
734825,20111119,   120,  1,  31,    66, -1,  10
734825,20111119,    33, -1,  38,    24,  1,  31
734825,20111119,   111, -1,  14,    30,  1,  13
734825,20111119,    15,  1,  51,     2, -1,  10
734825,20111119,    52, -1,   6,    87,  1,   3
734825,20111119,    48, -1,  52,    57,  1,   3
734825,20111119,     7, -1,  45,    60,  1,  19
734825,20111119,    54,  1,  45,    64, -1,  17
734825,20111119,    55,  1,  55,    38, -1,   3
734825,20111119,    46, -1,  24,    65,  1,  20
734825,20111119,    59,  1,  31,    96, -1,  27
734825,20111119,    70,  1,  28,    56, -1,  13
734825,20111119,    78, -1,  20,    73,  1,  14
734825,20111119,    71,  1,  16,    13, -1,  14
734825,20111119,    63,  1,  37,    20, -1,  13
734825,20111119,    29, -1,  28,   104,  1,  17
734825,20111119,   119, -1,  31,    69,  1,  21
734825,20111119,    77,  1,  38,   115, -1,  21
734825,20111119,   106, -1,  38,    76,  1,  35
734825,20111119,    39, -1,  31,    80,  1,  21
734825,20111119,    81,  1,  19,    99, -1,   7
734825,20111119,    82,  1,  20,    19, -1,   3
734825,20111119,    12, -1,  52,    83,  1,  35
734825,20111119,    84,  1,  27,    62, -1,  24
734825,20111119,   114,  1,  31,    50, -1,  10
734825,20111119,   107, -1,  30,   116,  1,  27
734825,20111119,    98,  1,  34,    27, -1,   7
734825,20111119,   100, -1,  57,   109,  1,  28
734825,20111119,    91,  1,  34,    22, -1,  10
734825,20111119,    43,  1,  28,    25, -1,  22
734825,20111119,   118, -1,  28,    37,  1,  17
734825,20111119,    35,  1,  37,    85, -1,   7
734825,20111119,   108, -1,  49,    36,  1,  42
734825,20111119,    31, -1,  24,    34,  1,  21
734825,20111119,    42, -1,  17,    94,  1,  13
734825,20111119,    95,  1,  61,    41, -1,   7
734825,20111119,    32,  1,  19,    44, -1,  10
734825,20111119,    89,  1,  31,    18, -1,  28
734825,20111119,    92,  1,  42,     8, -1,  14
734825,20111119,    93,  1,  27,   110, -1,  21
734828,20111122,    72,  1,  21,    53, -1,  14
734830,20111124,    94, -1,  27,    95,  1,  25
734831,20111125,    92,  1,  34,    43, -1,  16
734831,20111125,   117,  1,  21,    79, -1,  20
734831,20111125,   113,  1,  68,     2, -1,  19
734831,20111125,    61,  1,  18,    25, -1,  12
734831,20111125,    47, -1,  34,    87,  1,  24
734831,20111125,    14, -1,  42,    15,  1,  28
734831,20111125,    97, -1,  45,    10,  1,  28
734831,20111125,    48,  1,  41,     6, -1,  17
734831,20111125,    13, -1,  24,    52,  1,  17
734831,20111125,    64,  1,  20,    39, -1,   7
734831,20111125,   102,  1,  31,   109, -1,  14
734831,20111125,    18, -1,  47,     5,  1,  38
734831,20111125,    21, -1,  17,   107,  1,  14
734831,20111125,    35, -1,  48,   100,  1,  16
734832,20111126,    46,  1,  44,    67, -1,   0
734832,20111126,    27,  1,  38,   101, -1,  35
734832,20111126,    49,  1,  34,    26, -1,  27
734832,20111126,    54,  1,  40,    73, -1,  34
734832,20111126,    58,  1,  31,    57, -1,   3
734832,20111126,    83, -1,  31,   105,  1,  14
734832,20111126,    29, -1,  31,    60,  1,  18
734832,20111126,    56,  1,  27,    37, -1,   7
734832,20111126,    55, -1,  31,    70,  1,  17
734832,20111126,    63,  1,  56,    50, -1,  41
734832,20111126,    68,  1,  37,    24, -1,  21
734832,20111126,    76,  1,  49,    77, -1,  21
734832,20111126,    12,  1,  36,   120, -1,  14
734832,20111126,   118,  1,  45,    78, -1,   7
734832,20111126,    86,  1,  34,    20, -1,  13
734832,20111126,   106,  1,  50,   103, -1,   0
734832,20111126,    85,  1,  27,    81, -1,  24
734832,20111126,     4,  1,  45,    45, -1,  37
734832,20111126,     3, -1,  42,     9,  1,  14
734832,20111126,    23,  1,  40,    82, -1,  22
734832,20111126,   108,  1,  21,    65, -1,  17
734832,20111126,    30, -1,  21,    28,  1,   7
734832,20111126,    84, -1,  27,    31,  1,  24
734832,20111126,    11,  0,  66,    96,  0,  42
734832,20111126,     1, -1,  45,    22,  1,  21
734832,20111126,   119,  1,  41,    98, -1,  18
734832,20111126,   115,  1,  38,   116, -1,  21
734832,20111126,   110, -1,  41,   114,  1,   7
734832,20111126,   112, -1,  38,   111,  1,   0
734832,20111126,    80, -1,  33,    38,  1,  25
734832,20111126,    44,  1,  10,    93, -1,   7
734832,20111126,    59,  0,  24,    41,  0,  10
734832,20111126,    88,  1,  44,    51, -1,   7
734832,20111126,    19, -1,  30,    90,  1,  13
734832,20111126,    89,  1,  28,    71, -1,  14
734832,20111126,    34,  1,  35,    99, -1,  23
734832,20111126,    32, -1,  31,    33,  1,  17
734832,20111126,    74,  1,  26,    40, -1,   6
734837,20111201,   117, -1,  30,    87,  1,  27
734838,20111202,    61,  0,  23,    72,  0,  20
734838,20111202,    76,  1,  49,   103, -1,  31
734839,20111203,   104, -1,  26,    27,  1,   0
734839,20111203,    65,  1,  56,    36, -1,   3
734839,20111203,    75,  1,  44,    74, -1,  10
734839,20111203,    79,  1,  33,    90, -1,  20
734839,20111203,    83,  1,  35,    31, -1,  28
734839,20111203,   108, -1,  24,    67,  1,  21
734839,20111203,    69,  1,  59,    60, -1,   7
734839,20111203,    19,  1,  35,    23, -1,  27
734839,20111203,    11,  1,  48,    94, -1,  24
734839,20111203,   120, -1,  22,    22,  1,  19
734839,20111203,     7,  1,  45,    98, -1,  14
734839,20111203,    12,  1,  45,    66, -1,   0
734839,20111203,    16, -1,  41,    34,  1,  20
734839,20111203,    91,  1,  56,   105, -1,   9
734839,20111203,    42,  1,  30,    40, -1,  23
734839,20111203,    88, -1,  49,    35,  1,  28
734839,20111203,    48,  0,  42,    32,  0,  10
734839,20111203,    20,  0,  38,   112,  0,  10
734839,20111203,   118,  0,  42,    55,  0,  39
734846,20111210,    62,  1,  27,     8, -1,  21
734853,20111217,    45,  0,  32,    83,  0,  30
734853,20111217,    72,  0,  24,   108,  0,  23
734853,20111217,    92,  0,  37,   120,  0,  15
734856,20111220,    49,  0,  20,    29,  0,  10
734857,20111221,    91,  0,  31,    46,  0,  24
734858,20111222,    12,  0,  56,     5,  0,  24
734860,20111224,    88,  0,  24,    65,  0,  17
734862,20111226,    59,  0,  41,    68,  0,  24
734863,20111227,    63,  0,  31,    47,  0,  24
734863,20111227,    80,  0,  37,   113,  0,  32
734864,20111228,    94,  0,  21,    18,  0,  10
734864,20111228,    97,  0,  42,     1,  0,  41
734865,20111229,    11,  0,  67,   115,  0,  56
734865,20111229,    30,  0,  18,    71,  0,  14
734866,20111230,    58,  0,  23,   114,  0,  17
734866,20111230,    74,  0,  31,    39,  0,  14
734866,20111230,    82,  0,  27,    40,  0,  13
734866,20111230,    16,  0,  24,   100,  0,  21
734867,20111231,     9,  0,  43,   111,  0,  24
734867,20111231,    95,  0,  33,    70,  0,  22
734867,20111231,    37,  0,  20,   103,  0,  14
734867,20111231,   107,  0,  30,    33,  0,  27
734867,20111231,    19,  0,  31,   110,  0,  24
734869,20120102,    28,  0,  24,    73,  0,  17
734869,20120102,    55,  0,  33,    32,  0,  30
734869,20120102,    35,  0,  30,    78,  0,  14
734869,20120102,    76,  0,  45,   118,  0,  38
734869,20120102,    86,  0,  30,    64,  0,  13
734869,20120102,    75,  0,  41,    89,  0,  38
734870,20120103,    54,  0,  23,   112,  0,  20
734871,20120104,   117,  0,  70,    20,  0,  33
734873,20120106,     6,  0,  29,    42,  0,  16
734874,20120107,    85,  0,  28,    79,  0,   6
734875,20120108,    61,  0,  38,     7,  0,  20
734876,20120109,     3,  0,  21,    48,  0,   0
