736567,20160826,    19,  0,  51,    38,  0,  31
736573,20160901,    42, -1,  34,    31,  1,  13
736573,20160901,    51,  1,  70,    20, -1,  14
736573,20160901,   122,  1,   7,   107, -1,   3
736573,20160901,    61,  1,  30,    83, -1,  23
736573,20160901,    93, -1,  13,   118,  1,  10
736573,20160901,   100,  1,  20,     4, -1,  13
736573,20160901,   127,  1,  46,    87, -1,  14
736574,20160902,    11, -1,  31,    36,  1,  21
736574,20160902,    23,  0,  44,    24,  0,   7
736574,20160902,    96,  1,  26,    46, -1,  13
736574,20160902,     9, -1,  28,    99,  1,  13
736574,20160902,   105, -1,  31,     8,  1,  10
736575,20160903,    37,  0,  17,    14,  0,  14
736575,20160903,    30,  1,  24,    55, -1,   7
736575,20160903,    95, -1,  44,    48,  1,  35
736575,20160903,    59,  1,  63,    38, -1,   3
736575,20160903,    35,  0,  33,    73,  0,  24
736575,20160903,   103, -1,  56,    77,  1,  54
736575,20160903,    78,  1,  77,    15, -1,  10
736575,20160903,    84,  1,  33,    47, -1,  13
736575,20160903,   125,  1,  26,    64, -1,  11
736575,20160903,     3,  0,  52,   113,  0,   6
736575,20160903,     7,  1,  21,    50, -1,  20
736575,20160903,    43,  1,  45,    58, -1,  21
736575,20160903,    13, -1,  45,    49,  1,  10
736575,20160903,    92, -1,  21,    63,  1,  20
736575,20160903,    69,  1,  43,    33, -1,  10
736575,20160903,    91, -1,  34,    74,  1,  21
736575,20160903,   121, -1,  22,    75,  1,  21
736575,20160903,   102,  1,  31,   110, -1,  24
736575,20160903,   108,  1,  45,    90, -1,  10
736575,20160903,    22, -1,  19,    10,  1,  13
736575,20160903,    39,  1,  33,    79, -1,  23
736575,20160903,   126,  1,  16,    52, -1,  14
736575,20160903,   117,  1,  38,    72, -1,  22
736575,20160903,    17, -1,  18,     5,  1,  16
736575,20160903,   123,  1,  48,    88, -1,  13
736575,20160903,   128,  1,  40,    66, -1,  34
736576,20160904,   101,  1,  50,    76, -1,  47
736577,20160905,    32,  0,  45,    62,  0,  34
736581,20160909,    54, -1,  41,    31,  1,  14
736581,20160909,    51, -1,  62,    97,  1,  28
736582,20160910,     4,  1,  31,    81, -1,   7
736582,20160910,     9,  1,  31,    87, -1,  14
736582,20160910,    22,  1,  30,   106, -1,  24
736582,20160910,   122, -1,  24,    26,  1,  14
736582,20160910,    28,  1,  33,    68, -1,  30
736582,20160910,    30,  1,  45,    48, -1,   7
736582,20160910,    42,  1,  30,    11, -1,  20
736582,20160910,    14,  0,  26,    55,  0,   7
736582,20160910,    57,  1,  38,    29, -1,  10
736582,20160910,    59,  1,  51,   109, -1,  14
736582,20160910,    76,  1,  39,    70, -1,  10
736582,20160910,    78,  1,  48,   108, -1,   3
736582,20160910,    85,  1,  42,    84, -1,  39
736582,20160910,    21, -1,  38,    86,  1,  20
736582,20160910,    94,  1,  48,    66, -1,  17
736582,20160910,   100,  0,  45,   120,  0,  24
736582,20160910,    10,  1,  51,     8, -1,  14
736582,20160910,    12,  1,  40,    91, -1,  13
736582,20160910,    43,  1,  42,    44, -1,   3
736582,20160910,    77, -1,  37,    45,  1,  21
736582,20160910,    63,  1,  27,    93, -1,  14
736582,20160910,    64,  1,  61,    27, -1,  21
736582,20160910,    69,  1,  52,   128, -1,  17
736582,20160910,    79,  1,  59,   111, -1,  17
736582,20160910,    18, -1,  30,    80,  1,  27
736582,20160910,    34, -1,  24,    92,  1,   9
736582,20160910,     7, -1,  41,    98,  1,  38
736582,20160910,   101,  1,  41,   117, -1,   7
736582,20160910,   118,  1,  47,    65, -1,  24
736582,20160910,   126,  1,  54,     2, -1,  10
736582,20160910,    73, -1,  48,    41,  1,  23
736582,20160910,     3,  1,  38,   127, -1,  10
736582,20160910,     1,  1,  48,    36, -1,  14
736582,20160910,    13,  1,  31,   124, -1,  28
736582,20160910,    24,  1,  23,   114, -1,  14
736582,20160910,    72,  1,  32,    71, -1,  31
736582,20160910,   115,  1,  20,    17, -1,  19
736582,20160910,     6,  1,  68,   104, -1,  55
736582,20160910,    82,  1,  44,   119, -1,  26
736582,20160910,   110,  1,  42,   112, -1,  21
736582,20160910,   113,  1,  45,   116, -1,   7
736582,20160910,   123,  1,  59,    40, -1,  14
736582,20160910,    67,  1,  28,    25, -1,  24
736582,20160910,    89,  1,  45,    19, -1,  40
736587,20160915,    39, -1,  40,    21,  1,  16
736588,20160916,     6, -1,  32,   114,  1,  28
736588,20160916,    12, -1,  38,    87,  1,  10
736588,20160916,   116,  1,  34,     8, -1,  20
736589,20160917,    57, -1,  45,     4,  1,  10
736589,20160917,    65, -1,  41,    15,  1,  21
736589,20160917,    18,  1,  44,   112, -1,  21
736589,20160917,    27, -1,  37,    20,  1,  19
736589,20160917,    25,  1,  13,   119, -1,  10
736589,20160917,    30,  1,  32,    74, -1,   0
736589,20160917,    34,  1,  23,   111, -1,  21
736589,20160917,    37,  1,  38,   118, -1,   7
736589,20160917,    48,  1,  62,    72, -1,  42
736589,20160917,     2, -1,  65,    53,  1,  38
736589,20160917,    55,  1,  21,    31, -1,  13
736589,20160917,    59,  1,  45,    23, -1,  28
736589,20160917,    68,  1,  49,    81, -1,  22
736589,20160917,    84,  1,  34,    99, -1,  27
736589,20160917,    88,  1,  37,    71, -1,  28
736589,20160917,    93,  1,  20,    28, -1,  15
736589,20160917,    94, -1,  45,    97,  1,  20
736589,20160917,   100,  1,  28,    77, -1,  19
736589,20160917,   105,  1,  52,    33, -1,  17
736589,20160917,    54, -1,  30,   109,  1,  24
736589,20160917,   120,  1,  49,    14, -1,   0
736589,20160917,    60, -1,  36,    76,  1,  28
736589,20160917,    51,  1,  63,    32, -1,  20
736589,20160917,   127, -1,  31,    58,  1,  24
736589,20160917,     7,  1,  42,   103, -1,   3
736589,20160917,   102, -1,  29,    10,  1,  16
736589,20160917,   121, -1,  34,    41,  1,  10
736589,20160917,    46,  1,  63,    29, -1,   7
736589,20160917,    52,  1,  23,    63, -1,  20
736589,20160917,    49,  1,  28,    92, -1,  23
736589,20160917,    56,  1,  43,    45, -1,   7
736589,20160917,    35, -1,  28,    64,  1,  27
736589,20160917,    89, -1,  42,    66,  1,  28
736589,20160917,    75,  1,  24,    26, -1,  13
736589,20160917,    80,  1,  45,    85, -1,  38
736589,20160917,   106, -1,  37,    95,  1,  31
736589,20160917,    98,  1,  41,    44, -1,  20
736589,20160917,   104,  1,  59,    50, -1,  45
736589,20160917,   126,  1,  23,    36, -1,  17
736589,20160917,     3, -1,  48,    62,  1,  43
736589,20160917,    78, -1,  45,    79,  1,  24
736589,20160917,    67, -1,  21,   107,  1,  14
736589,20160917,    69,  1,  35,    82, -1,  32
736589,20160917,   110, -1,  17,    17,  1,  14
736589,20160917,     9, -1,  66,   117,  1,  14
736589,20160917,     5,  1,  47,    38, -1,  28
736589,20160917,    19,  1,  50,   101, -1,  43
736589,20160917,    70,  1,  38,    16, -1,  14
736589,20160917,    96,  1,  27,   113, -1,  10
736589,20160917,   124,  1,  56,    40, -1,   6
736589,20160917,   115, -1,  34,    90,  1,  17
736594,20160922,    22, -1,  26,    37,  1,   7
736595,20160923,   115,  1,  31,   113, -1,  27
736595,20160923,    27,  1,  27,   128, -1,  24
736595,20160923,    98, -1,  33,    91,  1,   3
736596,20160924,     4, -1,  45,     2,  1,  38
736596,20160924,    16,  1,  23,     9, -1,  20
736596,20160924,    21,  1,  27,    58, -1,  20
736596,20160924,    97, -1,  31,    25,  1,  24
736596,20160924,   109, -1,  53,    31,  1,  14
736596,20160924,    11, -1,  31,    29,  1,  27
736596,20160924,   122, -1,  33,    42,  1,  28
736596,20160924,    48,  1,  17,    93, -1,  10
736596,20160924,    51, -1,  59,    53,  1,  28
736596,20160924,    63, -1,  47,    55,  1,  35
736596,20160924,    59,  1,  49,    84, -1,  10
736596,20160924,    73,  1,  37,    85, -1,  36
736596,20160924,    26, -1,  38,    76,  1,  35
736596,20160924,    81,  1,  33,   114, -1,  19
736596,20160924,    86,  1,  24,    70, -1,  14
736596,20160924,    99,  1,  48,    20, -1,  20
736596,20160924,   119,  1,  49,    18, -1,  35
736596,20160924,   120,  1,  54,    28, -1,  17
736596,20160924,   125,  0,  35,    17,  0,  32
736596,20160924,   121,  1,  49,    34, -1,  31
736596,20160924,    43, -1,  14,    88,  1,   7
736596,20160924,    32, -1,  55,    94,  1,  35
736596,20160924,   126, -1,  30,    60,  1,   6
736596,20160924,   100,  1,  38,    30, -1,  28
736596,20160924,     3,  1,  48,    47, -1,   0
736596,20160924,    44,  1,  44,    90, -1,  10
736596,20160924,    56,  1,  77,    15, -1,   3
736596,20160924,    65,  1,  38,    50, -1,  34
736596,20160924,    61,  1,  31,    24, -1,  24
736596,20160924,    69, -1,  24,    75,  1,  13
736596,20160924,    62,  1,  45,    35, -1,  14
736596,20160924,    74, -1,  42,    87,  1,  35
736596,20160924,    95, -1,  34,   117,  1,   7
736596,20160924,   102,  0,  45,     7,  0,  24
736596,20160924,   106,  1,  52,    72, -1,   6
736596,20160924,   107,  1,  41,    49, -1,  39
736596,20160924,   118, -1,  31,   127,  1,  30
736596,20160924,    39, -1,  64,   103,  1,   3
736596,20160924,    10,  1,  18,    52, -1,  13
736596,20160924,    12,  1,  35,    80, -1,  24
736596,20160924,     1, -1,  27,   116,  1,  20
736596,20160924,   123, -1,  35,     5,  1,  28
736596,20160924,     6,  1,  51,    19, -1,  41
736596,20160924,    23, -1,  41,    82,  1,  38
736596,20160924,    13, -1,  38,    83,  1,  24
736596,20160924,    40, -1,  33,   112,  1,  30
736596,20160924,    96, -1,  22,   110,  1,  13
736596,20160924,   108, -1,  48,    33,  1,  41
736601,20160929,    39,  1,  42,    25, -1,  14
736601,20160929,   104,  1,  55,    45, -1,  19
736602,20160930,    17,  1,  55,   105, -1,  53
736602,20160930,   123,  1,  44,    96, -1,   6
736603,20161001,     4,  1,  17,    36, -1,   3
736603,20161001,    66, -1,  31,    11,  1,  24
736603,20161001,    14,  1,  35,    16, -1,   3
736603,20161001,    27, -1,  28,    15,  1,  25
736603,20161001,   121, -1,  49,    18,  1,  10
736603,20161001,    81, -1,  52,    20,  1,  17
736603,20161001,    94, -1,  45,    21,  1,  20
736603,20161001,    22,  1,  42,    51, -1,  36
736603,20161001,   119, -1,  34,    26,  1,  20
736603,20161001,   109, -1,  47,    28,  1,  29
736603,20161001,    31,  1,  33,    29, -1,  31
736603,20161001,    57, -1,  35,    37,  1,  21
736603,20161001,     2, -1,  31,    47,  1,  27
736603,20161001,    54,  1,  50,    86, -1,   7
736603,20161001,   107, -1,  31,    55,  1,  24
736603,20161001,    77, -1,  17,    58,  1,   7
736603,20161001,    68,  1,  33,   122, -1,  16
736603,20161001,    78,  1,  58,    88, -1,   0
736603,20161001,    84,  1,  29,    61, -1,  26
736603,20161001,    85,  1,  43,    53, -1,  27
736603,20161001,   102, -1,  24,    93,  1,  13
736603,20161001,    99,  1,  45,    91, -1,  20
736603,20161001,   125,  1,  17,    46, -1,  16
736603,20161001,    42,  1,  24,    60, -1,  21
736603,20161001,    76,  0,  50,    97,  0,  33
736603,20161001,    73, -1,  37,    32,  1,  35
736603,20161001,    59,  1,  14,   126, -1,   7
736603,20161001,   100, -1,  34,    35,  1,  31
736603,20161001,     3,  1,  34,    48, -1,   6
736603,20161001,    10,  1,  58,   111, -1,   7
736603,20161001,    52,  1,  42,    64, -1,   7
736603,20161001,    50,  1,  28,   117, -1,   7
736603,20161001,    69,  1,  31,    41, -1,  16
736603,20161001,    65, -1,  30,    74,  1,  13
736603,20161001,    80,  1,  49,   101, -1,  31
736603,20161001,    62,  1,  48,    56, -1,  28
736603,20161001,    92,  1,  42,    89, -1,  24
736603,20161001,    95,  1,  44,    87, -1,  28
736603,20161001,    79, -1,  52,    98,  1,  46
736603,20161001,    12, -1,  45,    44,  1,  42
736603,20161001,    75, -1,  38,    43,  1,  31
736603,20161001,    30, -1,  13,   118,  1,   6
736603,20161001,    13,  1,  21,   116, -1,  10
736603,20161001,    23,  1,  47,    83, -1,   6
736603,20161001,   128, -1,  38,    24,  1,  17
736603,20161001,    71,  1,  48,    90, -1,  41
736603,20161001,    72,  1,  37,    49, -1,  31
736603,20161001,   106, -1,  34,    40,  1,  13
736603,20161001,   110,  1,  45,     5, -1,  24
736603,20161001,   113,  1,  41,     6, -1,  20
736603,20161001,    19,  1,  28,   115, -1,  23
736603,20161001,   124,  1,  51,    82, -1,  33
736603,20161001,     1,  1,  28,    67, -1,  14
736603,20161001,    38,  1,  38,    70, -1,  17
736603,20161001,   112,  1,  45,    33, -1,  20
736607,20161005,     8,  1,  27,    34, -1,  26
736608,20161006,    56,  1,  34,    99, -1,  27
736608,20161006,    50,  1,  55,   127, -1,  52
736609,20161007,    22, -1,  56,    14,  1,  10
736609,20161007,   108,  1,  43,    91, -1,  40
736609,20161007,    13, -1,  49,    71,  1,  21
736609,20161007,    81,  1,  36,    55, -1,  16
736610,20161008,     2,  1,  35,    58, -1,  13
736610,20161008,    47, -1,  44,    16,  1,  20
736610,20161008,    18,  1,  24,    11, -1,  21
736610,20161008,    25,  1,  20,    21, -1,   9
736610,20161008,    26,  1,  13,     9, -1,   6
736610,20161008,   105, -1,  35,    27,  1,  20
736610,20161008,    36,  1,  41,   103, -1,  21
736610,20161008,    48,  1,  20,   118, -1,  13
736610,20161008,    17, -1,  31,    60,  1,  14
736610,20161008,   120, -1,  34,    73,  1,   3
736610,20161008,    77,  1,  30,    15, -1,  24
736610,20161008,    78,  1,  38,    42, -1,  17
736610,20161008,    84,  1,  38,    54, -1,  14
736610,20161008,    85,  1,  37,    37, -1,  34
736610,20161008,    94,  1,  38,    28, -1,  22
736610,20161008,   122,  1,  28,    97, -1,   9
736610,20161008,   121,  1,  45,    66, -1,  30
736610,20161008,    68,  1,  10,    76, -1,   3
736610,20161008,    59, -1,  78,    88,  1,   0
736610,20161008,    32, -1,  20,    57,  1,  19
736610,20161008,    86, -1,  34,    41,  1,  31
736610,20161008,    46,  1,  44,   104, -1,  38
736610,20161008,    40, -1,  34,   111,  1,  31
736610,20161008,    10, -1,  38,    63,  1,  14
736610,20161008,    74,  1,  38,    53, -1,  21
736610,20161008,    80,  1,  38,    44, -1,  31
736610,20161008,   114,  1,  55,    95, -1,  32
736610,20161008,     3, -1,  49,     7,  1,  30
736610,20161008,    79,  0,  45,   101,  0,  40
736610,20161008,    98, -1,  24,    45,  1,  23
736610,20161008,    43, -1,  14,    61,  1,   7
736610,20161008,   102,  1,  45,   100, -1,  38
736610,20161008,    31, -1,  35,   117,  1,  21
736610,20161008,   115,  1,  36,     5, -1,  23
736610,20161008,   128,  1,  35,     1, -1,  26
736610,20161008,     6,  1,  23,   110, -1,  20
736610,20161008,    70,  1,  27,    33, -1,  22
736610,20161008,   123, -1,  70,    82,  1,  21
736610,20161008,    83,  1,  47,    19, -1,  44
736610,20161008,    89,  1,  26,   112, -1,   7
736610,20161008,    38, -1,  34,    90,  1,  17
736610,20161008,   124, -1,  42,    96,  1,  16
736610,20161008,   113,  1,  21,    23, -1,  17
736610,20161008,    67,  1,  46,    39, -1,  40
736610,20161008,    24,  1,  31,   116, -1,  24
736611,20161009,    20, -1,  28,    29,  1,  23
736611,20161009,    35, -1,  28,    93,  1,  14
736614,20161012,     4, -1,  24,    49,  1,   0
736616,20161014,    51,  1,  24,    26, -1,  14
736616,20161014,    56, -1,  24,   107,  1,  14
736616,20161014,    17,  1,  28,    63, -1,  21
736616,20161014,    89, -1,  17,    33,  1,   3
736617,20161015,   121, -1,  41,     2,  1,   0
736617,20161015,    11, -1,  31,    16,  1,  21
736617,20161015,    31, -1,  27,    20,  1,  26
736617,20161015,    22,  1,  24,    68, -1,  17
736617,20161015,    30,  1,  40,    64, -1,  14
736617,20161015,    32,  1,  17,   122, -1,   6
736617,20161015,   118, -1,  17,    35,  1,  16
736617,20161015,    37,  1,  35,    34, -1,  24
736617,20161015,    69, -1,  27,    42,  1,  22
736617,20161015,    53,  1,  27,    29, -1,  21
736617,20161015,    61, -1,  31,    54,  1,  10
736617,20161015,    50, -1,  56,    55,  1,  28
736617,20161015,    58,  1,  18,    47, -1,  14
736617,20161015,    27, -1,  27,    77,  1,  20
736617,20161015,    41, -1,  24,    88,  1,   7
736617,20161015,    94,  1,  42,    25, -1,  27
736617,20161015,    97,  1,  31,   120, -1,  17
736617,20161015,   105,  1,  42,    15, -1,  35
736617,20161015,    99, -1,  26,   109,  1,  25
736617,20161015,    85, -1,  45,   119,  1,  31
736617,20161015,     3, -1,  49,   100,  1,  10
736617,20161015,    96, -1,  17,    76,  1,  10
736617,20161015,    43, -1,  49,    86,  1,  35
736617,20161015,    73, -1,  20,    57,  1,  13
736617,20161015,    75, -1,  54,    60,  1,  40
736617,20161015,     8,  1,  17,    92, -1,   7
736617,20161015,    12,  1,  49,    45, -1,   7
736617,20161015,    39,  1,  38,   108, -1,  31
736617,20161015,    52,  1,  45,    95, -1,  10
736617,20161015,   111,  1,  40,   103, -1,  34
736617,20161015,    71,  0,  45,     1,  0,  40
736617,20161015,    18, -1,  34,    66,  1,  28
736617,20161015,    79,  1,  38,    46, -1,  17
736617,20161015,   114, -1,  14,    87,  1,  13
736617,20161015,   101,  1,  27,    44, -1,   6
736617,20161015,   125, -1,  48,   104,  1,  17
736617,20161015,   106,  1,  31,    36, -1,  21
736617,20161015,     7,  1,  34,    62, -1,  30
736617,20161015,   127, -1,  44,    65,  1,  43
736617,20161015,    13,  1,  28,    24, -1,  23
736617,20161015,    23,  1,  40,     6, -1,  16
736617,20161015,   113, -1,  48,     5,  1,  14
736617,20161015,    40,  1,  55,    72, -1,  23
736617,20161015,   124,  1,  27,   110, -1,  21
736617,20161015,   115, -1,  19,    83,  1,  14
736617,20161015,   112, -1,  41,    38,  1,  38
736617,20161015,    78, -1,  30,   126,  1,  23
736617,20161015,    90,  1,  14,    70, -1,  10
736622,20161020,   120,  1,  37,    57, -1,  16
736622,20161020,   106, -1,  28,    92,  1,  21
736622,20161020,    13,  1,  28,    17, -1,  27
736623,20161021,    99,  1,  46,    94, -1,  30
736623,20161021,    19,  1,  52,    82, -1,  49
736623,20161021,    89,  1,  42,    90, -1,   3
736624,20161022,     4,  1,  37,    40, -1,  19
736624,20161022,    74, -1,  35,     9,  1,  18
736624,20161022,     2, -1,  35,    11,  1,  25
736624,20161022,    97, -1,  28,    14,  1,  20
736624,20161022,    58, -1,  40,    15,  1,  26
736624,20161022,    21,  1,  31,    28, -1,  19
736624,20161022,   109, -1,  24,    25,  1,  16
736624,20161022,    50, -1,  44,    31,  1,  24
736624,20161022,    77, -1,  14,    47,  1,  10
736624,20161022,    48,  1,  40,    63, -1,  38
736624,20161022,    51,  1,  54,    68, -1,  13
736624,20161022,    20, -1,  27,    53,  1,  24
736624,20161022,    59,  1,  41,    41, -1,   8
736624,20161022,    93,  1,  34,    55, -1,  28
736624,20161022,   105,  1,  31,    18, -1,  17
736624,20161022,   121,  1,  45,    27, -1,  31
736624,20161022,    54,  1,  28,    60, -1,  17
736624,20161022,   125,  1,  34,    98, -1,  10
736624,20161022,    73, -1,  35,   119,  1,  14
736624,20161022,     3,  1,  33,   102, -1,  14
736624,20161022,    10,  1,  56,     7, -1,   3
736624,20161022,    46,  1,  24,   101, -1,  21
736624,20161022,    61,  1,  34,    88, -1,  32
736624,20161022,    65, -1,  51,    64,  1,  45
736624,20161022,    69,  1,  27,    86, -1,  14
736624,20161022,    66,  1,  44,    16, -1,   7
736624,20161022,    75,  1,  24,    42, -1,  14
736624,20161022,    49, -1,  27,   103,  1,   3
736624,20161022,   108,  1,  50,   107, -1,  27
736624,20161022,   117, -1,  52,   114,  1,  49
736624,20161022,   127,  1,  59,    81, -1,  24
736624,20161022,    79, -1,  66,   104,  1,  59
736624,20161022,    91,  1,  38,    39, -1,  16
736624,20161022,    52,  1,  38,    62, -1,  21
736624,20161022,    80, -1,  44,    45,  1,  20
736624,20161022,   126, -1,  17,    43,  1,   9
736624,20161022,    38, -1,  34,     1,  1,  27
736624,20161022,    71,  1,  59,   111, -1,  17
736624,20161022,    34, -1,  22,    72,  1,  19
736624,20161022,   124, -1,  37,     6,  1,  32
736624,20161022,   128, -1,  42,    70,  1,  34
736624,20161022,    23, -1,  10,    96,  1,   5
736624,20161022,    24, -1,  42,   112,  1,  23
736624,20161022,   123,  1,  41,    83, -1,  17
736624,20161022,   115, -1,  52,   110,  1,  45
736624,20161022,    67,  1,  42,    56, -1,  28
736624,20161022,    84,  1,  24,    78, -1,  21
736624,20161022,   116,  1,  38,    33, -1,  20
736629,20161027,    16,  1,  41,     2, -1,  20
736629,20161027,   120, -1,  39,    85,  1,  36
736629,20161027,    77, -1,  31,   105,  1,  26
736629,20161027,   113,  1,  45,    19, -1,  24
736629,20161027,     4, -1,  34,    34,  1,  10
736630,20161028,    94,  1,  52,    67, -1,  45
736630,20161028,    89, -1,  40,   116,  1,  13
736630,20161028,     1, -1,  31,    33,  1,  21
736631,20161029,    47, -1,  27,    18,  1,  24
736631,20161029,    28,  1,  41,    25, -1,   3
736631,20161029,    58, -1,  28,    27,  1,  15
736631,20161029,    65, -1,  42,    31,  1,  35
736631,20161029,    30,  0,  24,    35,  0,  10
736631,20161029,    37,  1,  38,    26, -1,  35
736631,20161029,    42,  1,  42,    54, -1,  36
736631,20161029,    14, -1,  21,    68,  1,  14
736631,20161029,    76,  1,  30,    57, -1,  27
736631,20161029,    84, -1,  62,    86,  1,  24
736631,20161029,    99,  1,  34,    21, -1,  13
736631,20161029,    51, -1,  32,   119,  1,  25
736631,20161029,     9, -1,  21,   122,  1,  13
736631,20161029,    22, -1,  37,    32,  1,  34
736631,20161029,    59, -1,  32,    60,  1,  23
736631,20161029,    93,  1,  24,   100, -1,  21
736631,20161029,   127, -1,  52,    29,  1,   3
736631,20161029,     8,  1,  51,   111, -1,  10
736631,20161029,    39,  1,  31,   109, -1,  24
736631,20161029,    61, -1,  40,    41,  1,  17
736631,20161029,    46, -1,  31,    44,  1,  26
736631,20161029,    50,  1,  61,    87, -1,  16
736631,20161029,   108, -1,  59,    56,  1,  30
736631,20161029,    48, -1,  35,    64,  1,  21
736631,20161029,    79,  1,  56,    45, -1,   3
736631,20161029,    80,  1,  37,   125, -1,  20
736631,20161029,    10, -1,  40,    62,  1,  29
736631,20161029,    92,  1,  13,    36, -1,  10
736631,20161029,    95,  1,  24,    53, -1,  14
736631,20161029,   104, -1,  27,    98,  1,  24
736631,20161029,   102,  1,  52,    72, -1,  10
736631,20161029,    91, -1,  35,   107,  1,  31
736631,20161029,   114,  1,  31,    74, -1,  17
736631,20161029,   126,  1,  23,    69, -1,  17
736631,20161029,   101,  1,  35,    12, -1,  34
736631,20161029,    81, -1,  31,   117,  1,  21
736631,20161029,   123, -1,  31,   115,  1,  24
736631,20161029,    82,  1,  54,     6, -1,  35
736631,20161029,   124, -1,  35,    83,  1,  31
736631,20161029,    96, -1,  34,     5,  1,  10
736631,20161029,    78,  1,  24,    75, -1,  20
736631,20161029,    71, -1,  28,    38,  1,  21
736631,20161029,   128,  1,  30,    13, -1,  28
736631,20161029,    90,  1,  30,   112, -1,  24
736634,20161101,   121, -1,  52,    11,  1,  20
736634,20161101,    66,  1,  45,    15, -1,  20
736635,20161102,   105, -1,  48,     2,  1,  17
736636,20161103,    77,  1,  34,    16, -1,  10
736636,20161103,    79, -1,  34,    44,  1,  24
736636,20161103,    23,  1,  20,   110, -1,  10
736636,20161103,     8, -1,  31,    36,  1,  16
736637,20161104,    99, -1,  21,    25,  1,   0
736637,20161104,    58,  1,  37,    18, -1,  17
736637,20161104,    13,  1,  45,    90, -1,  31
736638,20161105,   109,  1,  37,   107, -1,   6
736638,20161105,     4,  1,  35,   103, -1,  10
736638,20161105,     1, -1,  31,     9,  1,  12
736638,20161105,    51, -1,  52,    14,  1,   7
736638,20161105,    17, -1,  20,    21,  1,   3
736638,20161105,    22,  1,  54,    97, -1,   0
736638,20161105,   120, -1,  24,    26,  1,  21
736638,20161105,    35, -1,  27,    48,  1,  24
736638,20161105,    57,  1,  51,    85, -1,  28
736638,20161105,    59,  1,  59,    54, -1,   3
736638,20161105,    73,  1,  48,    37, -1,  20
736638,20161105,    81,  1,  38,    53, -1,  14
736638,20161105,    42, -1,  33,    88,  1,  27
736638,20161105,    93,  1,  31,    64, -1,  21
736638,20161105,   122,  1,  27,   119, -1,  20
736638,20161105,   125,  1,  48,    45, -1,  21
736638,20161105,    84,  1,  41,    43, -1,  14
736638,20161105,    67,  0,  28,    76,  0,  27
736638,20161105,    32, -1,  24,    68,  1,  20
736638,20161105,    10,  1,  23,   118, -1,  16
736638,20161105,    40, -1,  23,    49,  1,  13
736638,20161105,   111,  1,  42,    92, -1,  35
736638,20161105,   114, -1,  45,    65,  1,  25
736638,20161105,    61,  1,  44,    86, -1,  31
736638,20161105,    63,  1,  35,   102, -1,  28
736638,20161105,    50, -1,  45,    74,  1,  24
736638,20161105,    62,  1,  37,    34, -1,  27
736638,20161105,    29, -1,  42,    87,  1,  25
736638,20161105,    56, -1,  51,    91,  1,   7
736638,20161105,    20, -1,  38,    95,  1,  27
736638,20161105,   101, -1,  45,   104,  1,  37
736638,20161105,   106,  1,  52,    55, -1,  31
736638,20161105,   108,  1,  45,    28, -1,  24
736638,20161105,   127,  1,  49,    31, -1,  21
736638,20161105,     3, -1,  10,    52,  1,   0
736638,20161105,    41,  1,  31,    60, -1,  27
736638,20161105,    98, -1,  62,    12,  1,  22
736638,20161105,    80, -1,  43,    46,  1,  37
736638,20161105,   126, -1,  21,    75,  1,   7
736638,20161105,     7,  1,  31,    30, -1,  10
736638,20161105,    24,  1,  37,    33, -1,   0
736638,20161105,    71,  1,  35,    70, -1,  26
736638,20161105,   128,  1,  52,   116, -1,  28
736638,20161105,   123, -1,  66,    19,  1,  27
736638,20161105,    96,  1,  26,    83, -1,  15
736638,20161105,   124,  1,  69,     5, -1,   7
736638,20161105,   113,  1,  45,    82, -1,  20
736638,20161105,    89,  1,  55,    38, -1,   0
736638,20161105,    78,  1,  62,    69, -1,   3
736641,20161108,    27, -1,  48,    11,  1,  41
736641,20161108,   121, -1,  37,    47,  1,  21
736642,20161109,    15, -1,  38,     2,  1,  28
736642,20161109,   105, -1,  31,    66,  1,  24
736643,20161110,    26,  1,  28,    73, -1,  27
736643,20161110,   115, -1,  49,     6,  1,  26
736643,20161110,    49, -1,  33,    34,  1,  26
736644,20161111,    32,  1,  45,    14, -1,   7
736645,20161112,    58, -1,  35,    16,  1,  24
736645,20161112,    87, -1,  22,    20,  1,  21
736645,20161112,    85, -1,  43,    22,  1,  42
736645,20161112,    91, -1,  55,    28,  1,  31
736645,20161112,    30,  1,  20,    93, -1,   7
736645,20161112,    29,  1,  35,   117, -1,  31
736645,20161112,    35,  1,  13,    10, -1,   7
736645,20161112,   111, -1,  37,    36,  1,  23
736645,20161112,    84, -1,  45,    42,  1,  31
736645,20161112,    51,  1,  44,   122, -1,  12
736645,20161112,    53,  1,  42,    65, -1,  17
736645,20161112,    60,  1,  49,    88, -1,   0
736645,20161112,    67,  1,  42,   108, -1,  40
736645,20161112,    68, -1,  35,    97,  1,  20
736645,20161112,   100,  1,  49,    48, -1,  36
736645,20161112,   109,  1,  24,    21, -1,   3
736645,20161112,    57, -1,  34,   119,  1,  14
736645,20161112,    37, -1,  30,   120,  1,  20
736645,20161112,    78, -1,  62,    54,  1,   3
736645,20161112,    75, -1,  45,    86,  1,  17
736645,20161112,     3,  1,  51,    63, -1,   3
736645,20161112,     8,  1,  41,    72, -1,  22
736645,20161112,    39,  1,  30,   107, -1,  18
736645,20161112,    44, -1,  31,    45,  1,  24
736645,20161112,    50,  1,  63,   114, -1,  35
736645,20161112,    94, -1,  49,    56,  1,  42
736645,20161112,    64,  1,  26,   118, -1,  17
736645,20161112,    69,  1,  24,    61, -1,  17
736645,20161112,    76,  0,  44,     9,  0,   6
736645,20161112,    80,  1,  45,   104, -1,  44
736645,20161112,    81,  1,  51,    95, -1,  35
736645,20161112,   125, -1,  24,   101,  1,  20
736645,20161112,    40, -1,  47,   103,  1,  14
736645,20161112,   106,  1,  28,     4, -1,  24
736645,20161112,   127,  1,  45,    74, -1,   7
736645,20161112,   126,  1,  48,    41, -1,   3
736645,20161112,    62, -1,  29,   102,  1,  28
736645,20161112,    79,  1,  45,    12, -1,  24
736645,20161112,    52, -1,  38,     7,  1,  10
736645,20161112,     1,  1,  49,    24, -1,  46
736645,20161112,    23, -1,  49,     5,  1,  24
736645,20161112,    71, -1,  24,   116,  1,  21
736645,20161112,   110,  1,  38,    83, -1,  24
736645,20161112,   112,  1,  69,   128, -1,  66
736645,20161112,   113, -1,  26,   123,  1,  13
736645,20161112,   124,  1,  56,    19, -1,  21
736645,20161112,    96, -1,  52,    82,  1,  27
736645,20161112,    13, -1,  52,    38,  1,  16
736645,20161112,    43,  1,  14,    59, -1,  13
736645,20161112,    89, -1,  46,    70,  1,  16
736648,20161115,    15,  1,  42,    47, -1,   7
736648,20161115,    18,  1,  27,    77, -1,  20
736649,20161116,    66, -1,  31,    27,  1,  24
736649,20161116,   105,  1,  37,    11, -1,  19
736650,20161117,    39,  1,  36,    51, -1,  10
736650,20161117,     8, -1,  35,   106,  1,   3
736651,20161118,    56, -1,  34,    21,  1,   7
736651,20161118,    13,  1,  42,   112, -1,  25
736652,20161119,    30, -1,  16,    52,  1,  10
736652,20161119,    67, -1,  66,    28,  1,  31
736652,20161119,     4,  1,  42,   111, -1,  17
736652,20161119,    14,  1,  30,    25, -1,   0
736652,20161119,    65, -1,  38,    20,  1,  31
736652,20161119,    31,  1,  31,    53, -1,  14
736652,20161119,    81, -1,  42,    29,  1,  24
736652,20161119,    35,  1,  35,    49, -1,  21
736652,20161119,    36,  1,  30,    34, -1,  24
736652,20161119,    37,  1,  31,   119, -1,  17
736652,20161119,    59,  1,  20,    42, -1,  10
736652,20161119,    57, -1,  27,    68,  1,  13
736652,20161119,   120, -1,  34,    76,  1,  31
736652,20161119,    85,  1,  56,    26, -1,  14
736652,20161119,    84, -1,  39,    88,  1,   0
736652,20161119,   100,  1,  63,    64, -1,  37
736652,20161119,   108, -1,  35,   109,  1,  20
736652,20161119,   121,  1,  38,    16, -1,   0
736652,20161119,    22, -1,  35,   122,  1,  13
736652,20161119,    78, -1,  17,    60,  1,  16
736652,20161119,    79, -1,  56,   125,  1,  28
736652,20161119,    32, -1,  45,    97,  1,  14
736652,20161119,   126, -1,  49,    86,  1,  20
736652,20161119,    46, -1,  42,    12,  1,  21
736652,20161119,    44,  1,  66,   104, -1,  10
736652,20161119,    45,  1,  24,   101, -1,  21
736652,20161119,     7, -1,  58,    63,  1,  42
736652,20161119,    69,  1,  28,    54, -1,   7
736652,20161119,    74,  1,  29,    95, -1,  23
736652,20161119,    87,  1,  44,   117, -1,  24
736652,20161119,    94, -1,  35,    91,  1,  27
736652,20161119,   102,  1,  23,   114, -1,  10
736652,20161119,    99, -1,  31,   107,  1,   0
736652,20161119,    43, -1,  28,    41,  1,   0
736652,20161119,   118,  1,  38,    62, -1,  17
736652,20161119,    80, -1,  31,    98,  1,   6
736652,20161119,    61,  1,  29,    75, -1,  12
736652,20161119,    17,  1,  51,    55, -1,   9
736652,20161119,    23,  1,  38,   124, -1,  24
736652,20161119,    24,  1,  49,    71, -1,  31
736652,20161119,    72,  1,  50,   103, -1,  10
736652,20161119,    82, -1,  30,   115,  1,  28
736652,20161119,    38, -1,  14,    33,  1,  13
736652,20161119,    70,  1,  38,   116, -1,  37
736652,20161119,    83,  1,  42,     5, -1,  17
736652,20161119,   113, -1,  36,   110,  1,  14
736652,20161119,   123,  1,  44,     6, -1,  18
736652,20161119,    96, -1,  45,    19,  1,  31
736652,20161119,   128,  1,  34,    89, -1,  33
736652,20161119,     1, -1,  41,    90,  1,  38
736655,20161122,    27,  1,  26,    18, -1,  21
736655,20161122,    58,  1,  21,    11, -1,  20
736655,20161122,    77,  1,   9,     2, -1,   3
736657,20161124,    52, -1,  54,   102,  1,  39
736658,20161125,    15,  1,  27,    16, -1,  19
736658,20161125,    66, -1,  31,    47,  1,  21
736658,20161125,    68, -1,  28,    73,  1,  21
736658,20161125,   121,  1,  55,   105, -1,  35
736658,20161125,    43,  1,  40,    69, -1,  10
736658,20161125,   108,  1,  40,    21, -1,  37
736658,20161125,    98, -1,  31,   101,  1,   9
736658,20161125,    56,  1,  48,    39, -1,  44
736658,20161125,   104,  0,  54,    12,  0,  35
736658,20161125,     5,  1,  56,     6, -1,  35
736658,20161125,   123, -1,  45,   124,  1,  17
736658,20161125,     1,  1,  27,    13, -1,  20
736658,20161125,    64,  1,  28,     7, -1,  24
736658,20161125,    95,  1,  39,    50, -1,  24
736659,20161126,    22,  1,  56,    93, -1,   7
736659,20161126,   107, -1,  38,    25,  1,  13
736659,20161126,    37, -1,  28,    35,  1,  27
736659,20161126,    42,  1,  26,    86, -1,  24
736659,20161126,    48, -1,  41,    51,  1,  38
736659,20161126,    54,  1,  31,    88, -1,  13
736659,20161126,    57,  1,  40,    26, -1,  21
736659,20161126,    81,  1,  42,    31, -1,  28
736659,20161126,    85,  1,  76,    97, -1,  61
736659,20161126,    94,  1,  48,   109, -1,  31
736659,20161126,    99,  1,  37,    28, -1,  10
736659,20161126,   120,  1,  52,   119, -1,  10
736659,20161126,    14, -1,  17,   122,  1,  14
736659,20161126,    84,  1,  45,    60, -1,  12
736659,20161126,    78,  1,  30,    59, -1,  27
736659,20161126,   127, -1,  60,    53,  1,   6
736659,20161126,    32,  1,  31,    30, -1,  13
736659,20161126,     3,  1,  30,    10, -1,  12
736659,20161126,   125, -1,  49,    44,  1,  19
736659,20161126,    46,  1,  34,    45, -1,  19
736659,20161126,    49,  1,  24,     8, -1,  19
736659,20161126,    65,  1,  77,    29, -1,  56
736659,20161126,    75,  1,  42,    41, -1,  21
736659,20161126,    63, -1,  55,    62,  1,  20
736659,20161126,   106, -1,  40,   103,  1,   7
736659,20161126,   114,  1,  33,    20, -1,  14
736659,20161126,   126,  1,  31,    61, -1,  17
736659,20161126,    67, -1,  75,    91,  1,  31
736659,20161126,   118,  1,  45,   100, -1,  34
736659,20161126,    17,  1,  28,   116, -1,  10
736659,20161126,    71,  1,  56,   128, -1,  35
736659,20161126,     4, -1,  37,    72,  1,   7
736659,20161126,   117,  1,  52,    74, -1,  24
736659,20161126,    23,  1,  27,   115, -1,  22
736659,20161126,    19,  1,  36,   110, -1,  10
736659,20161126,    40,  1,  38,    92, -1,  31
736659,20161126,    96,  1,  41,    87, -1,  17
736659,20161126,    70, -1,  45,   112,  1,  10
736659,20161126,   113,  1,  45,    76, -1,  27
736659,20161126,    83,  1,  34,    82, -1,  24
736659,20161126,    90, -1,  16,    33,  1,  14
736659,20161126,    38,  1,  46,    55, -1,  40
736659,20161126,    24, -1,  63,    89,  1,  31
736665,20161202,   121,  0,  29,    77,  0,  23
736665,20161202,   123,  0,  41,    23,  0,  10
736666,20161203,    34,  1,  28,   106, -1,  24
736666,20161203,   125,  1,  24,    12, -1,  21
736666,20161203,    49, -1,  30,   111,  1,   3
736666,20161203,    92,  1,  35,    72, -1,  28
736666,20161203,    46, -1,  30,    98,  1,   6
736666,20161203,     8, -1,  36,   103,  1,  14
736666,20161203,    79,  1,  38,    80, -1,  20
736666,20161203,    40,  1,  37,    36, -1,  12
736666,20161203,    99, -1,  34,    67,  1,  10
736666,20161203,   127,  1,  58,    50, -1,  44
736666,20161203,     3,  0,  54,    30,  0,  16
736666,20161203,    22,  0,  42,   120,  0,  35
736666,20161203,    84,  0,  38,   126,  0,  31
736666,20161203,    89, -1,  27,   128,  1,  24
736673,20161210,     9,  0,  21,    67,  0,  17
736680,20161217,    71,  1,  23,   114, -1,  20
736680,20161217,    89,  0,  34,    39,  0,  10
736680,20161217,     8, -1,  31,   109,  1,  13
736680,20161217,     4,  0,  31,   105,  0,  28
736680,20161217,    95,  0,  28,    49,  0,  21
736682,20161219,   108,  0,  55,    18,  0,  10
736683,20161220,   127,  0,  51,    56,  0,  31
736684,20161221,    17,  0,  24,   128,  0,  21
736685,20161222,    40,  1,  61,    24, -1,  50
736686,20161223,    81,  0,  24,    27,  0,  20
736686,20161223,    50,  0,  48,    67,  0,  45
736686,20161223,   106,  0,  28,    77,  0,  23
736687,20161224,    38,  1,  52,    65, -1,  35
736689,20161226,    63,  0,  17,    58,  0,  16
736689,20161226,    14,  0,  36,    54,  0,  30
736689,20161226,    68,  0,  41,   118,  0,  17
736690,20161227,     9,  0,  38,    74,  0,  31
736690,20161227,   122,  0,  34,    99,  0,  26
736690,20161227,    61,  0,  17,   124,  0,  12
736690,20161227,    12,  0,  31,    13,  0,  12
736691,20161228,    75,  0,  31,    85,  0,  24
736691,20161228,    57,  0,  31,   125,  0,  14
736691,20161228,   115,  0,  26,    42,  0,  24
736691,20161228,    46, -1,  33,   102,  1,  28
736692,20161229,    94,  0,  46,    93,  0,  39
736692,20161229,   120,  0,  35,     7,  0,  24
736692,20161229,    80,  0,  38,    23,  0,   8
736693,20161230,    35,  0,  31,    98,  0,  23
736693,20161230,    96,  0,  25,    73,  0,  23
736693,20161230,   100,  1,  38,    69, -1,  24
736693,20161230,     1,  0,  45,    92,  0,  21
736693,20161230,    32,  0,  33,    59,  0,  32
736694,20161231,    37,  0,  33,    48,  0,  18
736694,20161231,    52,  0,  29,    51,  0,   9
736694,20161231,     3,  0,  24,   123,  0,   7
736694,20161231,    22,  0,  31,    78,  0,   0
736696,20170102,   126,  0,  24,   121,  0,  16
736696,20170102,    30,  0,  30,    43,  0,   3
736696,20170102,   113,  1,  52,    84, -1,  49
736696,20170102,    79,  0,  35,    10,  0,  19
736703,20170109,    22,  0,  35,     3,  0,  31
