734475,20101204,    10, -1,  74,    12,  1,  71
734475,20101204,     9,  1,  89,    11, -1,  81
734475,20101204,     8,  1,  70,     2, -1,  64
734475,20101204,     1, -1,  62,     4,  1,  55
734475,20101204,     5,  0,  67,     6,  0,  55
734475,20101204,     3,  1,  64,     7, -1,  53
734510,20110108,    12,  1,  71,     7, -1,  69
734510,20110108,     8,  1,  75,     6, -1,  62
734510,20110108,     3, -1,  68,    10,  1,  59
734510,20110108,     5, -1,  67,     2,  1,  59
734510,20110108,     9,  1,  82,     4, -1,  72
734510,20110108,     1, -1,  85,    11,  1,  83
734512,20110110,    10,  1,  67,     7, -1,  61
734512,20110110,     8,  1,  78,     5, -1,  72
734512,20110110,     2,  1,  84,     6, -1,  53
734512,20110110,     3, -1,  62,    12,  1,  60
734512,20110110,     1, -1,  72,     9,  1,  69
734512,20110110,    11,  1,  86,     4, -1,  65
734517,20110115,     9, -1,  78,     6,  1,  65
734517,20110115,     7,  1,  86,     4, -1,  81
734517,20110115,    10, -1,  77,     2,  1,  71
734517,20110115,     8,  1,  71,    12, -1,  55
734517,20110115,     5,  1,  63,    11, -1,  56
734517,20110115,     1, -1,  61,     3,  1,  60
734519,20110117,     3,  1,  62,     4, -1,  57
734519,20110117,     1, -1,  71,     7,  1,  64
734519,20110117,     2,  1,  84,    12, -1,  80
734519,20110117,     5,  1,  82,     9, -1,  77
734519,20110117,    11, -1,  63,     6,  1,  53
734524,20110122,     2, -1,  77,     7,  1,  68
734524,20110122,     9,  1,  84,    12, -1,  74
734524,20110122,     5, -1,  68,     1,  1,  56
734524,20110122,    11,  1,  74,    10, -1,  71
734524,20110122,     4,  1,  45,     6, -1,  38
734524,20110122,     3,  1,  60,     8, -1,  55
734526,20110124,     2, -1,  65,     3,  1,  63
734526,20110124,     4,  1,  62,     5, -1,  58
734526,20110124,     1,  1,  56,     6, -1,  49
734526,20110124,     8, -1,  74,     7,  1,  60
734526,20110124,    10, -1,  90,     9,  1,  84
734526,20110124,    11,  1,  84,    12, -1,  61
734531,20110129,     1, -1,  61,    12,  1,  60
734531,20110129,     6,  1,  77,     7, -1,  73
734531,20110129,     2,  1,  88,     9, -1,  70
734531,20110129,    11, -1,  76,     8,  1,  74
734531,20110129,    10,  1,  61,     4, -1,  59
734531,20110129,     5,  1,  70,     3, -1,  66
734533,20110131,    11, -1, 110,     2,  1, 108
734533,20110131,    12,  1,  90,     4, -1,  75
734533,20110131,     8,  1,  68,     9, -1,  66
734533,20110131,     1, -1,  67,    10,  1,  64
734533,20110131,     5,  1,  78,     7, -1,  66
734533,20110131,     6,  1,  70,     3, -1,  67
734538,20110205,     7,  1,  88,    11, -1,  84
734538,20110205,     2, -1,  90,     1,  1,  79
734538,20110205,    10, -1,  79,     6,  1,  70
734538,20110205,     5,  1,  64,    12, -1,  53
734538,20110205,     4,  1,  63,     8, -1,  59
734538,20110205,     9, -1,  78,     3,  1,  73
734540,20110207,     7,  1,  83,     9, -1,  82
734540,20110207,     4,  1,  60,     2, -1,  58
734540,20110207,     8, -1,  65,     1,  1,  57
734540,20110207,     3,  1,  91,    11, -1,  83
734540,20110207,     6,  1,  65,    12, -1,  53
734545,20110212,     9,  1,  68,     6, -1,  49
734545,20110212,     2, -1,  70,    12,  1,  62
734545,20110212,     1,  1,  61,     3, -1,  48
734545,20110212,     4,  1,  63,     7, -1,  55
734545,20110212,     5, -1,  86,    11,  1,  72
734547,20110214,     1,  1,  86,     7, -1,  50
734547,20110214,     8, -1,  72,    12,  1,  66
734547,20110214,    10,  1,  77,     2, -1,  75
734547,20110214,     4,  1,  69,     3, -1,  63
734547,20110214,    11,  1,  76,     6, -1,  68
734547,20110214,     9,  1,  74,     5, -1,  63
734552,20110219,    10,  1,  82,    11, -1,  72
734552,20110219,     6,  1,  59,     4, -1,  50
734552,20110219,     2,  1,  69,     7, -1,  67
734552,20110219,     1, -1,  78,     5,  1,  76
734552,20110219,    12,  1,  71,     9, -1,  57
734554,20110221,    12,  1,  64,    11, -1,  62
734554,20110221,     9, -1,  72,    10,  1,  67
734554,20110221,     2,  1,  89,     3, -1,  72
734554,20110221,     8,  1,  71,     7, -1,  54
734554,20110221,     1, -1,  66,     6,  1,  64
734554,20110221,     4, -1,  58,     5,  1,  55
734556,20110223,     8,  1,  42,     3, -1,  39
734559,20110226,     9,  1,  76,     2, -1,  72
734559,20110226,     7,  1,  73,     6, -1,  63
734559,20110226,     1,  1,  76,    12, -1,  72
734559,20110226,    10, -1,  58,     4,  1,  55
734559,20110226,    11,  1,  69,     8, -1,  63
734559,20110226,     5, -1,  71,     3,  1,  64
734561,20110228,    12, -1,  65,     4,  1,  53
734561,20110228,     1,  1,  73,    10, -1,  60
734561,20110228,     2, -1,  76,    11,  1,  69
734561,20110228,     9,  1,  68,     8, -1,  60
734564,20110303,     7,  1,  60,     3, -1,  50
734564,20110303,     1,  1,  73,     4, -1,  71
734564,20110303,     2,  1,  73,     8, -1,  60
734564,20110303,    10,  1,  78,    12, -1,  62
734564,20110303,    11,  1,  75,     9, -1,  57
734565,20110304,     5, -1,  83,     6,  1,  72
734569,20110308,    12,  0,  64,     3,  0,  59
734569,20110308,     7,  0,  87,     4,  0,  85
734570,20110309,     1,  0,  66,    12,  0,  50
734570,20110309,     5,  0,  77,     7,  0,  55
734570,20110309,    11,  0,  68,     6,  0,  53
734571,20110310,    11,  0,  55,     2,  0,  53
734571,20110310,     8,  0,  77,     9,  0,  59
734572,20110311,     8,  0,  61,     1,  0,  48
734572,20110311,     5,  0,  85,    11,  0,  61
734573,20110312,     5,  0,  60,     8,  0,  55
