734468,20101127,     2,  1,  54,     5, -1,  50
734473,20101202,     8, -1,  70,     4,  1,  69
734473,20101202,     6, -1,  66,     9,  1,  52
734473,20101202,     3,  1,  78,     1, -1,  68
734473,20101202,    10,  1,  57,    11, -1,  44
734475,20101204,     4,  1,  81,    11, -1,  67
734475,20101204,     7,  1,  77,     6, -1,  75
734475,20101204,    12, -1,  73,     9,  1,  68
734475,20101204,     3,  1,  48,     2, -1,  46
734475,20101204,    10,  1,  65,     8, -1,  63
734505,20110103,     5,  1,  66,     1, -1,  57
734505,20110103,    12, -1,  73,     7,  1,  68
734508,20110106,     2,  1,  61,    10, -1,  43
734508,20110106,     7, -1,  72,     5,  1,  70
734508,20110106,    12,  1,  83,     8, -1,  78
734508,20110106,     6,  1,  63,    11, -1,  56
734508,20110106,     4, -1,  75,     1,  1,  55
734508,20110106,     9, -1,  67,     3,  1,  50
734510,20110108,     8, -1,  51,     6,  1,  48
734510,20110108,     4, -1,  72,     2,  1,  67
734510,20110108,     1,  1,  67,    10, -1,  64
734510,20110108,     7, -1,  66,     3,  1,  56
734510,20110108,    12,  1,  81,    11, -1,  53
734510,20110108,     9, -1,  80,     5,  1,  65
734515,20110113,     8,  1,  83,     3, -1,  65
734515,20110113,     1, -1,  69,     7,  1,  61
734515,20110113,    10,  1,  72,    12, -1,  56
734515,20110113,     2, -1,  88,     9,  1,  75
734515,20110113,     4,  1,  91,     6, -1,  69
734515,20110113,    11,  1,  70,     5, -1,  54
734517,20110115,     7,  1,  73,     2, -1,  68
734517,20110115,     1, -1,  72,     9,  1,  59
734517,20110115,     4,  1,  84,    12, -1,  54
734517,20110115,     6, -1,  70,    10,  1,  61
734517,20110115,    11,  1,  69,     3, -1,  55
734517,20110115,     8,  1,  60,     5, -1,  57
734521,20110119,     2, -1,  66,     5,  1,  47
734522,20110120,    11,  1,  75,    10, -1,  56
734522,20110120,     4, -1,  83,     8,  1,  67
734522,20110120,    12,  1,  90,     7, -1,  80
734522,20110120,     6,  1,  61,     9, -1,  45
734522,20110120,     1,  1,  74,     3, -1,  71
734524,20110122,     2,  1,  72,     3, -1,  67
734524,20110122,     5, -1,  81,     1,  1,  76
734524,20110122,     9, -1,  79,    12,  1,  76
734524,20110122,     6,  1,  72,     7, -1,  63
734524,20110122,     8,  1,  54,    10, -1,  51
734524,20110122,    11,  1,  86,     4, -1,  71
734529,20110127,     2,  1,  71,     6, -1,  52
734529,20110127,    12, -1,  80,     1,  1,  75
734529,20110127,     4, -1,  97,     3,  1,  89
734529,20110127,    10, -1,  62,     5,  1,  61
734529,20110127,     7,  1,  69,     8, -1,  61
734529,20110127,    11, -1,  88,     9,  1,  86
734531,20110129,     2,  1,  75,    12, -1,  71
734531,20110129,     1,  1,  62,     6, -1,  60
734531,20110129,     4, -1,  74,     5,  1,  69
734531,20110129,    10, -1,  86,     3,  1,  77
734531,20110129,     9,  1,  84,     8, -1,  75
734531,20110129,     7,  1,  75,    11, -1,  55
734536,20110203,     6,  1,  56,     5, -1,  54
734536,20110203,     7, -1,  74,    10,  1,  60
734536,20110203,    12,  1,  61,     3, -1,  57
734536,20110203,     8,  1,  91,     1, -1,  38
734536,20110203,     2, -1,  86,    11,  1,  79
734536,20110203,     4,  1,  81,     9, -1,  69
734538,20110205,    10,  1,  78,     9, -1,  51
734538,20110205,     4,  1,  84,     7, -1,  74
734538,20110205,     1, -1,  70,    11,  1,  69
734538,20110205,     2, -1,  80,     8,  1,  58
734538,20110205,    12,  1,  63,     5, -1,  60
734538,20110205,     6,  1,  70,     3, -1,  59
734542,20110209,     7,  1,  59,     9, -1,  54
734542,20110209,     8,  1,  78,    11, -1,  68
734542,20110209,     4,  1,  87,    10, -1,  76
734542,20110209,     6,  1,  71,    12, -1,  57
734542,20110209,     5,  1,  68,     3, -1,  57
734542,20110209,     2,  1,  71,     1, -1,  55
734545,20110212,     1,  1,  85,     2, -1,  80
734545,20110212,     4, -1,  82,    10,  1,  80
734545,20110212,     5, -1,  62,     3,  1,  51
734545,20110212,     8, -1,  78,    11,  1,  73
734545,20110212,    12,  1,  70,     6, -1,  65
734547,20110214,     7, -1,  55,     9,  1,  48
734550,20110217,     8, -1,  74,     3,  1,  50
734550,20110217,     7, -1,  80,     1,  1,  60
734550,20110217,     2,  1,  57,     9, -1,  56
734550,20110217,     5,  1,  57,    11, -1,  51
734550,20110217,    10, -1,  63,     6,  1,  60
734550,20110217,     4, -1,  83,    12,  1,  79
734552,20110219,     7, -1,  68,     2,  1,  67
734552,20110219,     9, -1,  83,     1,  1,  77
734552,20110219,     8, -1,  62,     5,  1,  60
734552,20110219,    11, -1,  77,     3,  1,  65
734552,20110219,     4, -1,  84,     6,  1,  64
734552,20110219,    10, -1,  77,    12,  1,  73
734557,20110224,     7,  1,  64,     5, -1,  59
734557,20110224,    10,  1,  75,     2, -1,  65
734557,20110224,     3, -1,  85,     9,  1,  74
734557,20110224,     4,  1,  94,     1, -1,  85
734557,20110224,    11,  1,  84,    12, -1,  78
734557,20110224,     8,  1,  65,     6, -1,  57
734559,20110226,     7,  1,  71,     3, -1,  60
734559,20110226,     9,  1,  88,     5, -1,  66
734559,20110226,    10,  1,  72,     1, -1,  61
734559,20110226,     4,  1,  86,     2, -1,  72
734559,20110226,     8,  1,  66,    12, -1,  49
734559,20110226,     6, -1,  64,    11,  1,  55
734564,20110303,     8,  1,  78,    12, -1,  74
734564,20110303,     4,  1,  90,    11, -1,  75
734564,20110303,     2,  1,  64,    10, -1,  62
734564,20110303,     7,  1,  78,     6, -1,  59
734567,20110306,     8, -1,  64,     7,  1,  62
734567,20110306,     4,  1,  69,     2, -1,  67
734570,20110309,     4,  1,  85,     8, -1,  82
