728896,19950826,   108,  1,  18,   209, -1,  17
728897,19950827,   142,  0,  38,    18,  0,   6
728901,19950831,     6, -1,  24,   216,  1,  22
728901,19950831,    14, -1,  17,   107,  1,  15
728901,19950831,   198,  1,  40,    52, -1,  32
728901,19950831,    51, -1,  31,    13,  1,  13
728901,19950831,    84,  1,  36,   141, -1,  21
728901,19950831,    96, -1,  28,    20,  1,  21
728901,19950831,   122, -1,  35,   223,  1,  14
728901,19950831,   127, -1,  64,   144,  1,  21
728901,19950831,   126,  1,  33,   101, -1,  16
728901,19950831,   160, -1,  30,   166,  1,  27
728901,19950831,   171,  1,  45,   123, -1,  13
728901,19950831,   192,  1,  31,    56, -1,   7
728901,19950831,   214,  1,  28,   219, -1,  21
728903,19950902,     1,  1,  38,    25, -1,  12
728903,19950902,     3, -1,  33,   207,  1,  25
728903,19950902,     4, -1,  13,   196,  1,   3
728903,19950902,     7,  1,  41,   147, -1,   9
728903,19950902,    10,  1,  21,   204, -1,  17
728903,19950902,    12,  1,  46,   111, -1,  13
728903,19950902,    15, -1,  37,   194,  1,   5
728903,19950902,    16,  1,  25,    75, -1,  15
728903,19950902,    23,  1,  49,    61, -1,  13
728903,19950902,    35,  1,  55,   212, -1,   9
728903,19950902,    37, -1,  43,   222,  1,   7
728903,19950902,    38,  1,  31,   117, -1,  10
728903,19950902,    53, -1,  49,     2,  1,  29
728903,19950902,    58,  1,  45,    74, -1,  21
728903,19950902,    60,  0,  70,    49,  0,  26
728903,19950902,    62,  1,  31,   200, -1,  17
728903,19950902,    66,  1,  42,   170, -1,  23
728903,19950902,    64,  1,  27,   159, -1,  12
728903,19950902,    67,  1,  51,    63, -1,   7
728903,19950902,    68, -1,  39,     5,  1,  17
728903,19950902,    72,  1,  34,   132, -1,  10
728903,19950902,    86, -1,  16,   161,  1,  13
728903,19950902,    87,  1,  76,   119, -1,   7
728903,19950902,    88,  1,  23,    33, -1,  18
728903,19950902,    89,  1,  34,   181, -1,   7
728903,19950902,    90,  1,  17,   227, -1,  14
728903,19950902,    97, -1,  13,    91,  1,  10
728903,19950902,   100,  1,  16,   115, -1,  15
728903,19950902,   102, -1,  29,   193,  1,  10
728903,19950902,   104, -1,  31,   114,  1,   2
728903,19950902,   108, -1,  38,    78,  1,  14
728903,19950902,   121,  1,  11,   183, -1,   7
728903,19950902,   112,  1,  28,   105, -1,  18
728903,19950902,   113,  1,  28,   134, -1,   7
728903,19950902,   128,  1,  38,    95, -1,  14
728903,19950902,   130,  1,  45,   136, -1,  21
728903,19950902,   131,  1,  45,   205, -1,  17
728903,19950902,   138, -1,  17,   140,  1,  15
728903,19950902,   145, -1,  27,   203,  1,  20
728903,19950902,   146,  1,  14,    76, -1,   7
728903,19950902,   150,  1,  17,   218, -1,  13
728903,19950902,   153, -1,  26,   220,  1,  24
728903,19950902,   154, -1,  17,    47,  1,  14
728903,19950902,   155,  1,  38,   201, -1,   0
728903,19950902,   156,  1,  51,   211, -1,  28
728903,19950902,   164,  1,  33,    28, -1,   9
728903,19950902,   169,  1,  17,     9, -1,  14
728903,19950902,   172,  1,  13,   139, -1,   7
728903,19950902,   178, -1,  47,   165,  1,  33
728903,19950902,   167,  1,  26,   137, -1,   7
728903,19950902,   179, -1,  20,   133,  1,   9
728903,19950902,   182,  1,  27,    55, -1,   7
728903,19950902,    32,  1,  41,    31, -1,   0
728903,19950902,   185, -1,  38,    71,  1,  17
728903,19950902,   186,  1,  33,    98, -1,  17
728903,19950902,   199,  1,  31,   106, -1,   8
728903,19950902,   209,  1,  40,   221, -1,  16
728903,19950902,   217,  1,  23,     8, -1,  20
728903,19950902,   195,  1,  50,   151, -1,   8
728908,19950907,     7,  1,  20,    67, -1,  19
728908,19950907,    18, -1,  20,   210,  1,  14
728908,19950907,    54, -1,  34,   187,  1,  16
728909,19950908,    19, -1,  21,   208,  1,  16
728909,19950908,    75,  1,  34,    69, -1,  22
728910,19950909,     1,  1,  34,   225, -1,  10
728910,19950909,     3,  1,  24,   171, -1,  20
728910,19950909,     8,  1,  45,   205, -1,  20
728910,19950909,     9,  1,  51,   170, -1,  21
728910,19950909,    11,  1,  42,    93, -1,   9
728910,19950909,    12,  1,  76,    32, -1,  10
728910,19950909,    14,  1,  20,   213, -1,   7
728910,19950909,    16,  1,  33,   119, -1,  10
728910,19950909,    17, -1,  38,   204,  1,  14
728910,19950909,    20, -1,  17,   113,  1,  10
728910,19950909,    26,  1,  39,   219, -1,  31
728910,19950909,    34,  1,  27,   224, -1,  10
728910,19950909,    37,  1,  42,    38, -1,  14
728910,19950909,    40,  1,  23,   129, -1,  21
728910,19950909,    45,  1,  30,   163, -1,   3
728910,19950909,    49,  1,  24,   158, -1,  14
728910,19950909,    50, -1,  21,   174,  1,  14
728910,19950909,    55, -1,  27,   179,  1,  24
728910,19950909,    51,  1,  34,   166, -1,  18
728910,19950909,    52,  1,  38,   223, -1,  14
728910,19950909,    58, -1,  42,    91,  1,   7
728910,19950909,    60, -1,  45,    35,  1,  26
728910,19950909,    61,  1,  46,   100, -1,   0
728910,19950909,    62, -1,  25,    28,  1,  24
728910,19950909,    64,  1,  34,   121, -1,  26
728910,19950909,    72, -1,  24,    73,  1,   9
728910,19950909,    77, -1,  28,    27,  1,  22
728910,19950909,    80,  1,  24,   214, -1,  10
728910,19950909,    83,  1,  34,   137, -1,  13
728910,19950909,    85,  0,  24,   183,  0,  19
728910,19950909,    87, -1,  24,   221,  1,  17
728910,19950909,    88, -1,  27,   134,  1,  10
728910,19950909,    89, -1,  23,    33,  1,  21
728910,19950909,    92, -1,  24,    23,  1,  17
728910,19950909,    98, -1,  34,   112,  1,  16
728910,19950909,    96, -1,  19,    74,  1,   7
728910,19950909,    97, -1,  34,   123,  1,  21
728910,19950909,   101,  1,  45,   184, -1,  14
728910,19950909,   102,  1,  32,   133, -1,  18
728910,19950909,   106,  1,  49,    59, -1,   3
728910,19950909,   107, -1,  39,    90,  1,   0
728910,19950909,   108,  1,  24,   105, -1,   7
728910,19950909,   111,  1,  56,    81, -1,  10
728910,19950909,   115,  1,  16,   157, -1,  13
728910,19950909,   122, -1,  35,   160,  1,   3
728910,19950909,   124, -1,  33,   169,  1,   2
728910,19950909,   127, -1,  50,   109,  1,  10
728910,19950909,   128, -1,  45,   131,  1,  24
728910,19950909,   201,  1,  28,    10, -1,  23
728910,19950909,   200,  1,  34,   132, -1,  21
728910,19950909,   135,  1,  44,    36, -1,   3
728910,19950909,   136,  1,  62,    43, -1,   7
728910,19950909,   140, -1,  35,   153,  1,  28
728910,19950909,   141,  1,  14,    79, -1,   6
728910,19950909,   143,  1,  38,   164, -1,  22
728910,19950909,   145,  1,  34,    78, -1,  31
728910,19950909,   147,  1,  23,   146, -1,  10
728910,19950909,   149,  1,  24,   188, -1,  23
728910,19950909,   150,  1,  66,    53, -1,  30
728910,19950909,   154,  1,  17,    99, -1,  13
728910,19950909,   156, -1,  21,   103,  1,   7
728910,19950909,   161,  1,  44,     5, -1,   7
728910,19950909,   162, -1,  42,    13,  1,  32
728910,19950909,   159,  1,  27,    63, -1,  21
728910,19950909,   202,  1,  45,   165, -1,   7
728910,19950909,   172, -1,  29,     4,  1,  19
728910,19950909,    95,  1,  56,   196, -1,  21
728910,19950909,   178, -1,  27,   203,  1,  20
728910,19950909,   167, -1,  27,   227,  1,   0
728910,19950909,   182,  1,  30,    66, -1,  27
728910,19950909,   180,  1,  27,    84, -1,  10
728910,19950909,   190,  1,  41,    56, -1,  20
728910,19950909,   191,  1,  34,    24, -1,   3
728910,19950909,   192,  1,  34,   139, -1,  17
728910,19950909,   193,  1,  35,   216, -1,   9
728910,19950909,   194,  1,  24,   144, -1,  23
728910,19950909,   199, -1,  23,    25,  1,   9
728910,19950909,   209, -1,  29,   126,  1,  24
728910,19950909,   211,  1,  50,    94, -1,  31
728910,19950909,   218,  1,  38,   116, -1,  21
728910,19950909,   220,  1,  24,   181, -1,  13
728915,19950914,    88,  1,  38,   180, -1,  20
728915,19950914,   190, -1,  31,   214,  1,  21
728917,19950916,     5, -1,  20,     4,  1,  20
728917,19950916,     6, -1,  38,   125,  1,  31
728917,19950916,     9, -1,  20,     3,  1,  19
728917,19950916,    10,  1,  14,   160, -1,   9
728917,19950916,    13,  1,  38,   223, -1,  34
728917,19950916,    17,  1,  38,   161, -1,  14
728917,19950916,    19,  1,  40,    99, -1,  21
728917,19950916,    20,  1,  50,     2, -1,  12
728917,19950916,    25,  1,  31,   164, -1,  19
728917,19950916,    22, -1,  28,    61,  1,  21
728917,19950916,    23, -1,  19,    79,  1,   6
728917,19950916,    29, -1,  33,   168,  1,  13
728917,19950916,    33, -1,  16,   210,  1,   0
728917,19950916,    35, -1,  29,   216,  1,  14
728917,19950916,    37,  1,  66,   200, -1,  14
728917,19950916,    38, -1,  27,     1,  1,  20
728917,19950916,    39, -1,  28,    70,  1,  24
728917,19950916,    40,  1,  54,    30, -1,   9
728917,19950916,    45,  1,  38,   191, -1,   0
728917,19950916,    46,  1,  28,   208, -1,   7
728917,19950916,    49, -1,  23,    11,  1,  21
728917,19950916,    55,  1,  30,    26, -1,  17
728917,19950916,    51,  1,  30,   189, -1,  22
728917,19950916,    53,  1,  51,   201, -1,   6
728917,19950916,    54,  1,  21,    43, -1,  18
728917,19950916,    58,  1,  62,   182, -1,  37
728917,19950916,    59,  1,  15,    85, -1,  12
728917,19950916,    60,  1,  77,   126, -1,  17
728917,19950916,    62,  1,  56,   147, -1,  24
728917,19950916,    63,  1,  38,   224, -1,   0
728917,19950916,    65, -1,  27,    82,  1,  14
728917,19950916,    66,  1,  40,   131, -1,  13
728917,19950916,    69,  0,  16,    68,  0,   7
728917,19950916,    72,  1,  26,    92, -1,   0
728917,19950916,    77,  1,  52,    42, -1,   0
728917,19950916,    78,  1,   9,     7, -1,   7
728917,19950916,    83, -1,  27,    84,  1,  10
728917,19950916,    86, -1,  28,   196,  1,  26
728917,19950916,    90, -1,  28,   141,  1,  28
728917,19950916,    91, -1,  17,    80,  1,  10
728917,19950916,    93, -1,  20,    36,  1,   9
728917,19950916,    94,  1,  48,   119, -1,  19
728917,19950916,    98,  1,  12,    12, -1,   6
728917,19950916,   100, -1,  20,   174,  1,  17
728917,19950916,   101,  1,  37,    64, -1,   7
728917,19950916,   102,  1,  31,   220, -1,  17
728917,19950916,   103,  1,  51,    73, -1,   0
728917,19950916,   104, -1,  30,    87,  1,  24
728917,19950916,   105,  1,  33,    95, -1,  19
728917,19950916,   107, -1,  30,   138,  1,  28
728917,19950916,   108, -1,  23,    18,  1,  13
728917,19950916,   109, -1,  30,    97,  1,   7
728917,19950916,   121, -1,  42,   118,  1,   0
728917,19950916,   110,  1,  31,    14, -1,   7
728917,19950916,   112, -1,  30,    15,  1,  21
728917,19950916,   115, -1,  34,   177,  1,  10
728917,19950916,   117, -1,  13,    27,  1,  10
728917,19950916,   122,  1,  34,   166, -1,   0
728917,19950916,   127,  1,  77,     8, -1,  28
728917,19950916,   134,  1,  30,   146, -1,  27
728917,19950916,   123, -1,  18,   165,  1,  17
728917,19950916,   140,  1,  41,   207, -1,   0
728917,19950916,   142,  1,  30,   217, -1,  20
728917,19950916,   143,  1,  24,   169, -1,  10
728917,19950916,   144,  1,  35,   114, -1,   7
728917,19950916,   145, -1,  38,   199,  1,  31
728917,19950916,   148,  1,  20,    44, -1,  12
728917,19950916,   149,  1,  66,   181, -1,  14
728917,19950916,   152,  1,  24,    41, -1,  22
728917,19950916,   154, -1,  10,   129,  1,   7
728917,19950916,   156,  1,  17,    34, -1,  13
728917,19950916,   157, -1,  38,    50,  1,  20
728917,19950916,   158,  1,  27,   124, -1,  17
728917,19950916,   162,  1,  27,   184, -1,  24
728917,19950916,   170,  1,  68,    96, -1,  21
728917,19950916,   159,  1,  36,    31, -1,   8
728917,19950916,   202,  1,  45,    74, -1,  10
728917,19950916,   171, -1,  24,   204,  1,  21
728917,19950916,   172,  1,  68,   151, -1,   6
728917,19950916,    32,  1,  35,    16, -1,   6
728917,19950916,   185,  1,  38,   150, -1,  27
728917,19950916,   186,  1,  52,   194, -1,   9
728917,19950916,   188,  1,  41,   113, -1,  14
728917,19950916,   192, -1,  17,   132,  1,   3
728917,19950916,   193, -1,  17,   155,  1,  15
728917,19950916,   203, -1,  36,   130,  1,   9
728917,19950916,   209,  1,  41,    67, -1,  14
728917,19950916,   211,  1,  37,    56, -1,  23
728917,19950916,   219,  1,  49,   176, -1,  14
728917,19950916,   213,  1,  41,    47, -1,  14
728917,19950916,   221, -1,  32,   135,  1,   0
728917,19950916,   222, -1,  24,   178,  1,  24
728917,19950916,   225,  1,  52,    71, -1,   6
728917,19950916,   226,  1,  42,    21, -1,  38
728922,19950921,   133, -1,  17,    97,  1,  10
728924,19950923,     5, -1,  21,   195,  1,  10
728924,19950923,     8,  1,  20,   146, -1,  11
728924,19950923,     9,  1,  27,   105, -1,  20
728924,19950923,    14,  1,  10,   214, -1,   0
728924,19950923,    15, -1,  14,   126,  1,   0
728924,19950923,    21,  1,  31,   154, -1,  28
728924,19950923,    28,  1,  40,   165, -1,   7
728924,19950923,    26,  1,  22,    20, -1,  16
728924,19950923,    37,  1,  29,   186, -1,  21
728924,19950923,    40,  1,  26,    23, -1,  25
728924,19950923,    41,  1,  28,    73, -1,  19
728924,19950923,    44, -1,  34,    61,  1,  14
728924,19950923,    46, -1,  41,    19,  1,  29
728924,19950923,    50, -1,  13,    65,  1,   7
728924,19950923,    51,  1,   9,   114, -1,   7
728924,19950923,    52, -1,  21,   184,  1,   3
728924,19950923,    53,  1,  31,   141, -1,  20
728924,19950923,    59,  1,  24,   183, -1,   7
728924,19950923,    60,  1,  46,   198, -1,  14
728924,19950923,    63,  1,  55,   211, -1,  24
728924,19950923,    64,  1,  35,    32, -1,   9
728924,19950923,    70, -1,  28,    36,  1,   8
728924,19950923,    71,  1,  42,   205, -1,  21
728924,19950923,    72, -1,  27,    79,  1,   0
728924,19950923,    77,  1,  48,   173, -1,  14
728924,19950923,    78,  1,   7,    55, -1,   0
728924,19950923,    80,  1,  27,   171, -1,  26
728924,19950923,    81,  1,  30,   213, -1,  13
728924,19950923,    84,  1,  57,   201, -1,  30
728924,19950923,    85,  1,  47,   120, -1,   7
728924,19950923,    86,  1,  21,   125, -1,  10
728924,19950923,    87, -1,  28,   208,  1,  27
728924,19950923,    88,  1,  20,    74, -1,  13
728924,19950923,    89,  1,  67,     2, -1,   0
728924,19950923,    91, -1,  35,   170,  1,  30
728924,19950923,    93,  1,  21,   226, -1,  10
728924,19950923,    94, -1,  41,    47,  1,  14
728924,19950923,    98,  1,  52,   155, -1,   7
728924,19950923,    96,  1,  28,    10, -1,  25
728924,19950923,   102,  1,  41,    49, -1,  28
728924,19950923,   103, -1,  21,   135,  1,  19
728924,19950923,   104,  1,  31,   227, -1,   3
728924,19950923,   107,  1,  23,    33, -1,  16
728924,19950923,   109, -1,  35,   153,  1,  35
728924,19950923,   111,  1,  18,    66, -1,  10
728924,19950923,   113,  1,  31,   200, -1,  22
728924,19950923,   115,  1,  47,   175, -1,   0
728924,19950923,   116,  1,  54,    17, -1,  28
728924,19950923,   117,  1,  45,   187, -1,  24
728924,19950923,   122, -1,  34,   121,  1,   0
728924,19950923,   127,  1,  49,   147, -1,   7
728924,19950923,   130,  1,  36,   131, -1,  24
728924,19950923,   136,  1,  68,    42, -1,   7
728924,19950923,   123,  1,  25,    95, -1,  24
728924,19950923,   138,  1,  30,     1, -1,   6
728924,19950923,   140,  1,  55,   185, -1,  27
728924,19950923,   142, -1,  54,   150,  1,  14
728924,19950923,   143,  1,  51,   134, -1,  10
728924,19950923,   148, -1,  28,    92,  1,   8
728924,19950923,   149, -1,  59,   158,  1,  34
728924,19950923,   152,  1,  20,    22, -1,   3
728924,19950923,   166, -1,  38,    13,  1,  23
728924,19950923,   202, -1,  31,     7,  1,  10
728924,19950923,   160,  1,  48,   132, -1,  20
728924,19950923,   172,  1,  45,    69, -1,  22
728924,19950923,   176, -1,  34,    39,  1,  14
728924,19950923,   177, -1,  25,   168,  1,  19
728924,19950923,   178, -1,  28,   145,  1,  21
728924,19950923,   179,  1,  27,   110, -1,  17
728924,19950923,   182,  1,  52,   112, -1,  14
728924,19950923,   189, -1,  49,   118,  1,  24
728924,19950923,   180, -1,  16,   207,  1,   3
728924,19950923,   190, -1,  49,   128,  1,  35
728924,19950923,   192, -1,  28,     4,  1,  10
728924,19950923,   194,  1,  45,    56, -1,  20
728924,19950923,   203,  1,  25,    62, -1,  21
728924,19950923,   209, -1,  22,    35,  1,   3
728924,19950923,   210,  1,  13,   106, -1,   7
728924,19950923,   215,  1,  23,   191, -1,  15
728924,19950923,   216, -1,  30,   124,  1,   7
728924,19950923,   217,  1,  21,    11, -1,  13
728924,19950923,   218,  1,  24,   199, -1,  15
728924,19950923,   219,  1,  53,    27, -1,  43
728924,19950923,   220,  1,  45,    90, -1,   6
728924,19950923,   212,  1,  31,    34, -1,  14
728924,19950923,   223,  1,  32,   196, -1,  18
728924,19950923,   221, -1,  39,   129,  1,   0
728924,19950923,   222,  1,  42,   169, -1,   0
728924,19950923,   225,  1,  45,   144, -1,  25
728929,19950928,    67,  1,  31,   102, -1,   3
728929,19950928,   164,  1,  30,   128, -1,  27
728930,19950929,    72,  1,  36,    94, -1,  10
728930,19950929,   100, -1,  36,   175,  1,  29
728930,19950929,   215, -1,  28,   177,  1,  24
728931,19950930,     1, -1,  27,   130,  1,  24
728931,19950930,     2,  1,  16,    26, -1,  13
728931,19950930,     3, -1,  31,    66,  1,   0
728931,19950930,     6,  1,  30,    56, -1,  23
728931,19950930,     7,  1,  20,    28, -1,  15
728931,19950930,     9, -1,  35,   207,  1,   7
728931,19950930,    12, -1,  42,    91,  1,  21
728931,19950930,    15,  1,   9,   188, -1,   7
728931,19950930,    20, -1,  37,   181,  1,  31
728931,19950930,    25, -1,  28,    38,  1,  21
728931,19950930,    21, -1,  37,    73,  1,  14
728931,19950930,    29,  1,  13,    65, -1,   7
728931,19950930,    31, -1,  34,   118,  1,  22
728931,19950930,    35, -1,  43,   126,  1,  22
728931,19950930,    37, -1,  38,   143,  1,  17
728931,19950930,    39, -1,  10,    92,  1,  10
728931,19950930,    40, -1,  39,   226,  1,  20
728931,19950930,    41, -1,  24,    44,  1,  19
728931,19950930,    46, -1,  37,   135,  1,  10
728931,19950930,    48, -1,  29,    24,  1,   8
728931,19950930,    55,  1,  23,   220, -1,  20
728931,19950930,    52, -1,  42,   166,  1,  24
728931,19950930,    58,  1,  28,   111, -1,  10
728931,19950930,    59, -1,  29,    75,  1,  18
728931,19950930,    61, -1,  24,    70,  1,  21
728931,19950930,    63, -1,  31,   212,  1,  21
728931,19950930,    68,  0,  64,   151,  0,   0
728931,19950930,    71, -1,  58,   201,  1,  30
728931,19950930,    77,  1,  26,    76, -1,  21
728931,19950930,    79, -1,  20,   114,  1,  17
728931,19950930,    81,  1,  52,   160, -1,   3
728931,19950930,    82, -1,  18,   168,  1,   6
728931,19950930,    83,  1,  59,   131, -1,  21
728931,19950930,    85,  0,  24,     4,  0,  22
728931,19950930,    87, -1,  21,    99,  1,  17
728931,19950930,    89,  1,  44,   123, -1,   0
728931,19950930,    98, -1,  20,   170,  1,  20
728931,19950930,    96,  1,  27,   194, -1,  23
728931,19950930,    97, -1,  17,   105,  1,   7
728931,19950930,   101, -1,  35,    32,  1,  32
728931,19950930,   104,  1,  49,   198, -1,   7
728931,19950930,   108,  1,  38,   107, -1,  19
728931,19950930,   109,  1,  25,    18, -1,  21
728931,19950930,   121,  1,  28,   196, -1,  13
728931,19950930,   110,  1,  55,    10, -1,   7
728931,19950930,   116,  1,  41,   197, -1,  20
728931,19950930,   122, -1,  45,    13,  1,  17
728931,19950930,   124, -1,  30,    49,  1,   9
728931,19950930,   127,  1,  35,   218, -1,  21
728931,19950930,   129, -1,  35,    93,  1,  14
728931,19950930,   133,  1,  62,   141, -1,   0
728931,19950930,   200, -1,  34,   112,  1,  32
728931,19950930,   136,  1,  37,   117, -1,   0
728931,19950930,   137, -1,  38,   213,  1,   7
728931,19950930,   138,  1,  31,    80, -1,   7
728931,19950930,   139, -1,  22,    17,  1,  17
728931,19950930,   142,  1,  45,   140, -1,  26
728931,19950930,   148,  1,  20,    22, -1,  19
728931,19950930,   152, -1,  34,    36,  1,  23
728931,19950930,   153,  1,  35,    14, -1,  13
728931,19950930,   154,  1,  34,   103, -1,   0
728931,19950930,   155, -1,  21,    11,  1,  21
728931,19950930,   156,  1,  21,    19, -1,   6
728931,19950930,   157,  1,  45,    30, -1,   3
728931,19950930,   161, -1,  24,   195,  1,  13
728931,19950930,   162, -1,  36,   132,  1,  20
728931,19950930,   163, -1,  35,   206,  1,  18
728931,19950930,   165,  1,  32,   204, -1,  30
728931,19950930,   202,  1,  31,     8, -1,   0
728931,19950930,   171,  1,  45,   193, -1,   0
728931,19950930,   172, -1,  44,   120,  1,   6
728931,19950930,   187,  1,  65,   173, -1,  15
728931,19950930,   179, -1,  27,   158,  1,  17
728931,19950930,   182,  1,  31,   144, -1,   0
728931,19950930,   189,  1,  36,   184, -1,  31
728931,19950930,   183,  0,  15,   159,  0,  14
728931,19950930,   185, -1,  35,   169,  1,  10
728931,19950930,   190, -1,  45,    33,  1,  31
728931,19950930,   191,  1,  31,   115, -1,  15
728931,19950930,   192,  1,  56,   223, -1,  39
728931,19950930,   199,  1,  45,    62, -1,  21
728931,19950930,   203, -1,  34,   205,  1,  21
728931,19950930,   208, -1,  28,    23,  1,   3
728931,19950930,   209,  1,  35,   216, -1,  17
728931,19950930,   210, -1,  26,   150,  1,  16
728931,19950930,   217, -1,  26,   146,  1,  16
728931,19950930,   219,  1,  40,    54, -1,  30
728931,19950930,   214, -1,  52,    90,  1,   6
728931,19950930,   221, -1,  27,   211,  1,   7
728931,19950930,   222, -1,  17,   149,  1,   9
728931,19950930,    69, -1,  34,    16,  1,  14
728938,19951007,     3,  1,  27,   126, -1,  11
728938,19951007,   196,  1,  28,   224, -1,   0
728938,19951007,     6, -1,  41,    63,  1,  28
728938,19951007,    12,  1,  48,   112, -1,  20
728938,19951007,    18,  1,  17,   150, -1,   0
728938,19951007,    27, -1,  35,   173,  1,  20
728938,19951007,   198,  1,  41,   162, -1,  14
728938,19951007,    33,  1,  13,    55, -1,  10
728938,19951007,    38, -1,  59,   204,  1,  17
728938,19951007,    39,  1,  24,   148, -1,  14
728938,19951007,    40, -1,  14,   208,  1,  13
728938,19951007,    41,  1,  28,    70, -1,  27
728938,19951007,    44,  1,  14,    92, -1,   7
728938,19951007,    46,  1,  34,   227, -1,  13
728938,19951007,    48,  1,  23,    57, -1,   6
728938,19951007,    50,  1,  42,   177, -1,  13
728938,19951007,    56,  1,  21,    34, -1,  13
728938,19951007,    53,  1,  34,    26, -1,  24
728938,19951007,    58, -1,  28,    98,  1,  10
728938,19951007,    59, -1,  20,   125,  1,   3
728938,19951007,    60,  1,  41,   106, -1,  17
728938,19951007,    61, -1,  34,    36,  1,  14
728938,19951007,    62,  1,  51,   130, -1,  34
728938,19951007,    65,  1,  41,   175, -1,  13
728938,19951007,    66, -1,  19,    35,  1,  17
728938,19951007,    64,  1,  42,   212, -1,   0
728938,19951007,    67, -1,  37,    49,  1,  21
728938,19951007,    68,  1,  42,   120, -1,   6
728938,19951007,    69,  1,  51,    47, -1,  21
728938,19951007,    72, -1,  55,    43,  1,  15
728938,19951007,    75,  0,  21,     5,  0,  17
728938,19951007,    77, -1,  14,    54,  1,   7
728938,19951007,    78, -1,  17,    80,  1,  10
728938,19951007,    81, -1,  16,   114,  1,   9
728938,19951007,    82,  1,  18,   100, -1,  14
728938,19951007,    83, -1,  21,   109,  1,   7
728938,19951007,    87,  1,  38,    19, -1,  31
728938,19951007,    88, -1,  40,    37,  1,  24
728938,19951007,    89,  1,  30,   113, -1,   0
728938,19951007,    93, -1,  30,    22,  1,  23
728938,19951007,    99, -1,  19,    23,  1,   6
728938,19951007,   101,  1,  56,   211, -1,  21
728938,19951007,   102, -1,   9,   216,  1,   6
728938,19951007,   107, -1,  21,    20,  1,   0
728938,19951007,   121, -1,  43,    13,  1,   0
728938,19951007,   110,  1,  39,   153, -1,  38
728938,19951007,   111,  1,  20,   193, -1,  17
728938,19951007,   116,  1,  49,   219, -1,  22
728938,19951007,   117,  1,  16,    76, -1,  13
728938,19951007,   122,  1,  33,   189, -1,   9
728938,19951007,   128,  1,  56,   134, -1,  24
728938,19951007,   129, -1,  32,   103,  1,  29
728938,19951007,   131,  1,  48,    96, -1,  13
728938,19951007,   133,  1,  22,   209, -1,  17
728938,19951007,   136, -1,  32,    17,  1,  13
728938,19951007,   123,  1,  62,   201, -1,  14
728938,19951007,   137,  1,  17,    51, -1,   7
728938,19951007,   138, -1,  19,   108,  1,  13
728938,19951007,   139,  1,  34,   132, -1,  14
728938,19951007,   140, -1,  29,   217,  1,  21
728938,19951007,   142, -1,  28,   149,  1,  25
728938,19951007,   143, -1,  39,    84,  1,  26
728938,19951007,   145,  1,  45,   147, -1,   7
728938,19951007,   152, -1,  21,    21,  1,  19
728938,19951007,   156,  1,  26,   135, -1,  23
728938,19951007,   164, -1,  24,   203,  1,  21
728938,19951007,   170,  1,  77,    90, -1,  14
728938,19951007,   159, -1,  31,   119,  1,  19
728938,19951007,   166,  1,  33,   184, -1,  12
728938,19951007,   202, -1,  26,    28,  1,  16
728938,19951007,   160,  1,  14,    79, -1,  11
728938,19951007,   171,  1,  25,    97, -1,  21
728938,19951007,   187,  1,  43,    42, -1,  14
728938,19951007,    95, -1,  33,    10,  1,   9
728938,19951007,   178, -1,  30,     8,  1,  28
728938,19951007,   167, -1,  38,   161,  1,  22
728938,19951007,   179,  1,  31,   181, -1,  14
728938,19951007,   182, -1,  49,     9,  1,  31
728938,19951007,   183,  1,  45,   118, -1,  14
728938,19951007,   185,  1,  37,   155, -1,  13
728938,19951007,   180,  1,  31,    74, -1,  21
728938,19951007,   188,  1,  14,   186, -1,   7
728938,19951007,   190,  1,  17,    14, -1,  14
728938,19951007,   191, -1,  24,    30,  1,  10
728938,19951007,   192, -1,  20,   200,  1,  10
728938,19951007,   194,  1,  35,   225, -1,   6
728938,19951007,   206, -1,  44,    24,  1,  42
728938,19951007,   210, -1,  14,   124,  1,   0
728938,19951007,   215,  1,  38,   174, -1,  21
728938,19951007,   218,  1,  40,   146, -1,  14
728938,19951007,   223,  1,  17,    86, -1,  15
728938,19951007,   214,  1,   7,     2, -1,   3
728938,19951007,   221,  1,  23,   154, -1,  14
728938,19951007,   226, -1,  28,    73,  1,  17
728939,19951008,     1,  1,  56,   205, -1,  46
728945,19951014,     1, -1,  30,   124,  1,  20
728945,19951014,   196, -1,  19,   134,  1,  14
728945,19951014,     4, -1,  27,   195,  1,  19
728945,19951014,     5,  1,  13,   151, -1,   2
728945,19951014,     6,  1,  27,    64, -1,  17
728945,19951014,     8,  1,  29,    25, -1,  21
728945,19951014,     9,  0,  13,   111,  0,   6
728945,19951014,    13, -1,  20,   184,  1,  17
728945,19951014,    14,  1,  30,    20, -1,  10
728945,19951014,    15, -1,  47,    74,  1,   7
728945,19951014,    17, -1,  40,   219,  1,  14
728945,19951014,    21,  1,  21,    36, -1,   6
728945,19951014,    22, -1,  10,    41,  1,   7
728945,19951014,    43,  1,  12,   187, -1,   3
728945,19951014,    30,  1,  24,   168, -1,   7
728945,19951014,    26, -1,  46,   227,  1,  25
728945,19951014,    33,  1,  16,   171, -1,  13
728945,19951014,    38, -1,  19,   203,  1,  14
728945,19951014,    40, -1,  31,    99,  1,  30
728945,19951014,    44, -1,  22,   226,  1,   7
728945,19951014,    45,  1,  49,    24, -1,  13
728945,19951014,    46,  1,  15,   156, -1,   0
728945,19951014,    48, -1,  28,   206,  1,  21
728945,19951014,    50, -1,  16,   100,  1,  14
728945,19951014,    51, -1,  35,   223,  1,   9
728945,19951014,    52,  1,  34,   121, -1,  21
728945,19951014,    58, -1,  49,    12,  1,  38
728945,19951014,    59,  1,  24,    47, -1,  21
728945,19951014,    60,  1,  72,   216, -1,  13
728945,19951014,    63, -1,  24,    34,  1,   3
728945,19951014,    66, -1,  17,   207,  1,   6
728945,19951014,    67,  1,  27,   133, -1,  25
728945,19951014,    72, -1,  36,    61,  1,  15
728945,19951014,    73, -1,  27,    70,  1,  22
728945,19951014,    76,  1,  37,    54, -1,  10
728945,19951014,    82, -1,  29,   177,  1,   0
728945,19951014,    83,  1,  22,    80, -1,  13
728945,19951014,    85,  1,  16,   172, -1,  14
728945,19951014,    86, -1,  35,   162,  1,  14
728945,19951014,    87, -1,  23,   129,  1,  19
728945,19951014,    88,  1,  34,    84, -1,   7
728945,19951014,    89, -1,  23,   144,  1,  17
728945,19951014,    91,  1,  24,    98, -1,  16
728945,19951014,    93, -1,  37,    39,  1,  35
728945,19951014,    94, -1,   7,   198,  1,   6
728945,19951014,   101, -1,  42,   212,  1,   3
728945,19951014,   103, -1,  33,    23,  1,   9
728945,19951014,   105, -1,  23,   193,  1,   8
728945,19951014,   106,  1,  56,   158, -1,  21
728945,19951014,   109, -1,  27,    78,  1,  21
728945,19951014,   116, -1,  24,   136,  1,  21
728945,19951014,   117, -1,  18,    77,  1,  14
728945,19951014,   122,  1,  63,   118, -1,  13
728945,19951014,   127,  1,  57,   113, -1,   0
728945,19951014,   128,  1,  59,   200, -1,  35
728945,19951014,   130,  1,  24,    71, -1,  10
728945,19951014,   125, -1,  38,   119,  1,  32
728945,19951014,   137,  1,  27,    81, -1,  10
728945,19951014,   138, -1,  27,   110,  1,  17
728945,19951014,   139, -1,  24,   161,  1,   2
728945,19951014,   140,  0,  28,    11,  0,  27
728945,19951014,   142, -1,  27,   222,  1,  16
728945,19951014,   145, -1,  52,    28,  1,  30
728945,19951014,   147,  1,  47,    96, -1,  41
728945,19951014,   149, -1,  26,   153,  1,  23
728945,19951014,   152,  1,  41,    92, -1,   0
728945,19951014,   154, -1,  22,    19,  1,  19
728945,19951014,   157,  1,  18,   215, -1,  16
728945,19951014,   163, -1,  19,    57,  1,  17
728945,19951014,   164,  1,  48,    62, -1,  24
728945,19951014,   165,  1,  52,   201, -1,  14
728945,19951014,   170, -1,  65,   112,  1,  39
728945,19951014,   159, -1,  42,    16,  1,  20
728945,19951014,   202,  1,  26,   218, -1,  14
728945,19951014,   160,  1,  33,   114, -1,  30
728945,19951014,    95,  1,  43,   131, -1,  26
728945,19951014,   175,  1,  30,    29, -1,  13
728945,19951014,   176,  1,  33,   197, -1,  24
728945,19951014,   167,  1,  56,   132, -1,   3
728945,19951014,   179,  1,  52,    53, -1,  24
728945,19951014,   181,  1,  29,   150, -1,  27
728945,19951014,   182, -1,  41,     3,  1,  14
728945,19951014,   189,  1,  28,   183, -1,   7
728945,19951014,   185,  0,  24,   143,  0,  24
728945,19951014,   186,  1,  20,   169, -1,  17
728945,19951014,   180, -1,  33,   155,  1,  28
728945,19951014,   188,  1,  63,    10, -1,  25
728945,19951014,   190, -1,  28,   107,  1,  28
728945,19951014,   191, -1,  34,   174,  1,   7
728945,19951014,   192, -1,  66,    31,  1,  13
728945,19951014,   194, -1,  38,   205,  1,  28
728945,19951014,   199,  1,  17,     7, -1,  10
728945,19951014,   204,  1,  42,   123, -1,   7
728945,19951014,   208,  1,  27,   135, -1,  24
728945,19951014,   209,  1,  44,    49, -1,  30
728945,19951014,   211,  1,  17,    32, -1,  12
728945,19951014,   210,  1,  77,     2, -1,  27
728945,19951014,   217, -1,  38,   178,  1,  28
728945,19951014,   220, -1,  31,    18,  1,  19
728945,19951014,   213, -1,  25,    79,  1,  22
728945,19951014,   214, -1,  34,   141,  1,  17
728945,19951014,   221,  1,  48,   148, -1,  34
728945,19951014,   225,  1,  27,    97, -1,  20
728952,19951021,     3, -1,  23,   111,  1,   9
728952,19951021,     4,  1,  49,   151, -1,  16
728952,19951021,     6, -1,  10,   101,  1,   3
728952,19951021,    11, -1,  49,    18,  1,   7
728952,19951021,    12,  1,  34,   214, -1,  13
728952,19951021,    13,  1,  28,   183, -1,   6
728952,19951021,    17,  1,  27,    77, -1,  17
728952,19951021,    25,  1,  23,   225, -1,  20
728952,19951021,    22, -1,  14,   191,  1,   7
728952,19951021,   197,  1,  38,    42, -1,   8
728952,19951021,    43, -1,  37,    27,  1,  36
728952,19951021,    28, -1,  13,   146,  1,  12
728952,19951021,    30, -1,  15,   174,  1,  13
728952,19951021,    26,  1,  27,    90, -1,  16
728952,19951021,    33,  1,  28,   105, -1,   3
728952,19951021,    35, -1,  17,   102,  1,   0
728952,19951021,    37, -1,  50,    84,  1,  28
728952,19951021,    39,  1,  21,   226, -1,   7
728952,19951021,    44,  1,  35,    36, -1,  14
728952,19951021,    46, -1,  48,    87,  1,  19
728952,19951021,    47,  1,  41,   119, -1,  17
728952,19951021,    48,  1,  34,    45, -1,  23
728952,19951021,    50,  1,  21,   168, -1,   7
728952,19951021,    55,  1,  32,   181, -1,  22
728952,19951021,    52,  1,  38,   189, -1,  15
728952,19951021,    53, -1,  40,    14,  1,  35
728952,19951021,    57, -1,   7,   206,  1,   6
728952,19951021,    60,  1,  42,    67, -1,  10
728952,19951021,    63,  1,  21,    56, -1,  15
728952,19951021,    66,  1,  12,    91, -1,   3
728952,19951021,    64,  1,  27,    34, -1,   0
728952,19951021,    71,  1,  45,   198, -1,  14
728952,19951021,    72,  1,  56,    31, -1,   6
728952,19951021,    74,  1,  38,   169, -1,  15
728952,19951021,    75, -1,  20,   125,  1,  14
728952,19951021,    76,  1,  55,   116, -1,  43
728952,19951021,    81,  1,  27,   223, -1,   6
728952,19951021,    85,  1,  29,    68, -1,  28
728952,19951021,    88, -1,  38,   143,  1,  17
728952,19951021,    92, -1,  27,    73,  1,  17
728952,19951021,    93,  1,  34,    41, -1,  23
728952,19951021,    94,  1,  37,   224, -1,   0
728952,19951021,    98,  1,  49,   134, -1,   7
728952,19951021,   100,  1,  34,    29, -1,  13
728952,19951021,   103,  1,  20,   221, -1,   9
728952,19951021,   104,  1,  20,   161, -1,   0
728952,19951021,   106, -1,  17,   150,  1,  16
728952,19951021,   108, -1,  34,    80,  1,  17
728952,19951021,   109,  1,  34,   110, -1,  31
728952,19951021,   121,  1,  42,   166, -1,   0
728952,19951021,   120,  1,  28,   195, -1,  21
728952,19951021,   124,  1,  20,   208, -1,  14
728952,19951021,   127,  1,  49,    89, -1,  25
728952,19951021,   128, -1,  49,    96,  1,  45
728952,19951021,   129,  1,  21,    99, -1,   0
728952,19951021,   130, -1,  22,    38,  1,  14
728952,19951021,   133,  1,  31,   216, -1,   7
728952,19951021,   126, -1,  41,    49,  1,  38
728952,19951021,   135, -1,  14,    19,  1,   3
728952,19951021,   136, -1,  30,    54,  1,  16
728952,19951021,   137,  1,  13,   160, -1,   0
728952,19951021,   138,  1,  35,   222, -1,   0
728952,19951021,   139, -1,  42,   200,  1,  39
728952,19951021,   140,  1,  38,   202, -1,  10
728952,19951021,   141, -1,  29,     2,  1,  23
728952,19951021,   142,  1,  28,   153, -1,   0
728952,19951021,   144, -1,  30,   113,  1,  26
728952,19951021,   145,  1,  26,   218, -1,   7
728952,19951021,   148,  1,  58,    21, -1,  21
728952,19951021,   149, -1,  41,    83,  1,  27
728952,19951021,   152, -1,  14,    70,  1,   3
728952,19951021,   154,  1,  24,    40, -1,  19
728952,19951021,   156, -1,   3,    61,  1,   3
728952,19951021,   164,  1,  49,   165, -1,  20
728952,19951021,   170,  1,  52,   207, -1,  14
728952,19951021,   172,  1,  61,     5, -1,  51
728952,19951021,   114, -1,  13,   213,  1,   7
728952,19951021,   187, -1,  35,   132,  1,  25
728952,19951021,    95,  1,  45,   147, -1,   3
728952,19951021,   176,  1,  26,   173, -1,  24
728952,19951021,   177, -1,   9,   175,  1,   6
728952,19951021,   167, -1,  31,   162,  1,  10
728952,19951021,   179,  1,  22,   220, -1,   0
728952,19951021,    32,  1,  35,   212, -1,  14
728952,19951021,   184, -1,  36,   118,  1,  29
728952,19951021,   185,  1,  17,   209, -1,  16
728952,19951021,   186, -1,  24,    15,  1,   9
728952,19951021,   180,  1,  16,   193, -1,  11
728952,19951021,   188,  1,  31,   155, -1,  26
728952,19951021,   190, -1,  35,    20,  1,  16
728952,19951021,   192,  1,  35,    86, -1,   7
728952,19951021,   199, -1,  42,   178,  1,  28
728952,19951021,   203,  1,  22,     1, -1,  21
728952,19951021,   204, -1,  27,   131,  1,  14
728952,19951021,   210, -1,  45,   158,  1,  17
728952,19951021,   215,  1,  42,    82, -1,   0
728952,19951021,   217, -1,  31,     7,  1,  17
728952,19951021,   219, -1,  14,   117,  1,   7
728959,19951028,    72,  1,  17,    23, -1,  14
728959,19951028,     1, -1,  31,    62,  1,  20
728959,19951028,     2,  1,  14,    90, -1,   6
728959,19951028,     3,  1,  38,   134, -1,  19
728959,19951028,     6,  1,  31,    32, -1,  18
728959,19951028,     7, -1,  24,   218,  1,  14
728959,19951028,     8, -1,  35,   145,  1,  24
728959,19951028,     9,  1,  30,    12, -1,  28
728959,19951028,    10,  1,  37,    86, -1,   6
728959,19951028,    11,  1,  56,    36, -1,  14
728959,19951028,    14, -1,   6,   141,  1,   3
728959,19951028,    15,  1,  27,   180, -1,  24
728959,19951028,    25,  1,  45,    71, -1,   7
728959,19951028,    22,  1,  30,    92, -1,  11
728959,19951028,    24, -1,  14,    57,  1,  13
728959,19951028,   197, -1,  52,    43,  1,  42
728959,19951028,    42,  1,  34,   173, -1,  28
728959,19951028,    29, -1,  22,   177,  1,   0
728959,19951028,   198, -1,  34,   200,  1,  14
728959,19951028,    33, -1,  55,   123,  1,  19
728959,19951028,    35, -1,  24,    67,  1,   3
728959,19951028,    38, -1,  31,   225,  1,  24
728959,19951028,    41, -1,  38,    21,  1,  28
728959,19951028,    44, -1,  23,    70,  1,   7
728959,19951028,    45,  1,  44,   206, -1,  14
728959,19951028,    46,  1,  61,    99, -1,   0
728959,19951028,    47, -1,  20,   159,  1,   7
728959,19951028,    48, -1,   9,   163,  1,   0
728959,19951028,    49,  1,  42,   216, -1,  26
728959,19951028,    50, -1,  30,    82,  1,  13
728959,19951028,    55, -1,  36,   171,  1,  34
728959,19951028,    56,  1,  21,    64, -1,  16
728959,19951028,    51,  1,  31,    79, -1,  10
728959,19951028,    52, -1,  56,   183,  1,  20
728959,19951028,    54, -1,  28,   117,  1,  10
728959,19951028,    58, -1,  52,    66,  1,  17
728959,19951028,    59,  1,  47,   119, -1,   9
728959,19951028,    61, -1,  17,    73,  1,  10
728959,19951028,    65, -1,  14,   100,  1,  13
728959,19951028,    68,  1,  54,   195, -1,  15
728959,19951028,    81, -1,  13,   227,  1,   6
728959,19951028,    84,  1,  38,   144, -1,  14
728959,19951028,    89,  1,  41,    88, -1,   7
728959,19951028,    94, -1,  19,    31,  1,  15
728959,19951028,    97,  1,  31,   102, -1,   0
728959,19951028,   101, -1,  21,    34,  1,  19
728959,19951028,   103,  1,  44,    93, -1,  36
728959,19951028,   104, -1,  34,   167,  1,  16
728959,19951028,   105,  1,  10,   194, -1,   7
728959,19951028,   106,  1,  36,   181, -1,  12
728959,19951028,   107, -1,  17,    26,  1,  13
728959,19951028,   108,  1,  52,   110, -1,  17
728959,19951028,   111,  1,  21,   207, -1,  10
728959,19951028,   112,  1,  42,    91, -1,  32
728959,19951028,   120, -1,  35,   151,  1,  14
728959,19951028,   115, -1,  35,   174,  1,   0
728959,19951028,   118,  1,  26,    13, -1,  13
728959,19951028,   122, -1,  45,   184,  1,  14
728959,19951028,   127, -1,  44,    37,  1,  21
728959,19951028,   128,  1,  55,   201, -1,  32
728959,19951028,   129,  1,  35,    19, -1,   7
728959,19951028,   125, -1,  24,    16,  1,  21
728959,19951028,   135, -1,  10,    40,  1,   9
728959,19951028,   136, -1,  42,    77,  1,  14
728959,19951028,   137, -1,  19,   114,  1,  17
728959,19951028,   138, -1,  17,    78,  1,  14
728959,19951028,   140,  1,  20,    18, -1,  10
728959,19951028,   142,  1,  56,    83, -1,  35
728959,19951028,   143, -1,  13,   113,  1,   9
728959,19951028,   147, -1,  32,   165,  1,  30
728959,19951028,   148, -1,  16,   226,  1,   6
728959,19951028,   149,  1,  45,    80, -1,  21
728959,19951028,   152,  1,  44,    39, -1,  14
728959,19951028,   155, -1,  34,   169,  1,  24
728959,19951028,   156, -1,  34,    87,  1,  33
728959,19951028,   158,  1,  42,   150, -1,  24
728959,19951028,   162, -1,  20,     5,  1,   9
728959,19951028,   164, -1,  45,   205,  1,  16
728959,19951028,   166, -1,  38,   189,  1,  17
728959,19951028,   202, -1,  21,   217,  1,  21
728959,19951028,   172,  1,  41,   132, -1,   3
728959,19951028,   187,  1,  28,   139, -1,  14
728959,19951028,    95, -1,  32,   193,  1,  28
728959,19951028,   175, -1,  22,   168,  1,  21
728959,19951028,   176,  1,  31,    27, -1,  20
728959,19951028,   178,  1,  24,   146, -1,   3
728959,19951028,   182,  1,  56,   170, -1,  21
728959,19951028,   186,  1,  31,    74, -1,   7
728959,19951028,   188, -1,  34,   130,  1,   7
728959,19951028,   190,  1,  34,    53, -1,  28
728959,19951028,   191,  1,  34,   157, -1,  14
728959,19951028,   192,  1,  60,   196, -1,   7
728959,19951028,   199,  1,  33,    28, -1,  16
728959,19951028,   203,  1,  40,   204, -1,  20
728959,19951028,   210, -1,  27,   220,  1,   0
728959,19951028,   215,  1,  40,    30, -1,  35
728959,19951028,   219,  1,  25,    76, -1,  19
728959,19951028,   212,  1,  31,   211, -1,  14
728959,19951028,   213,  1,  19,   160, -1,   7
728959,19951028,   214,  1,  17,    20, -1,   0
728959,19951028,   221,  1,  18,   208, -1,  15
728959,19951028,   222,  1,  45,   109, -1,  14
728964,19951102,   209,  1,  33,    60, -1,  28
728966,19951104,     3,  1,  10,    98, -1,   3
728966,19951104,   196,  1,  40,    31, -1,  14
728966,19951104,     4,  1,  37,    68, -1,  16
728966,19951104,     5,  1,  38,   120, -1,  27
728966,19951104,     6, -1,  26,   211,  1,  24
728966,19951104,     7, -1,  14,   146,  1,   9
728966,19951104,     8,  1,  37,   199, -1,  33
728966,19951104,     9,  1,  26,   112, -1,  21
728966,19951104,    10,  1,  21,   165, -1,   7
728966,19951104,    12,  1,  38,   200, -1,  14
728966,19951104,    14, -1,  28,    90,  1,  13
728966,19951104,    17,  1,  63,    54, -1,  44
728966,19951104,    18, -1,  10,   181,  1,   9
728966,19951104,    20,  1,  33,   141, -1,   7
728966,19951104,    25,  1,  45,   194, -1,  35
728966,19951104,    21,  1,  47,    70, -1,   8
728966,19951104,    22,  1,  21,    73, -1,   7
728966,19951104,    27,  1,  49,    42, -1,   7
728966,19951104,   197, -1,  37,   173,  1,  21
728966,19951104,    28,  1,  27,   218, -1,  11
728966,19951104,    29,  1,  21,    82, -1,  14
728966,19951104,   198,  1,  38,    16, -1,   7
728966,19951104,    35,  1,  17,   133, -1,  10
728966,19951104,    37, -1,  45,   144,  1,  32
728966,19951104,    38,  1,  56,   205, -1,  10
728966,19951104,    40,  1,  28,    19, -1,  17
728966,19951104,    41,  1,  38,   226, -1,  10
728966,19951104,    44, -1,  43,    39,  1,  27
728966,19951104,    45, -1,  36,    57,  1,  10
728966,19951104,    46,  1,  23,   221, -1,  20
728966,19951104,    47, -1,  17,   125,  1,  10
728966,19951104,    50,  1,  48,   175, -1,  22
728966,19951104,    55, -1,  31,    11,  1,  25
728966,19951104,    51,  1,  20,   213, -1,  17
728966,19951104,    58,  1,  58,   123, -1,  20
728966,19951104,    65,  1,  33,   168, -1,  19
728966,19951104,    64,  1,  27,    63, -1,  20
728966,19951104,    67, -1,  24,   216,  1,  23
728966,19951104,    71,  1,  42,    62, -1,  37
728966,19951104,    76, -1,  17,   136,  1,  14
728966,19951104,    78, -1,  26,    83,  1,   7
728966,19951104,    79,  1,  31,   137, -1,  29
728966,19951104,    85, -1,  13,   195,  1,   9
728966,19951104,    87, -1,  27,   135,  1,  13
728966,19951104,    88,  1,  42,   113, -1,  23
728966,19951104,    89,  1,  49,   143, -1,  10
728966,19951104,    92,  1,  35,    36, -1,   9
728966,19951104,    93, -1,  17,    61,  1,   0
728966,19951104,    94,  1,  28,    69, -1,  14
728966,19951104,    97,  1,  34,   193, -1,  14
728966,19951104,    99,  1,  24,   103, -1,  21
728966,19951104,   100,  1,  38,   177, -1,   0
728966,19951104,   101,  1,  52,    56, -1,   0
728966,19951104,   102, -1,  30,   126,  1,  13
728966,19951104,   104, -1,  28,   187,  1,   7
728966,19951104,   106,  1,  35,    15, -1,  14
728966,19951104,   107,  1,  39,    53, -1,  23
728966,19951104,   109,  1,  28,   108, -1,  25
728966,19951104,   121,  1,  45,   189, -1,  17
728966,19951104,   111, -1,  34,   105,  1,   3
728966,19951104,   116,  1,  35,    77, -1,  21
728966,19951104,   122,  1,  17,    52, -1,   7
728966,19951104,   127,  1,  73,    84, -1,  14
728966,19951104,   128, -1,  30,   204,  1,  25
728966,19951104,   201,  1,  34,   134, -1,  24
728966,19951104,   131, -1,  39,   147,  1,  37
728966,19951104,   138,  1,  21,   149, -1,  10
728966,19951104,   140,  1,  35,   124, -1,  17
728966,19951104,   142, -1,  49,   110,  1,  21
728966,19951104,   145, -1,  24,   217,  1,  22
728966,19951104,   152, -1,  22,   148,  1,   9
728966,19951104,   153,  1,  38,   222, -1,  27
728966,19951104,   154,  1,  27,   208, -1,  10
728966,19951104,   156,  1,   7,   129, -1,   3
728966,19951104,   161, -1,  24,   132,  1,  17
728966,19951104,   162,  1,  35,   119, -1,  24
728966,19951104,   163,  1,  37,    24, -1,  16
728966,19951104,   164,  1,  38,   130, -1,  29
728966,19951104,   159, -1,  18,    75,  1,  14
728966,19951104,   166,  1,  21,   118, -1,  12
728966,19951104,   202,  1,  31,   178, -1,  30
728966,19951104,   160,  1,  30,   223, -1,  28
728966,19951104,   172,  0,  52,    59,  0,  38
728966,19951104,    95,  1,  40,    96, -1,  33
728966,19951104,   176, -1,  28,    43,  1,  14
728966,19951104,   182,  1,  42,   171, -1,   0
728966,19951104,    32,  1,  29,    34, -1,  24
728966,19951104,   184, -1,  28,   183,  1,  24
728966,19951104,   185,  1,  48,   188, -1,   7
728966,19951104,   180,  1,  19,   169, -1,  16
728966,19951104,   190, -1,  19,    26,  1,   7
728966,19951104,   203, -1,  30,   225,  1,  24
728966,19951104,   207,  1,  14,    91, -1,  10
728966,19951104,   210,  1,  31,   179, -1,   7
728966,19951104,   215, -1,  21,   115,  1,  20
728966,19951104,   220,  1,  59,   158, -1,  26
728966,19951104,   227, -1,  24,     2,  1,  10
728971,19951109,   186, -1,  17,   155,  1,  10
728972,19951110,   175,  1,  17,    82, -1,  13
728973,19951111,     1,  1,  38,    11, -1,  20
728973,19951111,     3,  1,  14,   112, -1,   9
728973,19951111,     4, -1,  56,   120,  1,  28
728973,19951111,     6,  1,  28,   212, -1,   3
728973,19951111,     8, -1,  38,    28,  1,  29
728973,19951111,     9,  1,  24,    95, -1,  13
728973,19951111,    10, -1,  28,   123,  1,  21
728973,19951111,    12, -1,  37,    66,  1,  31
728973,19951111,    14,  1,  24,    26, -1,  16
728973,19951111,    15, -1,  48,   169,  1,   7
728973,19951111,    17,  1,  35,   117, -1,   7
728973,19951111,    20, -1,  26,    90,  1,  15
728973,19951111,    25, -1,  31,   130,  1,  14
728973,19951111,    22, -1,  21,    36,  1,  14
728973,19951111,    23, -1,   9,   227,  1,   6
728973,19951111,   197,  1,  34,    27, -1,  31
728973,19951111,    43,  1,  53,   173, -1,  29
728973,19951111,    35,  1,  34,    49, -1,  17
728973,19951111,    37,  1,  21,   113, -1,   0
728973,19951111,    38,  1,  22,    71, -1,   0
728973,19951111,    41,  1,  35,    39, -1,  14
728973,19951111,    44,  1,  10,    21, -1,   7
728973,19951111,    47,  1,  30,    16, -1,  20
728973,19951111,    50, -1,  14,    29,  1,   0
728973,19951111,    55,  1,  28,   194, -1,   7
728973,19951111,    56,  1,  38,    32, -1,   9
728973,19951111,    51, -1,  42,   160,  1,  21
728973,19951111,    52,  1,  28,    13, -1,   0
728973,19951111,    58, -1,  63,   170,  1,   7
728973,19951111,    59, -1,  28,   159,  1,  21
728973,19951111,    60, -1,  28,   133,  1,  12
728973,19951111,    62,  1,  47,   205, -1,  14
728973,19951111,    65, -1,  29,   177,  1,   0
728973,19951111,    64, -1,   7,    94,  1,   6
728973,19951111,    67,  1,  27,   126, -1,  19
728973,19951111,    72, -1,  37,   154,  1,   3
728973,19951111,    75, -1,  29,   119,  1,  17
728973,19951111,    76, -1,  16,   137,  1,  12
728973,19951111,    79,  1,  25,    81, -1,   0
728973,19951111,    85, -1,  68,   151,  1,   0
728973,19951111,    86,  1,  32,   213, -1,  27
728973,19951111,    87,  1,  24,    40, -1,  16
728973,19951111,    89, -1,  49,    84,  1,   7
728973,19951111,    91,  1,  33,    33, -1,  14
728973,19951111,    92,  1,  24,    61, -1,  21
728973,19951111,    93,  1,  51,    73, -1,  21
728973,19951111,    98,  1,  38,   111, -1,   9
728973,19951111,    97,  1,  39,   200, -1,   0
728973,19951111,   100,  1,  49,   168, -1,   6
728973,19951111,   101, -1,  31,    63,  1,   6
728973,19951111,   103, -1,  28,    19,  1,  23
728973,19951111,   104, -1,  20,   139,  1,  10
728973,19951111,   106, -1,  17,    18,  1,  14
728973,19951111,   107, -1,  30,   141,  1,   2
728973,19951111,   108,  1,   5,   153, -1,   0
728973,19951111,   109, -1,  31,    80,  1,  13
728973,19951111,   121, -1,  31,   184,  1,   6
728973,19951111,   115,  1,  30,    30, -1,  13
728973,19951111,   116, -1,  63,    54,  1,   7
728973,19951111,   122, -1,  24,   183,  1,  19
728973,19951111,   124,  1,  31,    46, -1,   7
728973,19951111,   127, -1,  41,    88,  1,   3
728973,19951111,   128, -1,  45,   147,  1,  29
728973,19951111,   129, -1,  12,   208,  1,   9
728973,19951111,   134,  1,  41,    77, -1,  38
728973,19951111,   135, -1,  31,    99,  1,  28
728973,19951111,   138,  1,  31,    83, -1,  20
728973,19951111,   142,  1,  41,    78, -1,   3
728973,19951111,   144, -1,  12,   143,  1,   0
728973,19951111,   145, -1,  17,     7,  1,  13
728973,19951111,   148, -1,  38,    70,  1,  21
728973,19951111,   157,  1,  21,   174, -1,   6
728973,19951111,   158, -1,  45,   193,  1,  40
728973,19951111,   162, -1,  21,   189,  1,  14
728973,19951111,   165, -1,  38,   131,  1,  37
728973,19951111,   202, -1,  28,   146,  1,  10
728973,19951111,   171, -1,  17,   105,  1,   9
728973,19951111,   172, -1,  48,   195,  1,  13
728973,19951111,   114, -1,  39,   166,  1,   3
728973,19951111,   176, -1,  28,    42,  1,  20
728973,19951111,   178, -1,  36,   218,  1,  24
728973,19951111,   167,  1,  50,   187, -1,  21
728973,19951111,   179, -1,  42,   150,  1,  10
728973,19951111,   185, -1,  52,    74,  1,  20
728973,19951111,   188,  1,  27,   180, -1,   6
728973,19951111,   190,  1,  41,     2, -1,   7
728973,19951111,   192, -1,  28,   198,  1,  17
728973,19951111,   204, -1,  42,   201,  1,   0
728973,19951111,   207,  1,  29,    96, -1,   6
728973,19951111,   209, -1,  21,   102,  1,  18
728973,19951111,   211, -1,  34,    34,  1,   7
728973,19951111,   210,  0,  38,   181,  0,  16
728973,19951111,   215, -1,  20,   163,  1,  17
728973,19951111,   217, -1,  38,   199,  1,  14
728973,19951111,   219,  1,  20,   136, -1,  14
728973,19951111,   214, -1,  23,    53,  1,  13
728973,19951111,   221,  1,  27,   156, -1,   7
728973,19951111,   222, -1,  34,   110,  1,  27
728973,19951111,   224, -1,  31,    31,  1,  23
728973,19951111,   225, -1,  34,   164,  1,  31
728973,19951111,   226, -1,  21,   152,  1,  13
728978,19951116,   167, -1,  25,   139,  1,  20
728978,19951116,   192, -1,  50,   162,  1,  20
728980,19951118,     6, -1,  28,    34,  1,  24
728980,19951118,    10,  1,  55,   120, -1,   3
728980,19951118,    11,  1,  37,    22, -1,   6
728980,19951118,    12,  1,  31,     3, -1,  27
728980,19951118,    15,  1,  34,   155, -1,   6
728980,19951118,    19, -1,  54,    23,  1,  40
728980,19951118,    21,  1,  33,    39, -1,  14
728980,19951118,    27,  1,  52,    54, -1,  35
728980,19951118,    43, -1,  20,    42,  1,  16
728980,19951118,   198,  1,  37,    99, -1,  17
728980,19951118,    33, -1,  24,   194,  1,   5
728980,19951118,    35, -1,  38,   170,  1,  17
728980,19951118,    37, -1,  27,    89,  1,  17
728980,19951118,    40,  1,  20,   103, -1,   7
728980,19951118,    46, -1,  24,   154,  1,  19
728980,19951118,    47,  1,  20,    75, -1,  13
728980,19951118,    50, -1,  44,   215,  1,  20
728980,19951118,    55,  1,  31,   105, -1,  17
728980,19951118,    56,  1,  36,   212, -1,  10
728980,19951118,    51, -1,  27,    81,  1,   6
728980,19951118,    52,  1,  41,   118, -1,  10
728980,19951118,    53, -1,  40,    90,  1,   7
728980,19951118,    58,  1,  38,   207, -1,   7
728980,19951118,    60,  1,  59,   102, -1,  17
728980,19951118,    63, -1,  23,    32,  1,  21
728980,19951118,    64,  0,  31,   211,  0,  13
728980,19951118,    69,  1,  54,   119, -1,  20
728980,19951118,    70, -1,  22,   226,  1,  21
728980,19951118,    73,  1,  39,    36, -1,  20
728980,19951118,    76,  1,  33,    17, -1,  13
728980,19951118,    77,  1,  35,   219, -1,  25
728980,19951118,    78,  1,  48,   110, -1,  14
728980,19951118,    79, -1,  30,   227,  1,  13
728980,19951118,    83, -1,  33,   222,  1,  20
728980,19951118,    85,  1,  28,     5, -1,   7
728980,19951118,    88, -1,  22,   144,  1,  17
728980,19951118,    93,  1,  37,    92, -1,  30
728980,19951118,    94,  1,  49,   223, -1,  36
728980,19951118,    98,  1,  28,     9, -1,   0
728980,19951118,    96,  1,  59,   123, -1,  14
728980,19951118,    97,  1,  57,   134, -1,  14
728980,19951118,   101,  1,  30,    72, -1,  28
728980,19951118,   104, -1,  31,   132,  1,   6
728980,19951118,   106,  1,  17,   220, -1,  12
728980,19951118,   107,  1,  65,     2, -1,   0
728980,19951118,   113,  1,  45,    84, -1,  31
728980,19951118,   116, -1,  42,   117,  1,  33
728980,19951118,   122,  1,  56,   213, -1,  18
728980,19951118,   124,  1,  35,   193, -1,   7
728980,19951118,   128,  1,  45,   165, -1,  28
728980,19951118,   129,  1,  21,   135, -1,  10
728980,19951118,   131, -1,  58,   201,  1,  34
728980,19951118,   133,  1,  28,    49, -1,  24
728980,19951118,   126, -1,  52,   216,  1,  23
728980,19951118,   138, -1,  23,   153,  1,   8
728980,19951118,   140, -1,  44,     1,  1,  14
728980,19951118,   142,  1,  42,    80, -1,   3
728980,19951118,   145,  1,  12,   146, -1,  10
728980,19951118,   148,  1,  37,    41, -1,  18
728980,19951118,   149,  1,  27,   108, -1,  17
728980,19951118,   152, -1,  10,    44,  1,  10
728980,19951118,   158, -1,  23,   181,  1,  20
728980,19951118,   161, -1,  26,   187,  1,  20
728980,19951118,   164, -1,  49,    71,  1,  10
728980,19951118,   159,  0,  28,   125,  0,  27
728980,19951118,   166,  1,  41,   183, -1,  24
728980,19951118,   171, -1,  35,    95,  1,  32
728980,19951118,   114,  1,  49,    86, -1,  14
728980,19951118,   178,  1,  29,    28, -1,  24
728980,19951118,   179,  1,  58,    18, -1,  29
728980,19951118,   182, -1,  34,    91,  1,  31
728980,19951118,   189,  1,  31,    13, -1,  28
728980,19951118,   185,  1,  27,   180, -1,  19
728980,19951118,   186,  1,  56,   121, -1,  14
728980,19951118,   188, -1,  45,   169,  1,  14
728980,19951118,   205,  1,  17,   130, -1,  12
728980,19951118,   190,  1,  31,   141, -1,  20
728980,19951118,   199, -1,  24,   202,  1,  20
728980,19951118,   203, -1,  34,    25,  1,  17
728980,19951118,   204,  1,  38,   147, -1,  22
728980,19951118,   208,  1,  28,   156, -1,   0
728980,19951118,   210, -1,  36,   209,  1,  29
728980,19951118,   217,  1,  33,   218, -1,  30
728980,19951118,   214,  1,  48,    26, -1,  31
728980,19951118,   224,  1,  55,    45, -1,  24
728980,19951118,   225,  1,  38,    62, -1,  10
728985,19951123,    66, -1,  18,    67,  1,  17
728985,19951123,   185,  1,  21,    15, -1,  13
728986,19951124,     7, -1,  31,     8,  1,  28
728986,19951124,    18, -1,  41,   158,  1,  38
728986,19951124,   127,  1,  37,   143, -1,   0
728986,19951124,   133, -1,  30,   126,  1,  28
728986,19951124,   153, -1,  51,    80,  1,  14
728986,19951124,   220,  1,  21,   150, -1,   0
728987,19951125,     1, -1,  45,    71,  1,  28
728987,19951125,     6,  1,  31,    87, -1,  24
728987,19951125,    25, -1,  45,    62,  1,  28
728987,19951125,    38, -1,  24,   164,  1,  13
728987,19951125,    46,  1,  38,    72, -1,  17
728987,19951125,    58,  1,  35,    60, -1,  24
728987,19951125,    59,  0,  43,    16,  0,   0
728987,19951125,    64, -1,  24,   192,  1,  21
728987,19951125,    78, -1,   3,   222,  1,   3
728987,19951125,    83,  1,  45,   110, -1,   3
728987,19951125,   101,  1,  38,    85, -1,   8
728987,19951125,   104,  1,  33,    76, -1,   3
728987,19951125,   106,  1,  35,   179, -1,  24
728987,19951125,   108,  1,  31,   142, -1,  23
728987,19951125,   111, -1,  13,   112,  1,  10
728987,19951125,   116,  1,  48,    52, -1,   0
728987,19951125,   137, -1,  35,   122,  1,  34
728987,19951125,   149, -1,  24,   109,  1,  20
728987,19951125,   172,  0,  30,    68,  0,  14
728987,19951125,   167,  1,  34,    51, -1,  29
728987,19951125,   182,  1,  12,   207, -1,   7
728987,19951125,   186, -1,  38,   180,  1,   6
728987,19951125,   188, -1,  38,    74,  1,  26
728987,19951125,   225, -1,  42,   205,  1,  19
728994,19951202,    11,  0,  14,   124,  0,  13
728994,19951202,    58,  0,  34,     9,  0,   3
728994,19951202,    74, -1,  18,   155,  1,  17
728994,19951202,   101,  0,  41,   137,  0,  24
728994,19951202,   104,  1,  52,    46, -1,  18
728994,19951202,   116,  0,  45,    64,  0,   0
728994,19951202,   144, -1,  24,    71,  1,  20
728994,19951202,   167,  0,  27,     6,  0,  17
728994,19951202,   185, -1,  16,   186,  1,   6
729001,19951209,   101, -1,  25,   104,  1,  13
729001,19951209,   116,  1,  70,   167, -1,  14
729006,19951214,   190,  0,  40,   128,  0,  37
729008,19951216,   116, -1,  22,   101,  1,  20
729017,19951225,    88,  0,  51,   199,  0,  30
729019,19951227,   188,  0,  55,     1,  0,  41
729020,19951228,   186,  0,  22,   108,  0,  20
729021,19951229,    83,  0,  38,   217,  0,  18
729021,19951229,    89,  0,  54,    38,  0,  21
729021,19951229,    98,  0,  45,   109,  0,  26
729021,19951229,   172,  0,  30,    59,  0,  25
729022,19951230,    55,  0,  19,   178,  0,  13
729022,19951230,   133,  0,  20,     9,  0,  10
729022,19951230,   209,  0,  34,    66,  0,  27
729023,19951231,   210,  0,  28,   185,  0,  10
729024,19960101,    37,  0,  38,   145,  0,   6
729024,19960101,    60,  0,  31,   140,  0,  26
729024,19960101,   149,  0,  43,    12,  0,  14
729024,19960101,   202,  1,  41,   138, -1,  32
729024,19960101,   179,  0,  41,    35,  0,   0
729024,19960101,   182,  0,  20,   142,  0,  14
729025,19960102,   127,  0,  62,    58,  0,  24
