729624,19970823,   142,  1,  24,   147, -1,   0
729625,19970824,   184,  0,  34,   226,  0,   0
729629,19970828,    27,  1,  44,   126, -1,  10
729629,19970828,    34,  1,  34,   199, -1,  24
729629,19970828,    57,  1,  30,    32, -1,   7
729629,19970828,    90,  1,  24,   201, -1,   0
729629,19970828,   125,  1,  13,    83, -1,   0
729629,19970828,   145,  1,  31,    92, -1,   7
729629,19970828,   146,  1,  24,   229, -1,  10
729629,19970828,   217,  1,  41,    52, -1,   0
729629,19970828,   227, -1,  42,   194,  1,   0
729629,19970828,   218,  1,  34,   186, -1,  14
729631,19970830,     1,  1,  14,    78, -1,  10
729631,19970830,     3,  1,  42,    76, -1,  17
729631,19970830,     8,  1,  41,   134, -1,  10
729631,19970830,    43, -1,  63,    18,  1,  23
729631,19970830,    39,  1,  45,   131, -1,  13
729631,19970830,    60,  1,  21,   176, -1,   6
729631,19970830,    61,  1,  43,   188, -1,  28
729631,19970830,    64,  1,  35,   154, -1,   7
729631,19970830,    68,  1,  38,    11, -1,   7
729631,19970830,    73,  1,  17,   113, -1,   3
729631,19970830,    93,  1,  38,   100, -1,  24
729631,19970830,    99,  1,  30,    21, -1,  23
729631,19970830,   109, -1,  45,    16,  1,  14
729631,19970830,   110,  1,  27,    15, -1,  10
729631,19970830,   114,  1,  24,   202, -1,  23
729631,19970830,   115,  1,  13,   108, -1,  10
729631,19970830,   130,  1,  59,     2, -1,  14
729631,19970830,   133,  1,  33,   140, -1,  10
729631,19970830,   129, -1,  32,   184,  1,  31
729631,19970830,   204,  1,  28,   135, -1,   0
729631,19970830,   148, -1,  21,    86,  1,  14
729631,19970830,   153,  1,  45,    98, -1,  13
729631,19970830,   160, -1,  21,   106,  1,   6
729631,19970830,   177,  0,  51,   123,  0,  30
729631,19970830,   178,  1,  44,    81, -1,  13
729631,19970830,   187,  1,  52,   193, -1,  17
729631,19970830,   200,  1,  32,   155, -1,  16
729631,19970830,   197,  1,  30,     5, -1,   0
729631,19970830,   208, -1,  21,   207,  1,  14
729631,19970830,   211,  1,  29,   138, -1,  12
729631,19970830,   214, -1,  59,   162,  1,  19
729631,19970830,   222,  1,  37,   203, -1,  34
729631,19970830,   224,  1,  42,   104, -1,  31
729631,19970830,   225,  1,  31,    71, -1,   6
729632,19970831,    87,  1,  38,     4, -1,  11
729636,19970904,    13, -1,  28,   213,  1,  17
729636,19970904,    65, -1,  29,   166,  1,  10
729636,19970904,   121,  1,  55,    14, -1,  43
729636,19970904,   149,  1,  16,     7, -1,   9
729636,19970904,   192,  1,  24,    44, -1,  14
729637,19970905,   168,  1,  45,   127, -1,  31
729638,19970906,     1, -1,  41,   159,  1,  12
729638,19970906,     5,  1,  44,    70, -1,  20
729638,19970906,     9,  1,  15,   123, -1,   7
729638,19970906,    10,  1,  28,   204, -1,  16
729638,19970906,    15,  1,  24,    89, -1,   6
729638,19970906,    16, -1,  37,    64,  1,  35
729638,19970906,    21,  1,  28,   110, -1,  21
729638,19970906,    23,  1,  23,    51, -1,  16
729638,19970906,    29, -1,  35,    76,  1,   3
729638,19970906,    36,  1,  23,     6, -1,  12
729638,19970906,    38,  1,  31,    39, -1,  21
729638,19970906,    47, -1,  27,   132,  1,  10
729638,19970906,    52,  1,  42,   194, -1,   6
729638,19970906,    59, -1,  34,    94,  1,  10
729638,19970906,    60,  1,  82,    27, -1,   6
729638,19970906,    62, -1,  14,   206,  1,   7
729638,19970906,    63, -1,  23,    95,  1,   0
729638,19970906,    73,  1,  34,    43, -1,  21
729638,19970906,    74,  1,  24,    20, -1,  14
729638,19970906,    78,  1,  46,   154, -1,   0
729638,19970906,    81,  1,  40,    24, -1,  28
729638,19970906,    85,  1,  66,   141, -1,   0
729638,19970906,    87,  1,  35,    77, -1,  33
729638,19970906,    90,  1,  17,   185, -1,  10
729638,19970906,    91, -1,  47,   126,  1,   7
729638,19970906,   101,  1,  55,   209, -1,   3
729638,19970906,   102, -1,  30,   158,  1,  14
729638,19970906,   104, -1,  35,    12,  1,  25
729638,19970906,   108,  1,  28,   201, -1,   7
729638,19970906,   112,  1,  42,   218, -1,  10
729638,19970906,   114,  1,  23,   173, -1,  15
729638,19970906,   115,  1,  35,    93, -1,  27
729638,19970906,   116,  1,  44,    54, -1,  24
729638,19970906,   131,  1,  31,   205, -1,  14
729638,19970906,   133,  1,  61,   134, -1,  24
729638,19970906,   135,  1,  33,   164, -1,   0
729638,19970906,   137,  1,  23,    82, -1,   6
729638,19970906,   129, -1,  45,    50,  1,  14
729638,19970906,   139, -1,  24,   181,  1,  16
729638,19970906,   144,  1,  17,    69, -1,  13
729638,19970906,   145, -1,  21,   105,  1,  14
729638,19970906,   147,  1,  36,   184, -1,  34
729638,19970906,   148, -1,  31,    98,  1,   7
729638,19970906,   150,  1,  33,   138, -1,   7
729638,19970906,   152,  1,  34,   153, -1,  17
729638,19970906,   160, -1,  23,    37,  1,   7
729638,19970906,   174,  1,  33,   202, -1,  31
729638,19970906,   163,  1,  13,    32, -1,  12
729638,19970906,   176, -1,  24,    80,  1,   7
729638,19970906,   177,  1,  27,   143, -1,   9
729638,19970906,   117, -1,  47,    88,  1,  42
729638,19970906,   183,  1,  28,   169, -1,  12
729638,19970906,   186,  1,  28,    19, -1,  21
729638,19970906,   187, -1,  30,   203,  1,  24
729638,19970906,    33,  1,  13,   189, -1,  10
729638,19970906,   188,  1,  25,   124, -1,  16
729638,19970906,   190,  1,  48,   162, -1,  14
729638,19970906,   191,  1,  59,   165, -1,   6
729638,19970906,   200,  1,  31,     4, -1,   6
729638,19970906,   195,  1,  36,   157, -1,  22
729638,19970906,   196,  1,  22,   118, -1,  21
729638,19970906,   197,  1,  21,    53, -1,  12
729638,19970906,   198,  1,  31,    34, -1,  17
729638,19970906,   207, -1,  27,   100,  1,  21
729638,19970906,   208,  1,  41,    79, -1,   7
729638,19970906,   220,  1,  27,   142, -1,  20
729638,19970906,   221, -1,  42,    26,  1,  20
729638,19970906,   224,  1,  24,    56, -1,  17
729638,19970906,   227,  1,  52,   125, -1,  50
729638,19970906,   225, -1,  29,    66,  1,  28
729638,19970906,   226,  1,  28,    18, -1,  24
729638,19970906,   228,  1,  23,   215, -1,  13
729638,19970906,   229,  1,  56,    86, -1,  10
729638,19970906,   231,  1,  44,    92, -1,  23
729643,19970911,     3, -1,  20,   211,  1,   0
729644,19970912,    94, -1,  25,   182,  1,  16
729644,19970912,   180,  1,  13,    31, -1,   7
729645,19970913,     1,  1,  25,   205, -1,  24
729645,19970913,     7,  1,  24,   201, -1,  10
729645,19970913,     8, -1,  23,   109,  1,  12
729645,19970913,    12,  1,  41,    95, -1,  14
729645,19970913,    13,  1,  19,   114, -1,   9
729645,19970913,    19,  1,  31,   224, -1,  24
729645,19970913,    24,  1,  40,    48, -1,  30
729645,19970913,    27,  1,  44,    18, -1,  26
729645,19970913,    35,  1,  10,   175, -1,   7
729645,19970913,    36, -1,  19,   129,  1,  17
729645,19970913,    39, -1,  35,   208,  1,  24
729645,19970913,    41,  1,  38,   139, -1,  26
729645,19970913,    46,  1,  51,   118, -1,  16
729645,19970913,    51,  1,  51,   179, -1,   3
729645,19970913,    56,  1,  25,   220, -1,  24
729645,19970913,    61,  1,  41,   136, -1,  26
729645,19970913,    62,  1,  50,   105, -1,   7
729645,19970913,    63,  1,  42,    96, -1,  35
729645,19970913,    67, -1,  19,   103,  1,  13
729645,19970913,    68,  1,  31,   174, -1,  15
729645,19970913,    71, -1,  49,    77,  1,  21
729645,19970913,    74,  1,  28,   192, -1,  24
729645,19970913,    78, -1,  43,    79,  1,   0
729645,19970913,    81, -1,  41,   170,  1,   7
729645,19970913,    82,  1,  33,    15, -1,   6
729645,19970913,    85,  1,  54,   199, -1,  16
729645,19970913,    87,  1,  31,   188, -1,  28
729645,19970913,    88, -1,  28,   165,  1,  21
729645,19970913,    89,  1,  32,    57, -1,  27
729645,19970913,    90,  1,  15,   116, -1,   7
729645,19970913,    91,  1,  23,   145, -1,  20
729645,19970913,    97, -1,  17,   216,  1,  10
729645,19970913,   101, -1,  24,   115,  1,   9
729645,19970913,    99,  1,  17,   204, -1,  16
729645,19970913,   100,  1,  26,    80, -1,  14
729645,19970913,   102,  1,  49,   106, -1,   6
729645,19970913,   104, -1,  42,    92,  1,  17
729645,19970913,   107, -1,  28,   117,  1,  16
729645,19970913,   110,  1,  49,     2, -1,  20
729645,19970913,   111,  1,  27,    38, -1,   3
729645,19970913,   112,  1,  51,   108, -1,  21
729645,19970913,   113,  1,  53,    86, -1,  29
729645,19970913,   119,  1,  24,   171, -1,  10
729645,19970913,   122, -1,  18,    17,  1,  15
729645,19970913,   127,  1,  36,   162, -1,   7
729645,19970913,   130,  1,  38,   202, -1,  24
729645,19970913,   133, -1,  38,   209,  1,  20
729645,19970913,   134,  1,  28,    43, -1,  18
729645,19970913,   137,  1,  28,   183, -1,  17
729645,19970913,   138,  1,  41,    83, -1,   6
729645,19970913,   142,  1,  24,    50, -1,  20
729645,19970913,   146,  1,  44,    21, -1,  13
729645,19970913,   148,  1,  35,    64, -1,   0
729645,19970913,   149, -1,  24,   131,  1,  20
729645,19970913,   152,  1,  52,   186, -1,  10
729645,19970913,   153, -1,  35,    76,  1,  24
729645,19970913,   157,  1,  28,   144, -1,  17
729645,19970913,   158,  1,  35,   132, -1,  21
729645,19970913,   159, -1,  30,   198,  1,  24
729645,19970913,   161, -1,  26,    25,  1,  21
729645,19970913,   166, -1,  21,    14,  1,  13
729645,19970913,   163,  1,  17,    65, -1,   6
729645,19970913,   164,  1,  24,   125, -1,  20
729645,19970913,   173,  0,  31,    10,  0,   9
729645,19970913,   177,  1,  36,     9, -1,  33
729645,19970913,   181, -1,  30,   167,  1,  20
729645,19970913,    33,  1,  33,   124, -1,  24
729645,19970913,   193,  1,  59,    98, -1,  14
729645,19970913,   195,  1,  38,    54, -1,  35
729645,19970913,   196,  1,  27,    75, -1,   7
729645,19970913,   197, -1,  20,     4,  1,  13
729645,19970913,   203, -1,  66,   190,  1,   3
729645,19970913,   207, -1,  32,   185,  1,  18
729645,19970913,   212, -1,  35,    47,  1,  25
729645,19970913,   213,  1,  26,   160, -1,   7
729645,19970913,   214,  1,  31,   184, -1,   3
729645,19970913,   219,  1,  33,    84, -1,   0
729645,19970913,   221,  1,  36,   168, -1,   3
729645,19970913,   222, -1,  28,   206,  1,  21
729645,19970913,   223,  1,  33,   178, -1,  32
729645,19970913,   217, -1,  31,     5,  1,  17
729645,19970913,   227, -1,  37,    53,  1,  21
729645,19970913,   218, -1,  21,   126,  1,  13
729645,19970913,   225, -1,  41,   215,  1,  12
729645,19970913,   226, -1,  56,   169,  1,  10
729645,19970913,   229, -1,  35,    73,  1,   6
729650,19970918,   153,  1,  21,   109, -1,  17
729652,19970920,     1, -1,  24,    39,  1,   0
729652,19970920,   201,  1,  34,    88, -1,  16
729652,19970920,     5, -1,  20,     4,  1,   6
729652,19970920,     6,  1,  27,    53, -1,  23
729652,19970920,    10, -1,  17,     3,  1,  16
729652,19970920,    13, -1,  31,   101,  1,  28
729652,19970920,    18,  1,  24,   223, -1,   7
729652,19970920,    19, -1,  35,   162,  1,  21
729652,19970920,    21, -1,  31,     2,  1,  28
729652,19970920,    26, -1,  13,     8,  1,  10
729652,19970920,    22, -1,  52,   230,  1,  14
729652,19970920,    23, -1,  23,    95,  1,  21
729652,19970920,    25, -1,  38,   179,  1,  12
729652,19970920,    29,  1,  40,   147, -1,  36
729652,19970920,    30, -1,  10,   182,  1,   7
729652,19970920,   202,  1,  41,    78, -1,  10
729652,19970920,    34,  1,  34,    90, -1,   7
729652,19970920,    37,  1,  27,    63, -1,  14
729652,19970920,    41, -1,  35,    74,  1,  31
729652,19970920,    42,  1,  14,   156, -1,  10
729652,19970920,    45, -1,  23,   151,  1,  15
729652,19970920,    46, -1,  16,   161,  1,  13
729652,19970920,    48,  1,  24,   136, -1,  21
729652,19970920,    49, -1,  23,   175,  1,  22
729652,19970920,    50,  1,  20,    12, -1,  17
729652,19970920,    51,  1,  38,   172, -1,  14
729652,19970920,    52, -1,  25,    81,  1,  14
729652,19970920,    55, -1,  31,   154,  1,  14
729652,19970920,    59,  1,  34,   180, -1,  21
729652,19970920,    60,  1,  33,   187, -1,  20
729652,19970920,    61,  1,  30,    87, -1,  14
729652,19970920,    62, -1,  35,    36,  1,  28
729652,19970920,    68,  1,  42,   204, -1,   3
729652,19970920,    66, -1,  22,   228,  1,   7
729652,19970920,    69, -1,  28,   220,  1,  26
729652,19970920,    71, -1,   7,   128,  1,   2
729652,19970920,    72,  1,  45,    40, -1,   7
729652,19970920,    75,  1,  25,    67, -1,  21
729652,19970920,    77,  1,  32,     9, -1,  21
729652,19970920,    83,  1,  19,   164, -1,  14
729652,19970920,    85, -1,  63,    86,  1,  20
729652,19970920,    89,  1,  13,   106, -1,  10
729652,19970920,    92, -1,  41,    54,  1,  38
729652,19970920,    93, -1,  49,    82,  1,   7
729652,19970920,    96, -1,  16,   196,  1,  14
729652,19970920,    99,  1,  56,    27, -1,  28
729652,19970920,   103, -1,  31,    84,  1,  12
729652,19970920,   104,  1,  48,   217, -1,   7
729652,19970920,   107,  1,  22,   141, -1,   5
729652,19970920,   111,  1,  38,    16, -1,   3
729652,19970920,   112, -1,  23,   144,  1,   7
729652,19970920,   113, -1,  20,   108,  1,  17
729652,19970920,   116, -1,  42,   199,  1,  21
729652,19970920,   118,  1,  42,    94, -1,  20
729652,19970920,   119,  1,  35,   181, -1,  14
729652,19970920,   121,  1,  56,   210, -1,  24
729652,19970920,   122,  1,  24,   200, -1,  17
729652,19970920,   125,  1,  17,   170, -1,   3
729652,19970920,   127, -1,  46,   173,  1,  16
729652,19970920,   130, -1,  27,   221,  1,  14
729652,19970920,   205,  1,  25,    73, -1,  15
729652,19970920,   132,  1,  24,   225, -1,  22
729652,19970920,   133, -1,  25,   208,  1,  22
729652,19970920,   135,  1,  22,   197, -1,  20
729652,19970920,   137, -1,  40,   105,  1,  14
729652,19970920,   129,  1,  41,   126, -1,  14
729652,19970920,   138, -1,  30,   193,  1,  27
729652,19970920,   139, -1,  41,   158,  1,  13
729652,19970920,   145,  1,  50,    24, -1,   0
729652,19970920,   146,  1,  28,     7, -1,  20
729652,19970920,   149,  1,  43,    64, -1,  40
729652,19970920,   152, -1,  57,   100,  1,  21
729652,19970920,   157,  1,  28,    15, -1,  14
729652,19970920,   159, -1,  40,   142,  1,  34
729652,19970920,   160,  1,  56,   215, -1,   3
729652,19970920,   174, -1,  26,    56,  1,   0
729652,19970920,   176,  1,  35,   131, -1,  19
729652,19970920,   177,  1,  63,   155, -1,   7
729652,19970920,   178, -1,  34,    11,  1,  24
729652,19970920,   117,  1,  27,   194, -1,  14
729652,19970920,   192,  1,  28,   120, -1,  26
729652,19970920,   183, -1,  27,   150,  1,  24
729652,19970920,   184,  1,  30,   198, -1,  19
729652,19970920,   189, -1,  14,   166,  1,   7
729652,19970920,   191,  1,  66,    98, -1,   0
729652,19970920,   195, -1,  23,   218,  1,  13
729652,19970920,   207,  1,  56,   209, -1,   3
729652,19970920,   211,  1,  40,   185, -1,  16
729652,19970920,   212,  1,  34,   102, -1,  14
729652,19970920,   214, -1,  23,   186,  1,  13
729652,19970920,   222, -1,  35,    80,  1,  22
729652,19970920,   216,  1,  45,    35, -1,  25
729652,19970920,   227,  1,  53,    14, -1,   7
729652,19970920,   226,  1,  36,   168, -1,  10
729652,19970920,   229,  1,  30,   169, -1,  10
729652,19970920,   231, -1,  28,    20,  1,   7
729657,19970925,   220,  1,  19,   129, -1,  18
729659,19970927,     1,  1,  24,   168, -1,  18
729659,19970927,     3,  1,  27,   176, -1,  13
729659,19970927,   201, -1,  42,    98,  1,   7
729659,19970927,     6, -1,  40,    35,  1,  15
729659,19970927,     8, -1,  13,   150,  1,  10
729659,19970927,     9,  1,  18,     4, -1,  10
729659,19970927,    10,  1,  17,    99, -1,  13
729659,19970927,    13,  1,  41,   202, -1,  14
729659,19970927,    26, -1,  19,   173,  1,  16
729659,19970927,    22,  1,  35,    95, -1,  27
729659,19970927,    23,  1,  20,   151, -1,  16
729659,19970927,    28, -1,  24,   181,  1,  14
729659,19970927,    34, -1,  24,    19,  1,   6
729659,19970927,    37, -1,  44,    42,  1,  38
729659,19970927,    38,  1,  20,   229, -1,  19
729659,19970927,    40,  1,  16,   196, -1,   6
729659,19970927,    41, -1,  28,   230,  1,   0
729659,19970927,    45, -1,  35,    75,  1,   6
729659,19970927,    46, -1,  42,   121,  1,  28
729659,19970927,    47, -1,  38,   139,  1,  14
729659,19970927,    49, -1,  27,   210,  1,   7
729659,19970927,    50,  1,  26,   127, -1,  17
729659,19970927,    57,  1,  28,   216, -1,  18
729659,19970927,    52, -1,  10,   189,  1,   7
729659,19970927,    53,  1,  56,    14, -1,   3
729659,19970927,    54, -1,  31,    27,  1,  24
729659,19970927,    55,  1,  35,   223, -1,  11
729659,19970927,    60, -1,  55,    93,  1,  28
729659,19970927,    61, -1,  24,    77,  1,  15
729659,19970927,    65,  1,  35,   215, -1,  14
729659,19970927,    67,  1,  34,    59, -1,   9
729659,19970927,    66,  1,  37,    33, -1,  10
729659,19970927,    69,  1,  23,    36, -1,  20
729659,19970927,    71, -1,  42,    70,  1,   7
729659,19970927,    72, -1,  35,    96,  1,  30
729659,19970927,    76, -1,  45,   113,  1,  43
729659,19970927,    85,  1,  38,    80, -1,  10
729659,19970927,    87, -1,  48,   123,  1,  31
729659,19970927,    89, -1,  24,   102,  1,  22
729659,19970927,    91,  1,  58,    21, -1,   0
729659,19970927,    97, -1,  33,    48,  1,  17
729659,19970927,   101,  1,  56,     2, -1,   0
729659,19970927,   103,  1,  42,   182, -1,   0
729659,19970927,   104, -1,  42,    15,  1,  16
729659,19970927,   105, -1,  24,   186,  1,  21
729659,19970927,   106,  1,  18,   158, -1,  14
729659,19970927,   107, -1,  27,    88,  1,   6
729659,19970927,   110, -1,  38,    12,  1,  14
729659,19970927,   111,  1,  21,   144, -1,  14
729659,19970927,   114,  1,  15,   211, -1,   3
729659,19970927,   115,  1,  37,   174, -1,  17
729659,19970927,   119,  1,  52,    44, -1,  10
729659,19970927,   120, -1,  14,    79,  1,  13
729659,19970927,   125, -1,  35,   124,  1,  17
729659,19970927,   205,  1,  41,    81, -1,   6
729659,19970927,   136,  1,  48,   122, -1,   6
729659,19970927,   137,  1,  48,   213, -1,  20
729659,19970927,   140,  1,  56,   154, -1,  21
729659,19970927,   141,  1,  28,   164, -1,  27
729659,19970927,   143,  1,  19,   135, -1,   0
729659,19970927,   145,  1,  31,   218, -1,   7
729659,19970927,   146, -1,  31,   116,  1,  10
729659,19970927,   147,  1,  35,   100, -1,  14
729659,19970927,   148,  1,  38,   204, -1,   7
729659,19970927,   156,  1,   9,    63, -1,   7
729659,19970927,   157,  1,  21,   142, -1,   9
729659,19970927,   161, -1,  44,    31,  1,  21
729659,19970927,   165, -1,  40,   200,  1,   7
729659,19970927,   166, -1,  21,     5,  1,  16
729659,19970927,   172,  1,  41,    30, -1,  38
729659,19970927,   163,  1,  34,   188, -1,  28
729659,19970927,   170, -1,  42,   194,  1,   7
729659,19970927,   206, -1,  27,    29,  1,  17
729659,19970927,   183,  1,  58,   149, -1,  49
729659,19970927,   171,  1,  17,   132, -1,  14
729659,19970927,   190, -1,  38,   159,  1,  31
729659,19970927,   191,  0,  36,   138,  0,  10
729659,19970927,   209,  1,  24,   134, -1,  16
729659,19970927,   195,  1,  31,   131, -1,  13
729659,19970927,   203,  1,  40,     7, -1,  27
729659,19970927,   214,  1,  50,    11, -1,   0
729659,19970927,   219,  1,  42,   179, -1,   6
729659,19970927,   222,  1,  58,    18, -1,   0
729659,19970927,   224, -1,  28,   109,  1,  17
729659,19970927,   227,  1,  31,   175, -1,   3
729659,19970927,   225,  1,  20,    20, -1,  17
729659,19970927,   226,  1,  27,    82, -1,  26
729659,19970927,   231,  1,  27,    74, -1,  22
729664,19971002,    64,  1,  27,   207, -1,  13
729665,19971003,    26,  1,  42,   208, -1,  35
729665,19971003,   230, -1,  34,   210,  1,  14
729666,19971004,   192,  1,  31,   197, -1,  17
729666,19971004,     1,  1,  17,    35, -1,   3
729666,19971004,     2,  1,  53,    27, -1,  14
729666,19971004,   201,  1,  20,   227, -1,  16
729666,19971004,     7,  1,  31,   168, -1,  28
729666,19971004,     9,  1,  20,     5, -1,  10
729666,19971004,    13, -1,  23,   174,  1,   6
729666,19971004,    21,  1,  35,   126, -1,  10
729666,19971004,    22, -1,  45,    63,  1,  14
729666,19971004,    23, -1,  24,    72,  1,  20
729666,19971004,    28, -1,  38,   134,  1,  35
729666,19971004,    44,  1,  23,    79, -1,  19
729666,19971004,    30,  1,  14,    84, -1,   7
729666,19971004,   202, -1,  59,    92,  1,  43
729666,19971004,    34,  1,  20,   108, -1,  17
729666,19971004,    36,  1,  39,   209, -1,   7
729666,19971004,    37,  1,  61,    96, -1,  28
729666,19971004,    39,  1,  63,    73, -1,   0
729666,19971004,    41,  1,  55,    24, -1,   0
729666,19971004,    45,  1,  24,    42, -1,  20
729666,19971004,    46,  1,  42,    25, -1,   7
729666,19971004,    47, -1,  49,    20,  1,  17
729666,19971004,    48,  1,  35,    17, -1,  14
729666,19971004,    51, -1,  27,   103,  1,  24
729666,19971004,    57, -1,  51,     6,  1,  28
729666,19971004,    52, -1,  32,   170,  1,   7
729666,19971004,    59,  1,  17,    31, -1,  10
729666,19971004,    60,  1,  56,    10, -1,   7
729666,19971004,    62,  1,  47,   109, -1,   0
729666,19971004,    67,  1,  41,   172, -1,  10
729666,19971004,    68,  1,  47,   115, -1,   0
729666,19971004,    66, -1,  49,   215,  1,   0
729666,19971004,    69, -1,  42,    19,  1,  14
729666,19971004,    70,  1,  33,   155, -1,   6
729666,19971004,    71,  1,  18,    61, -1,  15
729666,19971004,    74, -1,  28,   158,  1,  21
729666,19971004,    78,  1,  30,   138, -1,  17
729666,19971004,    87, -1,  55,   200,  1,  49
729666,19971004,    90,  1,  20,   147, -1,  17
729666,19971004,    93,  1,  40,     3, -1,  34
729666,19971004,    95,  1,  31,    40, -1,   3
729666,19971004,   101, -1,   7,   211,  1,   6
729666,19971004,    99,  1,  41,    29, -1,  34
729666,19971004,   105,  1,  16,    50, -1,  10
729666,19971004,   110, -1,  24,   214,  1,  17
729666,19971004,   111, -1,  37,    82,  1,   0
729666,19971004,   112,  1,  31,   113, -1,  10
729666,19971004,   124,  1,  27,    88, -1,  16
729666,19971004,   116,  1,  45,    86, -1,  21
729666,19971004,   120,  1,  17,    55, -1,   7
729666,19971004,   125, -1,  45,   194,  1,   7
729666,19971004,   130,  1,  56,    91, -1,  26
729666,19971004,   132, -1,  28,   106,  1,  10
729666,19971004,   133,  1,  22,   173, -1,  15
729666,19971004,   135,  1,  17,   166, -1,  14
729666,19971004,   137, -1,  31,   185,  1,  10
729666,19971004,   128,  1,  49,   188, -1,  37
729666,19971004,   204,  1,  17,   143, -1,   7
729666,19971004,   139,  1,  33,   225, -1,  12
729666,19971004,   141, -1,  50,    81,  1,  34
729666,19971004,   145, -1,  47,    54,  1,   7
729666,19971004,   146,  1,  23,    85, -1,   7
729666,19971004,   148,  1,  42,   190, -1,  16
729666,19971004,   150,  1,  26,   169, -1,  12
729666,19971004,   151,  1,  26,   196, -1,  14
729666,19971004,   152, -1,  41,    80,  1,   6
729666,19971004,   154,  1,  26,    43, -1,  13
729666,19971004,   156, -1,  21,    75,  1,   7
729666,19971004,   159, -1,  42,   199,  1,  24
729666,19971004,   160,  1,  17,   102, -1,  14
729666,19971004,   161,  1,  21,   219, -1,   9
729666,19971004,   167, -1,  55,    58,  1,  20
729666,19971004,   163, -1,  34,   122,  1,  27
729666,19971004,   175,  1,  33,   121, -1,  17
729666,19971004,   206,  1,  35,   205, -1,  21
729666,19971004,   176,  1,  42,   100, -1,  24
729666,19971004,   177, -1,  27,     4,  1,  16
729666,19971004,   117, -1,  36,   164,  1,  35
729666,19971004,    98, -1,  41,    11,  1,  38
729666,19971004,   180,  1,  35,   182, -1,  14
729666,19971004,   183,  1,  33,   144, -1,  15
729666,19971004,   184,  1,  56,    56, -1,   0
729666,19971004,   186,  1,  17,   153, -1,  13
729666,19971004,   187,  1,  31,   114, -1,  17
729666,19971004,    33,  1,  20,   228, -1,  17
729666,19971004,   189, -1,  36,    14,  1,   3
729666,19971004,   191, -1,  16,    38,  1,  10
729666,19971004,   193, -1,  35,    16,  1,  14
729666,19971004,   198,  1,  41,    12, -1,   0
729666,19971004,   203,  1,  66,    76, -1,  10
729666,19971004,   212,  1,  49,    89, -1,  17
729666,19971004,   213,  1,  21,   220, -1,  13
729666,19971004,   221,  1,  26,     8, -1,  14
729666,19971004,   222, -1,  24,   149,  1,  13
729666,19971004,   223,  1,  36,   140, -1,  23
729666,19971004,   224,  1,  48,   162, -1,   0
729666,19971004,   216,  1,  17,    65, -1,  16
729666,19971004,   217, -1,  45,   178,  1,   6
729666,19971004,   218,  1,  21,    15, -1,  13
729666,19971004,   226, -1,  26,   142,  1,  25
729666,19971004,   229,  1,  28,   119, -1,  13
729666,19971004,   231, -1,  31,    83,  1,   0
729671,19971009,   184, -1,  50,   162,  1,   3
729672,19971010,   180,  1,  24,   103, -1,   7
729673,19971011,     1, -1,  10,   127,  1,   7
729673,19971011,     5,  1,  24,   155, -1,   9
729673,19971011,     7,  1,  28,   183, -1,  22
729673,19971011,     8,  1,  35,   206, -1,   7
729673,19971011,     9,  1,  36,   200, -1,  16
729673,19971011,    13,  1,  49,    99, -1,  13
729673,19971011,    18,  1,  52,   134, -1,  10
729673,19971011,    23, -1,  25,   230,  1,  24
729673,19971011,    43,  1,  30,   223, -1,  20
729673,19971011,    31, -1,  25,   179,  1,  18
729673,19971011,   202,  1,  52,   166, -1,   7
729673,19971011,    34,  1,  33,   201, -1,  29
729673,19971011,    35, -1,  23,    57,  1,  20
729673,19971011,    37, -1,  44,    95,  1,   6
729673,19971011,    39, -1,  55,   169,  1,  20
729673,19971011,    45, -1,  31,    63,  1,  10
729673,19971011,    46, -1,  14,    49,  1,  13
729673,19971011,    47,  1,  24,   160, -1,   7
729673,19971011,    51, -1,  28,    59,  1,  23
729673,19971011,    53, -1,  49,   188,  1,   7
729673,19971011,    54,  1,  38,    15, -1,  32
729673,19971011,    55,  1,  30,    44, -1,  17
729673,19971011,    62, -1,  51,    50,  1,  27
729673,19971011,    65,  1,  24,     6, -1,  22
729673,19971011,    67, -1,  24,    30,  1,  10
729673,19971011,    66,  1,  30,   216, -1,   7
729673,19971011,    69,  1,  27,   129, -1,  17
729673,19971011,    70,  1,  20,   123, -1,  13
729673,19971011,    71, -1,  33,    97,  1,  27
729673,19971011,    72, -1,  34,    42,  1,   9
729673,19971011,    73,  1,  28,    64, -1,  16
729673,19971011,    74, -1,  33,   132,  1,  14
729673,19971011,    75, -1,  45,    40,  1,  16
729673,19971011,    77, -1,  14,    17,  1,   7
729673,19971011,    91,  1,  41,   116, -1,  11
729673,19971011,    96,  1,  24,   151, -1,   7
729673,19971011,   101,  1,  28,    60, -1,  21
729673,19971011,   102,  1,  49,    41, -1,  47
729673,19971011,   104,  1,  52,     2, -1,  17
729673,19971011,   107,  1,  50,   143, -1,   7
729673,19971011,   108,  1,  38,    11, -1,   9
729673,19971011,   110, -1,  62,    92,  1,  26
729673,19971011,   111,  1,  23,   142, -1,   6
729673,19971011,   112, -1,  38,    82,  1,   6
729673,19971011,   124, -1,  37,   194,  1,  24
729673,19971011,   115,  1,  24,   204, -1,  10
729673,19971011,   119, -1,  48,    79,  1,   0
729673,19971011,   121,  1,  37,   228, -1,  35
729673,19971011,   125,  1,  51,    14, -1,   0
729673,19971011,   130, -1,  49,    16,  1,  21
729673,19971011,   205,  1,  21,   185, -1,  19
729673,19971011,   133, -1,  36,   168,  1,  21
729673,19971011,   135,  1,  29,   192, -1,  28
729673,19971011,   137,  1,  30,   220, -1,  12
729673,19971011,   128,  1,  40,    61, -1,  37
729673,19971011,   140,  1,  14,   120, -1,  13
729673,19971011,   144, -1,  45,   153,  1,  21
729673,19971011,   148,  1,  33,    38, -1,  29
729673,19971011,   150,  1,  24,   208, -1,  16
729673,19971011,   152,  1,  31,   146, -1,  27
729673,19971011,   154,  1,  35,   181, -1,  21
729673,19971011,   156, -1,  30,    22,  1,  13
729673,19971011,   157, -1,  59,   113,  1,  43
729673,19971011,   158, -1,  20,    20,  1,  17
729673,19971011,   159,  1,  27,    26, -1,  14
729673,19971011,   167,  1,  24,    25, -1,  14
729673,19971011,   172,  1,  50,    84, -1,   7
729673,19971011,   174,  1,  38,    93, -1,  24
729673,19971011,   163,  1,  28,   136, -1,  25
729673,19971011,   164,  1,  31,    81, -1,  29
729673,19971011,   173, -1,  20,   207,  1,  19
729673,19971011,   176, -1,  23,    56,  1,  13
729673,19971011,   117,  1,  22,    83, -1,   7
729673,19971011,   171,  1,  41,    88, -1,  15
729673,19971011,   187,  1,  38,    68, -1,  13
729673,19971011,    33, -1,  27,   215,  1,  24
729673,19971011,   189, -1,  17,   170,  1,  14
729673,19971011,   190,  0,  27,   147,  0,  24
729673,19971011,   191,  1,  56,    86, -1,  17
729673,19971011,   193,  1,  17,    90, -1,   7
729673,19971011,   209, -1,  33,   199,  1,  18
729673,19971011,   195, -1,  41,    27,  1,  10
729673,19971011,   197,  1,  13,   165, -1,  10
729673,19971011,   198, -1,  64,   100,  1,  33
729673,19971011,   203, -1,  39,   149,  1,  31
729673,19971011,   210,  1,  12,    58, -1,  10
729673,19971011,   211, -1,  17,   126,  1,   7
729673,19971011,   212,  1,  49,   106, -1,  27
729673,19971011,   213, -1,  21,    36,  1,   7
729673,19971011,   214,  1,  17,    19, -1,   7
729673,19971011,   219, -1,  42,   182,  1,  14
729673,19971011,   221, -1,  30,    29,  1,   3
729673,19971011,   224, -1,  31,   105,  1,  14
729673,19971011,   217,  1,  29,   141, -1,  22
729673,19971011,   218, -1,  34,    21,  1,  21
729673,19971011,   225,  1,  38,    89, -1,  25
729673,19971011,   226,  1,  31,    80, -1,   7
729673,19971011,   229, -1,  34,   131,  1,  30
729673,19971011,   231,  1,  52,    24, -1,  17
729680,19971018,     4,  1,  56,   155, -1,   7
729680,19971018,     6,  1,  24,    66, -1,  12
729680,19971018,     8, -1,  31,   183,  1,  14
729680,19971018,     9, -1,  22,    70,  1,  16
729680,19971018,    12,  1,  37,   162, -1,  35
729680,19971018,    15,  1,  37,    27, -1,  34
729680,19971018,    18, -1,  17,   138,  1,  14
729680,19971018,    26,  1,  17,    73, -1,   3
729680,19971018,    22,  1,  23,   158, -1,  15
729680,19971018,    23, -1,  36,    63,  1,  10
729680,19971018,    38,  1,  42,    90, -1,   6
729680,19971018,    39, -1,  14,   229,  1,   7
729680,19971018,    42,  1,  41,    95, -1,  34
729680,19971018,    45, -1,  21,   230,  1,   7
729680,19971018,    46,  1,  49,   167, -1,  25
729680,19971018,    47, -1,  49,    89,  1,  27
729680,19971018,    49,  1,  28,    58, -1,  18
729680,19971018,    52,  1,  30,   124, -1,  17
729680,19971018,    53, -1,  29,   125,  1,   8
729680,19971018,    54,  1,  45,     2, -1,   0
729680,19971018,    55, -1,  40,   119,  1,  35
729680,19971018,    59,  1,  34,   103, -1,  14
729680,19971018,    60, -1,  24,    13,  1,  10
729680,19971018,    61,  1,  49,    48, -1,   0
729680,19971018,    62,  1,  38,    69, -1,   0
729680,19971018,    64, -1,  20,     1,  1,  17
729680,19971018,    65, -1,  21,    35,  1,   7
729680,19971018,    67, -1,  33,    84,  1,   2
729680,19971018,    68, -1,  34,   211,  1,  13
729680,19971018,    71, -1,   9,   136,  1,   2
729680,19971018,    72,  1,  52,    75, -1,  24
729680,19971018,    74,  1,  45,    96, -1,  38
729680,19971018,    76,  1,  41,    34, -1,  38
729680,19971018,    79,  1,  46,   178, -1,  31
729680,19971018,    91,  1,  36,   191, -1,  17
729680,19971018,    93,  1,  49,   204, -1,  14
729680,19971018,    99,  1,  42,    11, -1,  14
729680,19971018,   102,  1,  62,    20, -1,  29
729680,19971018,   106, -1,  26,    24,  1,  20
729680,19971018,   109, -1,  45,    19,  1,  44
729680,19971018,   110,  1,  45,   104, -1,  21
729680,19971018,   111,  1,  28,    85, -1,  24
729680,19971018,   114, -1,  36,   101,  1,  21
729680,19971018,   116,  1,  37,   190, -1,  29
729680,19971018,   118, -1,  27,   179,  1,   7
729680,19971018,   120,  1,  31,    43, -1,  20
729680,19971018,   127,  1,  42,   215, -1,   7
729680,19971018,   130,  1,  29,   193, -1,   0
729680,19971018,   131,  1,  42,    78, -1,  23
729680,19971018,   137, -1,  20,   129,  1,   7
729680,19971018,   128, -1,   7,   122,  1,   6
729680,19971018,   139,  1,  34,   132, -1,  19
729680,19971018,   140, -1,  48,    44,  1,  25
729680,19971018,   141,  1,  35,   231, -1,  32
729680,19971018,   142,  1,  19,   112, -1,  17
729680,19971018,   143,  1,  31,   192, -1,   3
729680,19971018,   145,  1,  24,    21, -1,   0
729680,19971018,   146,  1,  31,    82, -1,   0
729680,19971018,   147,  1,  24,    16, -1,  23
729680,19971018,   149,  1,  31,   207, -1,  13
729680,19971018,   151, -1,  24,    40,  1,   7
729680,19971018,   152,  1,  16,   113, -1,  15
729680,19971018,   156, -1,  31,    37,  1,  28
729680,19971018,   157,  1,  45,   226, -1,  20
729680,19971018,   159, -1,  35,   133,  1,  23
729680,19971018,   165,  1,  24,   135, -1,  17
729680,19971018,   168,  1,  20,   205, -1,  17
729680,19971018,   169, -1,  10,   209,  1,   7
729680,19971018,   172,  1,  42,   182, -1,  21
729680,19971018,   174, -1,  39,    10,  1,  13
729680,19971018,   163, -1,  17,    17,  1,  10
729680,19971018,   206, -1,  20,   144,  1,  17
729680,19971018,   164, -1,  23,   175,  1,  10
729680,19971018,   177, -1,  28,    87,  1,   8
729680,19971018,   117,  1,  41,    81, -1,   7
729680,19971018,   180, -1,  14,    51,  1,  11
729680,19971018,   171, -1,  20,   197,  1,  13
729680,19971018,   184,  1,  60,   186, -1,   7
729680,19971018,   187, -1,  38,     3,  1,  21
729680,19971018,    33,  1,  28,   188, -1,   7
729680,19971018,   189,  1,  33,   194, -1,   2
729680,19971018,   195,  1,  41,   126, -1,  14
729680,19971018,   196,  1,  33,   161, -1,  30
729680,19971018,   198,  1,  33,    56, -1,  16
729680,19971018,   199, -1,  33,   185,  1,  22
729680,19971018,   203,  1,  34,   150, -1,  10
729680,19971018,   208,  1,  38,   134, -1,   7
729680,19971018,   210, -1,  19,    25,  1,  17
729680,19971018,   212, -1,  40,   160,  1,  29
729680,19971018,   213,  1,  13,    50, -1,  10
729680,19971018,   219,  1,  34,    31, -1,  23
729680,19971018,   220,  1,  35,   105, -1,  17
729680,19971018,   221, -1,  58,     7,  1,  28
729680,19971018,   222,  1,  63,    29, -1,  37
729680,19971018,   223,  1,  16,   154, -1,   7
729680,19971018,   217, -1,  37,    83,  1,   3
729680,19971018,   218,  1,  50,    92, -1,  27
729680,19971018,   225, -1,  38,    41,  1,  17
729680,19971018,   228, -1,  17,   216,  1,   7
729680,19971018,   200,  1,  10,     5, -1,   7
729687,19971025,     3, -1,  29,   114,  1,  20
729687,19971025,     6, -1,  26,   228,  1,  21
729687,19971025,    12,  1,  35,    37, -1,  27
729687,19971025,    13, -1,  26,    10,  1,  21
729687,19971025,    15, -1,  21,   126,  1,  14
729687,19971025,    26,  1,  31,   185, -1,  10
729687,19971025,    23,  1,  18,    75, -1,   6
729687,19971025,    25, -1,  38,    58,  1,  35
729687,19971025,    28,  1,  38,   141, -1,  24
729687,19971025,    43,  1,  45,    44, -1,  38
729687,19971025,    31, -1,  55,    94,  1,  14
729687,19971025,    34, -1,  34,   110,  1,  31
729687,19971025,    36, -1,  20,   105,  1,   9
729687,19971025,    38, -1,  47,   190,  1,  30
729687,19971025,    40,  1,  21,   230, -1,  10
729687,19971025,    41,  1,  37,   158, -1,  21
729687,19971025,    42, -1,  45,    63,  1,  13
729687,19971025,    46,  1,  34,   210, -1,  13
729687,19971025,    47, -1,  40,   106,  1,   9
729687,19971025,    56,  1,  32,   108, -1,  10
729687,19971025,    57, -1,  58,    65,  1,  28
729687,19971025,    52,  1,  42,    14, -1,  14
729687,19971025,    53,  1,  26,   189, -1,   7
729687,19971025,    55,  1,  51,    79, -1,   7
729687,19971025,    59, -1,  21,    30,  1,  14
729687,19971025,    62, -1,  47,   213,  1,  21
729687,19971025,    64,  1,  46,   205, -1,  28
729687,19971025,    67,  1,  24,    51, -1,   0
729687,19971025,    68,  1,  23,    93, -1,  13
729687,19971025,    66,  1,  49,    35, -1,   7
729687,19971025,    71,  1,  20,   163, -1,  14
729687,19971025,    72,  1,  14,   156, -1,  12
729687,19971025,    74, -1,  37,    24,  1,  26
729687,19971025,    76, -1,  36,   100,  1,  22
729687,19971025,    77, -1,  21,   128,  1,  13
729687,19971025,    83, -1,  16,    81,  1,  13
729687,19971025,    85,  1,  62,    82, -1,   0
729687,19971025,    86,  1,  24,    16, -1,  17
729687,19971025,    87,  1,  23,    70, -1,   0
729687,19971025,    91, -1,  26,   147,  1,   7
729687,19971025,    92,  1,  60,    27, -1,  37
729687,19971025,    95,  1,  38,   196, -1,   0
729687,19971025,    96, -1,  46,    45,  1,  26
729687,19971025,    97, -1,  48,    32,  1,  14
729687,19971025,    99, -1,  31,    18,  1,  27
729687,19971025,   103,  1,  21,   219, -1,   0
729687,19971025,   104,  1,  48,    54, -1,  25
729687,19971025,   109,  1,  47,   186, -1,  15
729687,19971025,   111, -1,  23,   112,  1,   7
729687,19971025,   124,  1,  55,   170, -1,   6
729687,19971025,   115,  1,  35,   202, -1,  28
729687,19971025,   123,  1,  13,   200, -1,  10
729687,19971025,   116, -1,  51,   148,  1,  50
729687,19971025,   122, -1,  14,    48,  1,   7
729687,19971025,   130, -1,  35,    90,  1,   0
729687,19971025,   131,  1,  65,   138, -1,  10
729687,19971025,   132,  1,  24,   102, -1,   7
729687,19971025,   134,  1,  34,    11, -1,  20
729687,19971025,   135, -1,  16,    88,  1,  14
729687,19971025,   204, -1,  28,    98,  1,  21
729687,19971025,   139, -1,  28,    20,  1,   7
729687,19971025,   140,  1,  27,   119, -1,  24
729687,19971025,   144,  1,  52,    19, -1,  20
729687,19971025,   145, -1,  21,     2,  1,  17
729687,19971025,   146,  1,  49,   142, -1,   6
729687,19971025,   151,  1,  31,    22, -1,  10
729687,19971025,   153, -1,  55,   162,  1,  48
729687,19971025,   154,  1,  44,   120, -1,   0
729687,19971025,   157, -1,  48,    80,  1,   3
729687,19971025,   160, -1,  26,    89,  1,  21
729687,19971025,   161, -1,  41,   118,  1,  20
729687,19971025,   166,  1,  25,   197, -1,  14
729687,19971025,   167,  1,  39,    49, -1,  30
729687,19971025,   168, -1,  10,    73,  1,   3
729687,19971025,   169,  1,  25,     1, -1,  22
729687,19971025,   172,  1,  12,   180, -1,   7
729687,19971025,   174,  1,  35,   211, -1,   3
729687,19971025,   206,  1,  24,   149, -1,  22
729687,19971025,   173,  1,  22,   229, -1,  17
729687,19971025,   176,  1,  34,   198, -1,  13
729687,19971025,   177,  1,  25,     5, -1,  16
729687,19971025,   192,  1,  21,   178, -1,   7
729687,19971025,   182,  1,  14,    84, -1,  12
729687,19971025,   171,  1,  13,   107, -1,   7
729687,19971025,    33,  1,  24,   216, -1,  21
729687,19971025,   188, -1,  27,   194,  1,  20
729687,19971025,   193,  1,  16,   191, -1,  13
729687,19971025,   195, -1,  35,    21,  1,  20
729687,19971025,   203,  1,  35,    29, -1,  17
729687,19971025,   207,  1,  15,   133, -1,  10
729687,19971025,   208, -1,  63,    78,  1,  17
729687,19971025,   212, -1,  20,   225,  1,  13
729687,19971025,   220, -1,  38,    50,  1,  24
729687,19971025,   221, -1,  45,   150,  1,  17
729687,19971025,   222,  1,  35,     7, -1,  34
729687,19971025,   224,  1,  30,   214, -1,  17
729687,19971025,   217,  1,  37,   117, -1,   7
729687,19971025,   227, -1,  52,   164,  1,  31
729687,19971025,   226, -1,  22,   113,  1,  21
729688,19971026,    39,  1,  44,   199, -1,   8
729692,19971030,   137, -1,  16,    69,  1,  13
729693,19971031,    67, -1,  40,   182,  1,  32
729694,19971101,     1, -1,  34,    73,  1,  27
729694,19971101,     6,  1,  41,    33, -1,   7
729694,19971101,     8,  1,  44,   222, -1,  31
729694,19971101,    15,  1,  31,     2, -1,  14
729694,19971101,    16,  1,  23,   190, -1,  21
729694,19971101,    17,  1,  26,   128, -1,  25
729694,19971101,    19,  1,  22,   153, -1,  21
729694,19971101,    22,  1,  37,    42, -1,  12
729694,19971101,    23,  1,  21,    96, -1,  14
729694,19971101,    29,  1,  33,   150, -1,  14
729694,19971101,    35,  1,   7,   228, -1,   3
729694,19971101,    36, -1,  33,   220,  1,  16
729694,19971101,    37, -1,  42,    75,  1,   7
729694,19971101,    39, -1,  45,   205,  1,  19
729694,19971101,    40,  1,  17,   156, -1,   0
729694,19971101,    41,  1,  45,    20, -1,   7
729694,19971101,    46,  1,  49,    58, -1,   7
729694,19971101,    47,  1,  14,   225, -1,   0
729694,19971101,    51, -1,  41,    84,  1,   0
729694,19971101,    56, -1,  45,   100,  1,  31
729694,19971101,    52, -1,  21,    83,  1,  14
729694,19971101,    53,  1,  49,   194, -1,   0
729694,19971101,    55,  1,  24,    78, -1,  21
729694,19971101,    61, -1,  42,   122,  1,  13
729694,19971101,    62,  1,  48,   129, -1,  35
729694,19971101,    63,  1,  12,   196, -1,   7
729694,19971101,    64, -1,  53,   169,  1,  12
729694,19971101,    68,  0,  37,    60,  0,  17
729694,19971101,    66, -1,  38,    57,  1,  30
729694,19971101,    72, -1,  24,    45,  1,   0
729694,19971101,    74, -1,  51,   106,  1,  13
729694,19971101,    77, -1,  32,   136,  1,  24
729694,19971101,    79,  1,  41,   140, -1,  24
729694,19971101,    82,  1,  23,    80, -1,   6
729694,19971101,    85,  1,  35,   157, -1,  17
729694,19971101,    87,  1,  37,     9, -1,   8
729694,19971101,    90,  1,  34,    86, -1,  24
729694,19971101,    91, -1,  13,   193,  1,   2
729694,19971101,    92,  1,  29,    21, -1,  20
729694,19971101,    97,  1,  49,    28, -1,  32
729694,19971101,   101, -1,  63,    93,  1,  28
729694,19971101,    99, -1,  26,     3,  1,  20
729694,19971101,   103, -1,  26,   179,  1,  10
729694,19971101,   104, -1,  45,    27,  1,  17
729694,19971101,   107,  1,  38,   165, -1,  21
729694,19971101,   108,  1,  24,    76, -1,   3
729694,19971101,   109,  1,  42,    11, -1,  10
729694,19971101,   111,  1,  24,   113, -1,   3
729694,19971101,   115, -1,  20,    13,  1,   0
729694,19971101,   123, -1,  27,   155,  1,   0
729694,19971101,   116, -1,  41,    38,  1,  31
729694,19971101,   119,  1,  21,    43, -1,  13
729694,19971101,   120,  1,  28,   223, -1,  14
729694,19971101,   130,  1,  69,   147, -1,   7
729694,19971101,   131, -1,  45,   134,  1,  24
729694,19971101,   133, -1,  40,   185,  1,  10
729694,19971101,   204,  1,  45,   202, -1,  41
729694,19971101,   139, -1,  21,   160,  1,  17
729694,19971101,   141, -1,  23,   117,  1,  22
729694,19971101,   143, -1,  14,   197,  1,  13
729694,19971101,   144,  1,  21,   127, -1,  17
729694,19971101,   145, -1,  35,   126,  1,  30
729694,19971101,   146, -1,  37,   112,  1,  13
729694,19971101,   151, -1,  26,   230,  1,   7
729694,19971101,   152, -1,  30,   142,  1,  27
729694,19971101,   154, -1,  27,    44,  1,  13
729694,19971101,   166,  1,  17,    88, -1,  14
729694,19971101,   167, -1,  52,   210,  1,  35
729694,19971101,   172, -1,  16,    59,  1,   6
729694,19971101,   163,  1,  37,    48, -1,  17
729694,19971101,   175,  1,  24,    32, -1,   6
729694,19971101,   170, -1,  31,    14,  1,   0
729694,19971101,   173,  1,  24,   159, -1,   6
729694,19971101,   176, -1,  24,    34,  1,  17
729694,19971101,   177,  1,  21,   135, -1,  14
729694,19971101,   180,  1,   6,    30, -1,   0
729694,19971101,   171,  1,  31,   192, -1,  28
729694,19971101,   184,  1,  40,   224, -1,  10
729694,19971101,   186,  1,  49,   162, -1,   7
729694,19971101,   187,  1,  22,   174, -1,   7
729694,19971101,   189,  1,  16,   125, -1,  13
729694,19971101,   191,  1,  28,   148, -1,  25
729694,19971101,   200, -1,  21,    70,  1,  16
729694,19971101,   209,  1,  14,    26, -1,   3
729694,19971101,   195,  1,  35,   110, -1,  28
729694,19971101,   198, -1,  56,    98,  1,   0
729694,19971101,   199,  1,  21,   207, -1,  13
729694,19971101,   203, -1,  27,   183,  1,   7
729694,19971101,   208,  1,  24,    18, -1,  20
729694,19971101,   212, -1,  37,   158,  1,  15
729694,19971101,   213, -1,  45,   105,  1,   0
729694,19971101,   214,  1,  37,   201, -1,   0
729694,19971101,   221,  1,  27,   206, -1,   0
729694,19971101,   216,  1,  24,   215, -1,   0
729694,19971101,   217,  1,  31,   164, -1,  26
729694,19971101,   227,  1,  38,   121, -1,  24
729694,19971101,   218, -1,  41,    54,  1,  38
729694,19971101,   229,  1,  41,   168, -1,  17
729694,19971101,   231,  1,  13,    81, -1,   0
729699,19971106,   114,  1,  19,    10, -1,   9
729701,19971108,     1,  1,  24,    12, -1,   0
729701,19971108,     2,  1,  45,    92, -1,  35
729701,19971108,     5,  1,  23,   123, -1,  18
729701,19971108,     6, -1,  42,   215,  1,   7
729701,19971108,     7,  1,  27,   150, -1,   7
729701,19971108,     8, -1,  28,    29,  1,  21
729701,19971108,     9, -1,  48,   155,  1,  14
729701,19971108,    11,  1,  35,   117, -1,  27
729701,19971108,    15,  1,  35,   195, -1,   3
729701,19971108,    20,  1,  33,   106, -1,   8
729701,19971108,    26,  1,  49,   199, -1,  39
729701,19971108,    23, -1,  45,   181,  1,  38
729701,19971108,    25,  1,  14,    49, -1,  13
729701,19971108,    28, -1,  20,   120,  1,  19
729701,19971108,    43,  1,  31,    79, -1,  22
729701,19971108,    34,  1,  28,   100, -1,   9
729701,19971108,    35, -1,   7,    33,  1,   3
729701,19971108,    36,  1,  29,    50, -1,  20
729701,19971108,    37,  1,  34,   196, -1,   3
729701,19971108,    38, -1,  43,    86,  1,  38
729701,19971108,    39,  1,  41,    64, -1,   3
729701,19971108,    42,  1,  37,   230, -1,  10
729701,19971108,    45, -1,  23,    40,  1,  21
729701,19971108,    47,  1,  37,    41, -1,  29
729701,19971108,    51,  1,  40,   182, -1,   0
729701,19971108,    56, -1,  28,    76,  1,  27
729701,19971108,    57, -1,  31,   228,  1,  28
729701,19971108,    53, -1,  20,   170,  1,  10
729701,19971108,    54, -1,  38,   126,  1,  10
729701,19971108,    55, -1,  31,   140,  1,  14
729701,19971108,    59, -1,  28,    84,  1,   7
729701,19971108,    60,  1,  20,   211, -1,   7
729701,19971108,    61,  1,  33,   177, -1,   3
729701,19971108,    62, -1,  20,   137,  1,   3
729701,19971108,    67,  1,  27,   180, -1,   0
729701,19971108,    66,  1,  30,    65, -1,  13
729701,19971108,    71, -1,  27,    17,  1,   0
729701,19971108,    72, -1,  27,    22,  1,  10
729701,19971108,    75, -1,  20,    96,  1,  14
729701,19971108,    91,  1,  48,    90, -1,  16
729701,19971108,    97, -1,  17,   136,  1,   6
729701,19971108,   101, -1,  27,     3,  1,   0
729701,19971108,    99, -1,  32,   201,  1,  29
729701,19971108,   102, -1,  52,    24,  1,  13
729701,19971108,   103, -1,  20,    30,  1,   6
729701,19971108,   104,  1,  28,    21, -1,   0
729701,19971108,   107, -1,  31,   192,  1,  21
729701,19971108,   110, -1,  45,   145,  1,  21
729701,19971108,   111, -1,  34,   152,  1,   8
729701,19971108,   124,  1,  59,    14, -1,  10
729701,19971108,   118,  1,  51,   219, -1,   7
729701,19971108,   119, -1,  37,   154,  1,   7
729701,19971108,   121,  1,  55,    32, -1,  27
729701,19971108,   125,  1,  24,    52, -1,  17
729701,19971108,   127,  1,  49,   186, -1,  17
729701,19971108,   130, -1,  45,   116,  1,  38
729701,19971108,   131, -1,  56,    18,  1,  42
729701,19971108,   128,  1,  22,    48, -1,  14
729701,19971108,   129,  1,  45,   105, -1,  28
729701,19971108,   138, -1,  26,   134,  1,  15
729701,19971108,   139,  1,  41,    89, -1,  17
729701,19971108,   141,  1,  53,   178, -1,  33
729701,19971108,   142, -1,  34,    80,  1,  21
729701,19971108,   143,  1,  42,    88, -1,  21
729701,19971108,   146, -1,  31,   113,  1,   3
729701,19971108,   148, -1,  30,   147,  1,   7
729701,19971108,   149, -1,  31,   221,  1,  28
729701,19971108,   151,  1,  20,   156, -1,  17
729701,19971108,   157,  1,  22,   112, -1,  21
729701,19971108,   159,  1,  38,   185, -1,  19
729701,19971108,   160,  1,  27,   158, -1,  11
729701,19971108,   161,  1,  34,   179, -1,   7
729701,19971108,   165,  1,  33,   171, -1,  28
729701,19971108,   166, -1,  14,   194,  1,   7
729701,19971108,   168,  1,  48,   169, -1,  21
729701,19971108,   163, -1,  27,    77,  1,  18
729701,19971108,   206,  1,  45,   183, -1,  21
729701,19971108,   173,  1,  28,   209, -1,  14
729701,19971108,   184,  1,  20,    19, -1,  13
729701,19971108,   187,  1,  44,   176, -1,  20
729701,19971108,   188,  1,  28,   189, -1,  21
729701,19971108,   191,  1,  38,    16, -1,  10
729701,19971108,   193, -1,  24,   190,  1,  10
729701,19971108,   198,  1,  26,   108, -1,  14
729701,19971108,   212,  1,  23,   132, -1,  20
729701,19971108,   213,  1,  35,    69, -1,  31
729701,19971108,   214,  1,  27,   109, -1,  25
729701,19971108,   220, -1,  28,   162,  1,  14
729701,19971108,   222,  1,  77,    98, -1,   7
729701,19971108,   223,  1,  52,    44, -1,  14
729701,19971108,   217, -1,  37,    81,  1,  23
729701,19971108,   227, -1,  21,    83,  1,  14
729701,19971108,   218,  1,  38,    27, -1,  24
729701,19971108,   226,  1,  13,    85, -1,  10
729701,19971108,   229,  1,  35,   205, -1,  23
729701,19971108,   231, -1,  34,   164,  1,  10
729701,19971108,     4,  1,  20,    70, -1,  13
729706,19971113,    56,  1,  14,    34, -1,   7
729707,19971114,   180,  1,  37,    84, -1,   7
729707,19971114,    78, -1,  35,   134,  1,  18
729708,19971115,     1,  1,  14,   229, -1,   3
729708,19971115,   201,  1,  38,   189, -1,  14
729708,19971115,     6,  1,  13,   216, -1,   7
729708,19971115,     7,  1,  41,    29, -1,  38
729708,19971115,     8,  1,  52,   149, -1,  31
729708,19971115,    12,  1,  25,   138, -1,  14
729708,19971115,    13, -1,  45,    68,  1,  34
729708,19971115,    23, -1,  33,   196,  1,   0
729708,19971115,    28,  1,  44,    46, -1,  24
729708,19971115,   202,  1,  27,    54, -1,  10
729708,19971115,    35,  1,  28,   215, -1,   6
729708,19971115,    41, -1,  49,   106,  1,  16
729708,19971115,    42,  1,  33,    40, -1,  22
729708,19971115,    45,  1,  13,    22, -1,   7
729708,19971115,    47, -1,  24,    96,  1,  19
729708,19971115,    51,  1,  32,    30, -1,   7
729708,19971115,    53,  1,  35,   124, -1,  20
729708,19971115,    55,  1,  39,    43, -1,  32
729708,19971115,    59, -1,  38,   182,  1,  34
729708,19971115,    60, -1,  48,   174,  1,  21
729708,19971115,    61, -1,  22,   163,  1,  20
729708,19971115,    62,  1,  58,   220, -1,   7
729708,19971115,    63, -1,  42,    67,  1,   0
729708,19971115,    65,  1,  28,   228, -1,   7
729708,19971115,    66, -1,  24,   175,  1,  23
729708,19971115,    69, -1,  41,    50,  1,  38
729708,19971115,    71,  1,  24,    48, -1,  20
729708,19971115,    72,  1,  33,   151, -1,   0
729708,19971115,    74, -1,  40,    97,  1,  27
729708,19971115,    77, -1,  30,   122,  1,  27
729708,19971115,    79,  1,  26,   154, -1,  24
729708,19971115,    87, -1,  20,   155,  1,   7
729708,19971115,    89,  1,  39,   158, -1,  37
729708,19971115,    91,  1,  37,    38, -1,  20
729708,19971115,    93, -1,  21,   211,  1,  10
729708,19971115,    95, -1,  34,    75,  1,  23
729708,19971115,    99, -1,  63,    98,  1,  24
729708,19971115,   103,  1,  34,   172, -1,   9
729708,19971115,   104,  1,  27,   145, -1,   0
729708,19971115,   107,  1,  10,   197, -1,   7
729708,19971115,   108,  1,  21,   100, -1,  20
729708,19971115,   109,  1,  51,   162, -1,  23
729708,19971115,   110,  1,  42,   126, -1,   0
729708,19971115,   111, -1,  26,   226,  1,  16
729708,19971115,   113,  1,  24,    82, -1,  12
729708,19971115,   114, -1,  41,   198,  1,  24
729708,19971115,   115, -1,  32,     3,  1,  20
729708,19971115,   123,  1,  34,     4, -1,  10
729708,19971115,   116,  1,  42,    16, -1,  24
729708,19971115,   118, -1,  31,    31,  1,  17
729708,19971115,   119,  1,  38,   223, -1,  13
729708,19971115,   120, -1,  30,    44,  1,   6
729708,19971115,   121,  1,  54,    58, -1,  27
729708,19971115,   125, -1,  13,   188,  1,   7
729708,19971115,   127,  1,  52,    37, -1,  24
729708,19971115,   130,  1,  77,    86, -1,  14
729708,19971115,   132,  1,  38,    20, -1,   0
729708,19971115,   133,  1,  38,    26, -1,  28
729708,19971115,   136,  1,  21,    17, -1,   7
729708,19971115,   137, -1,  17,    36,  1,  10
729708,19971115,   128, -1,  37,    70,  1,  35
729708,19971115,   129,  1,  31,   213, -1,  24
729708,19971115,   139,  1,  23,   102, -1,  17
729708,19971115,   141,  1,  29,    83, -1,  21
729708,19971115,   142,  1,  15,    85, -1,  14
729708,19971115,   143, -1,  35,   165,  1,  19
729708,19971115,   144, -1,  24,   101,  1,   6
729708,19971115,   146,  1,  41,    80, -1,   6
729708,19971115,   152, -1,  42,   157,  1,  17
729708,19971115,   156,  1,   9,   230, -1,   0
729708,19971115,   167,  1,  52,   219, -1,  29
729708,19971115,   168, -1,  20,    64,  1,  19
729708,19971115,   169,  1,  38,    73, -1,  14
729708,19971115,   170,  1,  28,   164, -1,  17
729708,19971115,   206, -1,  23,   150,  1,   0
729708,19971115,   173, -1,  42,   199,  1,  41
729708,19971115,   176,  1,  33,    76, -1,   0
729708,19971115,   177, -1,  27,   200,  1,  18
729708,19971115,   192, -1,  35,    88,  1,  27
729708,19971115,   179, -1,  30,    94,  1,   7
729708,19971115,   181,  1,  31,   178, -1,  27
729708,19971115,   171,  1,  39,   135, -1,   7
729708,19971115,   184, -1,  32,   153,  1,  27
729708,19971115,   187, -1,  30,    10,  1,  22
729708,19971115,    33, -1,  17,    57,  1,  13
729708,19971115,   194, -1,  36,    14,  1,  26
729708,19971115,   190,  1,  45,    90, -1,  31
729708,19971115,   191, -1,  51,   147,  1,   7
729708,19971115,   193, -1,  27,   148,  1,   3
729708,19971115,   209,  1,  24,   185, -1,  17
729708,19971115,   195,  1,  42,     2, -1,  10
729708,19971115,   203,  1,  52,   221, -1,  28
729708,19971115,   207,  1,  31,   159, -1,  14
729708,19971115,   208, -1,  38,   131,  1,  19
729708,19971115,   212,  1,  42,    24, -1,  28
729708,19971115,   222,  1,  38,   183, -1,  28
729708,19971115,   224,  1,  41,   186, -1,  21
729708,19971115,   218, -1,  32,   204,  1,  19
729708,19971115,   225,  1,  10,   160, -1,   7
729708,19971115,   231,  1,  45,   117, -1,  13
729713,19971120,   143,  1,  38,   171, -1,  24
729713,19971120,   185,  1,  21,   173, -1,  18
729715,19971122,   197,  1,  49,    88, -1,   0
729715,19971122,   201, -1,  13,    11,  1,   7
729715,19971122,    10,  1,  17,   115, -1,   7
729715,19971122,    13,  1,  18,     3, -1,  17
729715,19971122,    18, -1,  30,    78,  1,  23
729715,19971122,    19,  1,  24,    12, -1,  20
729715,19971122,    22,  1,  42,    40, -1,  11
729715,19971122,    28,  1,  45,    44, -1,   0
729715,19971122,    43,  1,  21,   140, -1,  13
729715,19971122,   202,  1,  34,   195, -1,  17
729715,19971122,    36, -1,  47,   174,  1,  21
729715,19971122,    37,  1,  48,    23, -1,  14
729715,19971122,    39, -1,  38,   168,  1,  17
729715,19971122,    45,  1,  12,   156, -1,   9
729715,19971122,    57, -1,  17,   215,  1,   7
729715,19971122,    53, -1,  49,    52,  1,   7
729715,19971122,    60,  1,  32,    62, -1,  29
729715,19971122,    61,  1,  52,    17, -1,  35
729715,19971122,    63, -1,  28,    75,  1,  12
729715,19971122,    64,  1,  24,   229, -1,   7
729715,19971122,    65, -1,  43,    33,  1,  21
729715,19971122,    68, -1,  21,   114,  1,  14
729715,19971122,    69,  1,  37,   105, -1,  18
729715,19971122,    71,  1,  10,   122, -1,   0
729715,19971122,    72, -1,  17,   230,  1,   7
729715,19971122,    74,  1,  44,   102, -1,  32
729715,19971122,    77, -1,  40,    48,  1,  21
729715,19971122,    85,  1,  31,   113, -1,   0
729715,19971122,    87,  1,  54,     5, -1,  15
729715,19971122,    89,  1,  31,    20, -1,  14
729715,19971122,    91, -1,  28,    86,  1,   3
729715,19971122,    96,  1,  43,    95, -1,  31
729715,19971122,    97, -1,  25,     6,  1,  19
729715,19971122,   107, -1,  31,   135,  1,  13
729715,19971122,   111,  1,  20,   146, -1,  14
729715,19971122,   112, -1,  27,    80,  1,  17
729715,19971122,   119, -1,  27,   120,  1,  25
729715,19971122,   127,  1,  62,    92, -1,  29
729715,19971122,   132, -1,  21,    41,  1,  18
729715,19971122,   133,  1,  51,   199, -1,  13
729715,19971122,   137,  1,  50,    50, -1,  14
729715,19971122,   129,  1,  37,    56, -1,  24
729715,19971122,   138,  1,  51,   208, -1,  48
729715,19971122,   204, -1,  23,    73,  1,  20
729715,19971122,   144,  1,  21,   224, -1,  14
729715,19971122,   147, -1,  32,   193,  1,  21
729715,19971122,   148, -1,  24,    16,  1,  14
729715,19971122,   149,  1,  48,   150, -1,  30
729715,19971122,   151,  1,  33,    42, -1,  20
729715,19971122,   152,  1,  35,   226, -1,  10
729715,19971122,   153,  1,  30,   214, -1,  23
729715,19971122,   157, -1,  56,    82,  1,   7
729715,19971122,   159,  1,  31,   209, -1,  13
729715,19971122,   165, -1,  35,   192,  1,  30
729715,19971122,   166,  1,  19,   216, -1,   0
729715,19971122,   169, -1,  55,   205,  1,  48
729715,19971122,   163,  1,  33,   128, -1,  18
729715,19971122,   176, -1,  42,   108,  1,  18
729715,19971122,   183,  1,  21,    29, -1,  20
729715,19971122,   187, -1,  59,    93,  1,  31
729715,19971122,   188, -1,  32,   170,  1,  27
729715,19971122,   189,  1,  30,   124, -1,  20
729715,19971122,   198, -1,  44,    76,  1,  10
729715,19971122,   203, -1,  31,   206,  1,  24
729715,19971122,   207, -1,  20,    26,  1,  14
729715,19971122,   212,  1,  49,   139, -1,  35
729715,19971122,   222, -1,  41,   221,  1,  35
729715,19971122,   223,  1,  26,    79, -1,   7
729715,19971122,   217, -1,  24,   231,  1,  21
729715,19971122,   228,  1,  51,    32, -1,  21
729715,19971122,   161, -1,  35,    67,  1,  13
729721,19971128,     7, -1,  28,     8,  1,  16
729721,19971128,   101,  1,  31,    10, -1,  21
729721,19971128,   130, -1,  27,    38,  1,  24
729721,19971128,   153, -1,  41,   224,  1,  38
729721,19971128,   191,  1,  27,   190, -1,  16
729722,19971129,    47,  1,  24,    74, -1,  14
729722,19971129,    55,  1,  40,   143, -1,  10
729722,19971129,    68, -1,  27,    69,  1,  24
729722,19971129,    66,  1,  52,    61, -1,  37
729722,19971129,   107,  1,  19,   119, -1,  14
729722,19971129,   112,  1,  49,   152, -1,  14
729722,19971129,   114, -1,  15,   115,  1,  14
729722,19971129,   144, -1,  23,    73,  1,  22
729722,19971129,   177, -1,  30,    70,  1,   7
729722,19971129,   184, -1,  33,   109,  1,  13
729722,19971129,   187,  1,  17,   211, -1,  10
729722,19971129,   212,  1,  49,    37, -1,  28
729722,19971129,   213,  1,  34,   214, -1,  20
729722,19971129,   217,  1,  31,    87, -1,  24
729722,19971129,   227,  1,  42,    53, -1,  14
729722,19971129,   231,  1,  28,    71, -1,  13
729728,19971205,   104,  1,  34,   195, -1,  14
729729,19971206,    39,  0,  41,   133,  0,  13
729729,19971206,    47,  1,  16,    66, -1,   7
729729,19971206,    55,  1,  38,   227, -1,  21
729729,19971206,   107, -1,  14,   217,  1,  12
729729,19971206,   127,  0,  39,    12,  0,   7
729729,19971206,   130,  0,  54,   191,  0,  15
729729,19971206,   187,  0,  30,    13,  0,  29
729729,19971206,   231, -1,  37,   212,  1,  34
729736,19971213,   107, -1,  23,    47,  1,  21
729736,19971213,   231, -1,  25,    55,  1,  14
729743,19971220,   149,  0,  41,     1,  0,  13
729743,19971220,   231,  0,  10,   107,  0,   9
729748,19971225,   221,  0,  51,   112,  0,  23
729749,19971226,   114,  0,  34,   104,  0,  31
729750,19971227,     7,  1,  20,   133, -1,  14
729750,19971227,   177,  0,  34,   163,  0,  28
729751,19971228,   101,  0,  27,   144,  0,   9
729752,19971229,    34,  0,  35,   208,  0,  19
729752,19971229,    39,  0,  35,   116,  0,  24
729752,19971229,    69,  0,  35,   224,  0,  30
729753,19971230,   157,  0,  33,   148,  0,  20
729754,19971231,     8,  0,  17,    85,  0,   7
729754,19971231,    91,  0,  35,   184,  0,  18
729754,19971231,   176,  0,  41,   153,  0,   7
729755,19980101,    60,  0,  21,   152,  0,   6
729755,19980101,    62,  0,  31,   146,  0,  14
729755,19980101,    68,  0,  33,   226,  0,   6
729755,19980101,   111,  0,  21,   222,  0,  16
729755,19980101,   137,  0,  42,   214,  0,   3
729755,19980101,   203,  0,  29,   191,  0,  23
729756,19980102,    13,  0,  21,    36,  0,  17
729756,19980102,   130,  0,  42,   187,  0,  17
