731449,20020822,    40, -1,  35,   222,  1,  29
731450,20020823,   235,  1,  23,    67, -1,  21
731451,20020824,    65,  0,  38,    90,  0,  31
731451,20020824,   136,  1,  48,    10, -1,  10
731451,20020824,   135,  1,  34,   139, -1,  14
731451,20020824,   152,  1,  45,   202, -1,  21
731452,20020825,   223,  1,  63,    13, -1,   7
731456,20020829,    22,  1,  41,   198, -1,   7
731456,20020829,    27,  1,  42,   193, -1,  21
731456,20020829,    28,  1,  34,   172, -1,  10
731456,20020829,    48,  1,  22,    69, -1,  19
731456,20020829,    64,  1,  27,   190, -1,   3
731456,20020829,    67,  1,  16,   175, -1,  14
731456,20020829,    97,  1,  34,   138, -1,   7
731456,20020829,   101, -1,  37,    25,  1,  26
731456,20020829,   124, -1,  21,    78,  1,   0
731456,20020829,   132,  1,  42,   229, -1,  41
731456,20020829,   156,  1,  49,    54, -1,  10
731456,20020829,   183,  1,  51,    61, -1,  10
731456,20020829,   195,  1,  34,   166, -1,   7
731456,20020829,   204,  1,  44,    29, -1,  16
731456,20020829,   226,  1,  64,    50, -1,   7
731456,20020829,   227,  1,  48,    87, -1,  17
731457,20020830,   153, -1,  37,   208,  1,   0
731458,20020831,     1,  1,  52,   148, -1,   3
731458,20020831,     3,  0,  39,   130,  0,  34
731458,20020831,     7,  1,  34,    11, -1,  24
731458,20020831,     9,  1,  37,   146, -1,   3
731458,20020831,    10,  1,  38,    56, -1,   2
731458,20020831,    19,  0,  41,   177,  0,   9
731458,20020831,    20,  1,  38,    82, -1,  21
731458,20020831,    21,  1,  24,    42, -1,  16
731458,20020831,    30,  1,  70,    18, -1,  22
731458,20020831,    40,  0,  19,    39,  0,  14
731458,20020831,    49, -1,  16,   128,  1,  10
731458,20020831,    51,  1,  23,    57, -1,  16
731458,20020831,    62,  1,  51,   210, -1,   3
731458,20020831,    65,  1,  40,   222, -1,  19
731458,20020831,    70,  1,  28,   127, -1,  24
731458,20020831,    72,  1,  31,    37, -1,  28
731458,20020831,    73,  1,  45,   220, -1,   3
731458,20020831,    75, -1,  31,    94,  1,  28
731458,20020831,    77,  1,  61,    53, -1,  36
731458,20020831,    80, -1,  24,   165,  1,  10
731458,20020831,    86,  1,  25,   234, -1,  17
731458,20020831,    89,  1,  57,     2, -1,  21
731458,20020831,    90,  1,  45,    95, -1,   3
731458,20020831,    93,  1,  20,     4, -1,  17
731458,20020831,    96,  1,  48,   236, -1,   3
731458,20020831,   104,  0,  39,   154,  0,  36
731458,20020831,   107,  0,  52,    32,  0,   3
731458,20020831,   109,  1,  50,     8, -1,  17
731458,20020831,   112,  1,  52,    74, -1,  20
731458,20020831,   113,  1,  52,   131, -1,   6
731458,20020831,   114,  1,  63,    63, -1,  17
731458,20020831,   115, -1,  27,   143,  1,  21
731458,20020831,   116,  1,  31,   230, -1,  29
731458,20020831,   117,  1,  56,    55, -1,   7
731458,20020831,   118,  1,  42,   201, -1,   0
731458,20020831,   119,  1,  31,   213, -1,   3
731458,20020831,   121,  0,  33,    84,  0,  20
731458,20020831,   125,  1,  27,   189, -1,  24
731458,20020831,   133, -1,  38,   181,  1,   7
731458,20020831,   136,  1,  31,   206, -1,  16
731458,20020831,   139,  1,  38,   232, -1,  24
731458,20020831,   135,  1,  34,    59, -1,   0
731458,20020831,   150,  0,  22,   110,  0,   0
731458,20020831,   155,  1,  36,   120, -1,  13
731458,20020831,   158,  1,  27,   211, -1,  24
731458,20020831,   159,  1,  27,   151, -1,  14
731458,20020831,   160,  1,  31,   179, -1,  23
731458,20020831,   163,  1,  51,    85, -1,  10
731458,20020831,   176,  0,  33,    13,  0,  14
731458,20020831,   182,  1,  34,   140, -1,  24
731458,20020831,   169,  1,  26,   197, -1,  20
731458,20020831,   184,  1,  55,    91, -1,   7
731458,20020831,   196,  0,  47,   238,  0,   7
731458,20020831,   199,  1,  27,   144, -1,   0
731458,20020831,   200,  1,  31,   103, -1,   7
731458,20020831,   209,  1,  44,   161, -1,  14
731458,20020831,   218,  1,  42,    44, -1,  12
731458,20020831,   207,  1,  37,   185, -1,  19
731458,20020831,   216, -1,  23,   217,  1,   3
731458,20020831,   221, -1,  37,   168,  1,  19
731458,20020831,   224, -1,  27,    33,  1,  24
731458,20020831,   231,  0,  31,   137,  0,   7
731458,20020831,   233,  1,  56,    34, -1,   7
731458,20020831,   225, -1,  23,   102,  1,   3
731458,20020831,   235, -1,  27,   214,  1,   7
731459,20020901,    98, -1,  22,   105,  1,  17
731459,20020901,   223,  1,  26,   106, -1,   8
731460,20020902,    35,  1,  36,   194, -1,  29
731460,20020902,   215,  1,  24,    15, -1,  17
731463,20020905,   156, -1,  35,   195,  1,   3
731463,20020905,   205,  1,  49,   127, -1,  28
731464,20020906,    27,  1,  35,    77, -1,  32
731465,20020907,     1,  1,  38,   139, -1,  31
731465,20020907,   210,  1,  27,   206, -1,  26
731465,20020907,     5, -1,  41,    34,  1,  23
731465,20020907,    10,  1,  46,   211, -1,  13
731465,20020907,    11, -1,  36,   129,  1,  30
731465,20020907,    12,  1,  41,    20, -1,  14
731465,20020907,    13,  1,  21,   208, -1,  19
731465,20020907,    15,  1,  56,   225, -1,   0
731465,20020907,    18,  1,  50,   173, -1,  12
731465,20020907,    19, -1,  30,    61,  1,  17
731465,20020907,    21,  1,  34,   191, -1,  27
731465,20020907,    25, -1,  34,   168,  1,  11
731465,20020907,    30,  1,  34,   140, -1,  13
731465,20020907,    28,  1,  32,   238, -1,  20
731465,20020907,    37,  1,  33,   104, -1,  13
731465,20020907,    39,  1,  34,   175, -1,  14
731465,20020907,    47, -1,  39,   187,  1,   0
731465,20020907,    49,  1,  41,   177, -1,   9
731465,20020907,    52,  1,  35,    24, -1,  14
731465,20020907,    58,  1,  23,    64, -1,  22
731465,20020907,    63,  1,  64,   128, -1,   6
731465,20020907,    66,  1,  43,   190, -1,   0
731465,20020907,    69,  1,  56,    70, -1,   0
731465,20020907,    73, -1,  31,    42,  1,  14
731465,20020907,    74,  1,  41,     7, -1,  35
731465,20020907,    78,  1,  37,   164, -1,  19
731465,20020907,    79, -1,  30,    14,  1,  21
731465,20020907,    81,  1,  34,   209, -1,  31
731465,20020907,    88,  1,  14,   180, -1,   7
731465,20020907,    89, -1,  29,   115,  1,  24
731465,20020907,    90,  1,  58,   198, -1,   6
731465,20020907,    94,  1,  20,   138, -1,  14
731465,20020907,    96,  1,  68,   213, -1,   0
731465,20020907,    98,  1,  77,   218, -1,  17
731465,20020907,   100,  1,  30,   123, -1,  29
731465,20020907,   101,  1,  69,    71, -1,   0
731465,20020907,   106,  1,  35,    36, -1,  10
731465,20020907,   105, -1,  40,    51,  1,   3
731465,20020907,   107,  1,  27,   234, -1,  14
731465,20020907,   108,  1,  38,   171, -1,  27
731465,20020907,   110,  1,  44,     2, -1,  14
731465,20020907,   111,  1,  52,    32, -1,   3
731465,20020907,   112, -1,  28,   240,  1,  13
731465,20020907,   114, -1,  41,    62,  1,  16
731465,20020907,   116,  1,  35,   227, -1,  12
731465,20020907,   117,  1,  27,   165, -1,  10
731465,20020907,   118, -1,  35,   103,  1,  11
731465,20020907,   119,  1,  38,   113, -1,  16
731465,20020907,   121,  1,  41,    17, -1,   6
731465,20020907,   124,  1,  45,     6, -1,   7
731465,20020907,   126, -1,  27,   219,  1,  17
731465,20020907,   136,  1,  44,   217, -1,  13
731465,20020907,   214,  1,  31,    95, -1,  20
731465,20020907,   143, -1,  30,   193,  1,  22
731465,20020907,   134,  1,  42,    91, -1,  36
731465,20020907,   135, -1,  65,   133,  1,  19
731465,20020907,   144,  1,  23,   141, -1,   0
731465,20020907,   145, -1,  31,   151,  1,   0
731465,20020907,   146, -1,  31,    29,  1,  24
731465,20020907,   149,  0,  30,   185,  0,  20
731465,20020907,   150,  1,  24,   163, -1,  17
731465,20020907,   152,  1,  51,    97, -1,  17
731465,20020907,   153,  1,  37,     3, -1,  27
731465,20020907,   154,  1,  45,   147, -1,  10
731465,20020907,   155,  1,  28,    67, -1,  24
731465,20020907,   166,  1,  15,    48, -1,  13
731465,20020907,   183,  1,  37,   132, -1,   6
731465,20020907,   178, -1,  21,   170,  1,  14
731465,20020907,   184,  1,  23,    84, -1,  20
731465,20020907,   122, -1,  28,    75,  1,  26
731465,20020907,   188,  1,  17,    31, -1,  14
731465,20020907,   189,  1,  20,    44, -1,  12
731465,20020907,   179,  1,  30,   125, -1,  13
731465,20020907,   196,  1,  26,   130, -1,   3
731465,20020907,   197,  1,  41,   161, -1,   8
731465,20020907,   200, -1,  14,   159,  1,  12
731465,20020907,   194, -1,  48,   148,  1,  24
731465,20020907,   202, -1,  24,   181,  1,  14
731465,20020907,   204, -1,  65,    55,  1,  13
731465,20020907,   207, -1,  34,    80,  1,  13
731465,20020907,   212,  1,  30,    40, -1,  19
731465,20020907,   216,  1,  40,    86, -1,  13
731465,20020907,   220,  1,  49,    68, -1,  18
731465,20020907,   221, -1,  20,    38,  1,   0
731465,20020907,   222,  1,  34,   182, -1,  21
731465,20020907,   224,  1,  41,    46, -1,  16
731465,20020907,   228, -1,  42,    99,  1,   7
731465,20020907,   229,  1,  27,    57, -1,  22
731465,20020907,   230,  1,  34,   176, -1,  10
731465,20020907,   231,  1,  49,    82, -1,  14
731465,20020907,   235,  1,  34,   233, -1,  17
731470,20020912,   223,  1,  47,   109, -1,  21
731472,20020914,     3,  1,  33,   144, -1,   7
731472,20020914,     5,  1,  43,   209, -1,  32
731472,20020914,     6,  1,  21,    32, -1,  12
731472,20020914,     8,  1,  36,    54, -1,  28
731472,20020914,     9,  1,  23,   216, -1,  17
731472,20020914,    10, -1,  39,   175,  1,  28
731472,20020914,    12,  0,  42,   183,  0,   3
731472,20020914,    15,  1,  31,   220, -1,   6
731472,20020914,    17,  1,  23,    87, -1,  21
731472,20020914,    19, -1,  42,   128,  1,   7
731472,20020914,    20, -1,  35,   238,  1,  13
731472,20020914,    22,  1,  51,   121, -1,  28
731472,20020914,    30, -1,  46,   117,  1,  22
731472,20020914,    28, -1,  24,     2,  1,  17
731472,20020914,    36,  1,  24,    48, -1,  20
731472,20020914,    37,  1,  24,    73, -1,  19
731472,20020914,    40,  1,  36,   105, -1,  33
731472,20020914,    42, -1,  24,    25,  1,   3
731472,20020914,    46,  1,  28,    92, -1,  10
731472,20020914,    47,  1,  24,   167, -1,  10
731472,20020914,    52, -1,  17,   180,  1,   7
731472,20020914,    57,  1,  24,   207, -1,  20
731472,20020914,    55,  1,  35,   178, -1,  32
731472,20020914,    60, -1,  25,    99,  1,  14
731472,20020914,    62,  1,  34,   151, -1,   6
731472,20020914,    63,  0,  34,   127,  0,  16
731472,20020914,    64,  1,  42,    26, -1,   0
731472,20020914,    65, -1,  37,   110,  1,  10
731472,20020914,    66,  1,  40,    38, -1,  31
731472,20020914,    68,  1,  57,    58, -1,   7
731472,20020914,    70,  1,  13,    59, -1,  10
731472,20020914,    72, -1,  13,   182,  1,   7
731472,20020914,    74, -1,  23,     4,  1,  13
731472,20020914,    75,  1,  51,    81, -1,   2
731472,20020914,    78, -1,  52,   138,  1,  28
731472,20020914,    79, -1,  41,    71,  1,  13
731472,20020914,    80,  1,  36,   103, -1,  17
731472,20020914,    84,  1,  59,    13, -1,   7
731472,20020914,    90, -1,  36,    89,  1,  31
731472,20020914,    91,  0,  31,   197,  0,  28
731472,20020914,    94,  1,  16,    61, -1,  13
731472,20020914,    95,  1,  44,   122, -1,  24
731472,20020914,    96,  1,  63,    53, -1,  13
731472,20020914,    97,  1,  37,    29, -1,  34
731472,20020914,    98,  1,  27,    86, -1,  17
731472,20020914,   100,  1,  23,   205, -1,   7
731472,20020914,   106,  1,  33,   115, -1,   7
731472,20020914,   104,  1,  53,   208, -1,   9
731472,20020914,   107, -1,  21,   221,  1,  14
731472,20020914,   108,  1,  28,    31, -1,   0
731472,20020914,   112, -1,  24,   213,  1,  19
731472,20020914,   114, -1,  44,   195,  1,  21
731472,20020914,   118,  1,  31,   204, -1,  21
731472,20020914,   120,  1,  51,    93, -1,  13
731472,20020914,   131,  1,  42,   170, -1,  24
731472,20020914,   137,  1,  31,    27, -1,  28
731472,20020914,   139,  1,  23,    18, -1,   0
731472,20020914,   141, -1,  45,   173,  1,  17
731472,20020914,   142,  1,  35,   177, -1,   6
731472,20020914,   135,  1,  32,   229, -1,  13
731472,20020914,   146,  1,  40,   172, -1,  14
731472,20020914,   148,  1,  26,    51, -1,  21
731472,20020914,   149, -1,  34,    49,  1,  14
731472,20020914,   150,  1,  25,   116, -1,  23
731472,20020914,   152,  1,  25,   231, -1,   7
731472,20020914,   153,  1,  68,   218, -1,   0
731472,20020914,   155,  1,  58,    82, -1,  21
731472,20020914,   156,  1,  47,   214, -1,  17
731472,20020914,   158,  1,  40,   136, -1,   7
731472,20020914,   159, -1,  26,   210,  1,  20
731472,20020914,   160,  1,  23,   134, -1,  20
731472,20020914,   163,  1,  28,   227, -1,  24
731472,20020914,   168,  1,  44,    14, -1,   0
731472,20020914,   171, -1,  32,   123,  1,  13
731472,20020914,   215, -1,  40,    39,  1,   3
731472,20020914,   184,  1,  33,   113, -1,  14
731472,20020914,   185, -1,  14,    11,  1,  13
731472,20020914,   189,  1,  23,    24, -1,  22
731472,20020914,   190, -1,  24,   187,  1,  19
731472,20020914,   191,  1,  63,   176, -1,  26
731472,20020914,   192,  1,  34,   188, -1,   9
731472,20020914,   193,  1,  63,   164, -1,  17
731472,20020914,   198,  1,  13,    34, -1,   3
731472,20020914,   199, -1,  52,   143,  1,  21
731472,20020914,   194,  1,  17,   181, -1,   6
731472,20020914,   202,  1,  42,   119, -1,  28
731472,20020914,   206,  1,  40,   186, -1,  15
731472,20020914,   212, -1,  38,   154,  1,  24
731472,20020914,   217,  1,  38,    83, -1,  33
731472,20020914,   228,  1,  34,    88, -1,   0
731472,20020914,   233, -1,  35,    35,  1,  32
731472,20020914,   226, -1,  14,   236,  1,   0
731472,20020914,   234,  1,  62,   224, -1,  31
731472,20020914,   235,  1,  24,   132, -1,  21
731472,20020914,   237, -1,   7,   169,  1,   6
731477,20020919,    15, -1,  42,   120,  1,  14
731478,20020920,    88, -1,  20,   188,  1,   6
731478,20020920,   109,  1,  26,   211, -1,  21
731479,20020921,     1, -1,  23,    30,  1,  21
731479,20020921,     3,  1,  20,   184, -1,   7
731479,20020921,     4,  1,  15,   161, -1,  12
731479,20020921,     6, -1,  38,   171,  1,  17
731479,20020921,     7,  0,  27,    75,  0,  23
731479,20020921,     8, -1,  29,   102,  1,  22
731479,20020921,    11, -1,  32,     5,  1,  26
731479,20020921,    13, -1,  33,   213,  1,  21
731479,20020921,    18,  1,  37,   208, -1,  25
731479,20020921,    19,  0,  31,    64,  0,   0
731479,20020921,    22, -1,  39,    95,  1,  16
731479,20020921,    24,  1,  14,    43, -1,   3
731479,20020921,    44,  1,  27,    29, -1,  17
731479,20020921,    37,  1,  30,    17, -1,   7
731479,20020921,    38,  1,  30,    45, -1,  26
731479,20020921,    39, -1,  31,   212,  1,  17
731479,20020921,    41,  1,  13,    66, -1,  11
731479,20020921,    42,  1,  37,   151, -1,  19
731479,20020921,    47, -1,  42,    16,  1,   0
731479,20020921,    52,  1,  36,   108, -1,   0
731479,20020921,    59,  1,  35,   224, -1,  21
731479,20020921,    53,  1,  26,    87, -1,  19
731479,20020921,    54,  1,  22,    61, -1,   6
731479,20020921,    56, -1,  49,   186,  1,  14
731479,20020921,    62, -1,  30,   196,  1,  13
731479,20020921,    63, -1,  20,    49,  1,  18
731479,20020921,    65,  1,  48,    51, -1,  17
731479,20020921,    68, -1,  17,   166,  1,   7
731479,20020921,    70, -1,  26,    34,  1,  24
731479,20020921,    71,  1,  21,    60, -1,   3
731479,20020921,    72,  1,  45,   149, -1,   7
731479,20020921,    73,  1,  28,    27, -1,  19
731479,20020921,    74,  0,  49,   197,  0,  14
731479,20020921,    76,  1,  28,    79, -1,  23
731479,20020921,    77, -1,  31,   218,  1,   6
731479,20020921,    82,  1,  48,   175, -1,  38
731479,20020921,    85,  1,  24,   131, -1,  23
731479,20020921,    86,  1,  39,    28, -1,  29
731479,20020921,    89,  1,  48,   217, -1,   7
731479,20020921,    90,  1,  42,   206, -1,  12
731479,20020921,    91,  0,  36,   185,  0,  14
731479,20020921,    94, -1,  24,    78,  1,  21
731479,20020921,    96,  1,  27,   215, -1,  20
731479,20020921,    98,  1,  44,   130, -1,  22
731479,20020921,   101,  1,  31,   162, -1,  24
731479,20020921,   105, -1,  45,    14,  1,  14
731479,20020921,   107, -1,  42,    81,  1,  12
731479,20020921,   110,  1,  45,    55, -1,   3
731479,20020921,   113,  1,  38,   207, -1,  10
731479,20020921,   114,  1,  38,    21, -1,   6
731479,20020921,   115,  1,  27,    97, -1,  20
731479,20020921,   116,  1,  10,   216, -1,   7
731479,20020921,   118,  1,  41,    25, -1,  17
731479,20020921,   119,  1,  45,   220, -1,  38
731479,20020921,   124,  1,  13,    83, -1,   9
731479,20020921,   127,  1,  35,   123, -1,  20
731479,20020921,   137,  1,  31,   165, -1,  21
731479,20020921,   140,  1,  24,   139, -1,  13
731479,20020921,   141,  1,  14,    93, -1,   6
731479,20020921,   135, -1,  51,   202,  1,  48
731479,20020921,   145,  1,  42,   111, -1,  17
731479,20020921,   147,  1,  31,   179, -1,  24
731479,20020921,   148, -1,  49,   133,  1,  40
731479,20020921,   150, -1,  21,   117,  1,  17
731479,20020921,   152, -1,  23,    35,  1,  19
731479,20020921,   154,  1,  52,   181, -1,  16
731479,20020921,   155,  1,  41,   160, -1,   0
731479,20020921,   156,  1,  59,    67, -1,  19
731479,20020921,   157, -1,  52,   100,  1,  21
731479,20020921,   158,  1,  49,   104, -1,  17
731479,20020921,   159,  1,  23,   168, -1,   3
731479,20020921,   167,  1,  14,    32, -1,   0
731479,20020921,   172,  1,  45,   129, -1,   7
731479,20020921,   173,  1,  41,   203, -1,  10
731479,20020921,   176, -1,  38,    84,  1,  35
731479,20020921,   180, -1,  18,    31,  1,  11
731479,20020921,   182,  1,  42,   195, -1,  21
731479,20020921,   169, -1,  50,   177,  1,  12
731479,20020921,   122,  1,  28,   178, -1,  21
731479,20020921,   201,  1,  17,   209, -1,  10
731479,20020921,   103,  1,  34,   210, -1,   0
731479,20020921,   190,  1,  55,    99, -1,   2
731479,20020921,   198,  1,  62,   219, -1,  10
731479,20020921,   199,  1,  41,    80, -1,  11
731479,20020921,   194,  1,  16,   144, -1,  10
731479,20020921,   204,  1,  38,   214, -1,  21
731479,20020921,   205,  1,  56,    23, -1,  42
731479,20020921,   221,  1,  45,   138, -1,   3
731479,20020921,   222,  1,  48,     2, -1,  29
731479,20020921,   223, -1,  13,   200,  1,   3
731479,20020921,   228,  1,  17,   192, -1,  14
731479,20020921,   229, -1,  24,   163,  1,  21
731479,20020921,   230,  1,  38,   238, -1,   7
731479,20020921,   231,  1,  45,   125, -1,  28
731479,20020921,   225, -1,  37,    36,  1,  34
731479,20020921,   226, -1,  29,   132,  1,  26
731479,20020921,   236,  1,  13,   240, -1,   7
731479,20020921,   235,  1,  31,     9, -1,  10
731479,20020921,   237, -1,  14,    69,  1,   7
731479,20020921,   239,  1,  49,   174, -1,  14
731484,20020926,   105,  1,  26,    65, -1,  20
731485,20020927,   202, -1,  49,   139,  1,   0
731486,20020928,     1, -1,  30,   216,  1,  26
731486,20020928,     3, -1,  30,    12,  1,  12
731486,20020928,     4, -1,  21,   209,  1,  14
731486,20020928,   210,  1,  31,   113, -1,  17
731486,20020928,     7,  1,  48,     5, -1,  37
731486,20020928,     8,  1,  37,    36, -1,  28
731486,20020928,     9,  1,  14,   144, -1,   9
731486,20020928,    10,  1,  65,   191, -1,  24
731486,20020928,    13,  1,  30,   203, -1,  10
731486,20020928,    15,  1,  37,   193, -1,  34
731486,20020928,    16, -1,  20,    92,  1,  16
731486,20020928,    17, -1,  24,    42,  1,  21
731486,20020928,    19,  1,  49,   142, -1,   7
731486,20020928,    20,  1,  63,   217, -1,  38
731486,20020928,    21,  1,  43,    28, -1,   0
731486,20020928,    24,  1,  27,    49, -1,  13
731486,20020928,    32,  1,  16,   188, -1,   8
731486,20020928,   211,  1,  48,   102, -1,  17
731486,20020928,    35, -1,  35,   195,  1,  22
731486,20020928,    38,  1,  38,    41, -1,   6
731486,20020928,    40, -1,  32,   137,  1,  28
731486,20020928,    51, -1,  43,   133,  1,  17
731486,20020928,    52, -1,  35,    47,  1,  28
731486,20020928,    59, -1,  27,   225,  1,   7
731486,20020928,    53,  1,  45,    85, -1,  10
731486,20020928,    55,  1,  48,   170, -1,  45
731486,20020928,    62,  1,  41,    98, -1,  34
731486,20020928,    63,  0,  37,   197,  0,  24
731486,20020928,    64,  1,  27,    71, -1,   2
731486,20020928,    66, -1,  51,    60,  1,   6
731486,20020928,    67, -1,  31,   165,  1,  28
731486,20020928,    68, -1,  55,   224,  1,  28
731486,20020928,    72,  1,  41,   140, -1,  10
731486,20020928,    69, -1,  38,    34,  1,  10
731486,20020928,    73, -1,  21,   143,  1,  13
731486,20020928,    76, -1,  26,    23,  1,  24
731486,20020928,    77,  1,  42,   181, -1,  10
731486,20020928,    81, -1,  49,   128,  1,  15
731486,20020928,    83,  1,  32,    44, -1,  24
731486,20020928,    87,  1,  34,   131, -1,  31
731486,20020928,    89, -1,  42,   158,  1,  35
731486,20020928,    90,  1,  36,   136, -1,  14
731486,20020928,    91,  1,  36,   129, -1,  12
731486,20020928,    93, -1,  35,   198,  1,  29
731486,20020928,    95, -1,  43,   208,  1,  33
731486,20020928,    99,  1,  28,   180, -1,  21
731486,20020928,   106,  1,  31,   120, -1,  13
731486,20020928,   107,  1,  31,   164, -1,  14
731486,20020928,   108,  1,  31,   228, -1,  16
731486,20020928,   110,  1,  37,   237, -1,   8
731486,20020928,   112,  1,  38,   236, -1,  13
731486,20020928,   115, -1,  48,     2,  1,  31
731486,20020928,   116, -1,  45,    84,  1,  28
731486,20020928,   117,  1,  39,   148, -1,  24
731486,20020928,   121,  1,  44,   206, -1,   7
731486,20020928,   126,  1,  53,    26, -1,  20
731486,20020928,   138, -1,  29,    45,  1,  26
731486,20020928,   141, -1,  21,   185,  1,  13
731486,20020928,   134,  1,  34,    58, -1,  20
731486,20020928,   135,  1,  56,   111, -1,  24
731486,20020928,   145,  1,  28,    78, -1,  17
731486,20020928,   146,  1,  14,   160, -1,  10
731486,20020928,   132,  1,  13,    97, -1,   6
731486,20020928,   147, -1,  29,    29,  1,  26
731486,20020928,   151,  1,  34,    25, -1,  32
731486,20020928,   152,  1,  45,    86, -1,  17
731486,20020928,   153,  1,  31,   183, -1,  14
731486,20020928,   157,  1,  24,   101, -1,  21
731486,20020928,   159,  1,  37,   204, -1,  19
731486,20020928,   162,  1,  34,   100, -1,  19
731486,20020928,   163,  1,  28,   118, -1,  15
731486,20020928,   167,  1,  15,   123, -1,  10
731486,20020928,   171, -1,  28,   187,  1,   0
731486,20020928,   176,  1,  58,   218, -1,  24
731486,20020928,   182, -1,  20,   220,  1,  14
731486,20020928,   178, -1,  24,   130,  1,  14
731486,20020928,   215,  1,  22,   156, -1,   0
731486,20020928,   184, -1,  27,    14,  1,   6
731486,20020928,   201,  1,  49,   186, -1,  19
731486,20020928,   190, -1,  35,    31,  1,   3
731486,20020928,   192,  1,  24,     6, -1,  20
731486,20020928,   196,  1,  35,   168, -1,  14
731486,20020928,   199, -1,  49,   207,  1,   0
731486,20020928,   200,  1,  31,   104, -1,   3
731486,20020928,   205, -1,  42,    79,  1,  10
731486,20020928,   212, -1,  43,   175,  1,   7
731486,20020928,   221, -1,  30,    94,  1,  26
731486,20020928,   222, -1,  38,   229,  1,  34
731486,20020928,   223, -1,  30,   227,  1,   0
731486,20020928,   230,  1,  41,    82, -1,  27
731486,20020928,   231, -1,  48,    30,  1,  38
731486,20020928,   233,  1,  37,    57, -1,  17
731486,20020928,   226,  1,  41,   172, -1,  13
731486,20020928,   234,  1,  45,    48, -1,  42
731486,20020928,   239, -1,  50,    43,  1,  23
731486,20020928,   240, -1,  24,   122,  1,  17
731491,20021003,    65,  1,  48,    37, -1,  31
731491,20021003,   118,  1,  31,    84, -1,  10
731492,20021004,    27, -1,  35,   217,  1,  34
731492,20021004,    67,  1,  32,    40, -1,  30
731493,20021005,     1,  1,  48,   133, -1,   7
731493,20021005,     4,  0,  27,   185,  0,  11
731493,20021005,     5,  1,  40,   128, -1,   7
731493,20021005,     6,  1,  35,   228, -1,  14
731493,20021005,     8, -1,  29,    59,  1,  10
731493,20021005,    13,  1,  13,   130, -1,   7
731493,20021005,    18,  1,  35,    95, -1,  32
731493,20021005,    19, -1,  41,   127,  1,  27
731493,20021005,    20,  1,  58,    77, -1,  31
731493,20021005,    22,  1,  72,   151, -1,  21
731493,20021005,    30, -1,  34,   230,  1,  27
731493,20021005,    31, -1,  14,    88,  1,  13
731493,20021005,    38, -1,  13,    24,  1,  10
731493,20021005,    39,  1,  35,    96, -1,  31
731493,20021005,    43,  1,  34,   205, -1,  31
731493,20021005,    47,  1,  41,    26, -1,   0
731493,20021005,    48,  1,  27,   145, -1,  10
731493,20021005,    50,  1,  52,   219, -1,  35
731493,20021005,    52,  1,  23,   100, -1,  22
731493,20021005,    57,  1,  59,    14, -1,  24
731493,20021005,    53, -1,  35,   198,  1,  28
731493,20021005,    54,  1,  58,   203, -1,   3
731493,20021005,    55,  1,  42,     2, -1,  34
731493,20021005,    66, -1,  41,    71,  1,  10
731493,20021005,    68,  1,  24,   225, -1,  23
731493,20021005,    70, -1,  31,   102,  1,  21
731493,20021005,    72, -1,  27,     3,  1,  25
731493,20021005,    69,  1,  52,   224, -1,   7
731493,20021005,    74,  0,  35,   161,  0,  13
731493,20021005,    75, -1,  44,    49,  1,  13
731493,20021005,    83, -1,  21,    56,  1,  14
731493,20021005,    85,  1,  30,   122, -1,  20
731493,20021005,    89,  1,  31,   163, -1,  28
731493,20021005,    93,  1,  37,   173, -1,  23
731493,20021005,   101,  1,  36,    76, -1,  35
731493,20021005,   106,  1,  48,   103, -1,   0
731493,20021005,   107, -1,  17,    94,  1,   6
731493,20021005,   108,  1,  33,    60, -1,  29
731493,20021005,   109, -1,  42,    97,  1,  21
731493,20021005,   110, -1,  48,   233,  1,  17
731493,20021005,   111, -1,  34,   166,  1,  13
731493,20021005,   114,  1,  48,    42, -1,  14
731493,20021005,   115, -1,  31,    35,  1,  26
731493,20021005,   119,  1,  17,    62, -1,  14
731493,20021005,   124, -1,  38,    82,  1,  31
731493,20021005,   126, -1,  39,    46,  1,   7
731493,20021005,   136,  1,  38,   112, -1,  14
731493,20021005,   214,  1,  21,   137, -1,  17
731493,20021005,   140,  1,  49,   218, -1,  14
731493,20021005,   141,  1,  33,    61, -1,  22
731493,20021005,   143, -1,  38,    10,  1,  35
731493,20021005,   134,  1,  36,   142, -1,  10
731493,20021005,   146,  1,  26,   232, -1,  21
731493,20021005,   132, -1,  41,    17,  1,  29
731493,20021005,   149,  1,  47,    58, -1,  20
731493,20021005,   150,  1,  31,   191, -1,   7
731493,20021005,   152, -1,  27,   148,  1,  16
731493,20021005,   153, -1,  31,   121,  1,  24
731493,20021005,   155, -1,  31,     9,  1,  14
731493,20021005,   157,  1,  49,    45, -1,  14
731493,20021005,   158, -1,  34,   235,  1,  31
731493,20021005,   159, -1,  48,   193,  1,  24
731493,20021005,   160,  1,  16,   201, -1,   0
731493,20021005,   162, -1,  35,    41,  1,  32
731493,20021005,   164,  1,  38,    23, -1,  28
731493,20021005,   165,  1,  37,   104, -1,  20
731493,20021005,   171,  1,  34,   167, -1,   0
731493,20021005,   174,  1,  44,    92, -1,  20
731493,20021005,   176, -1,  34,   181,  1,  23
731493,20021005,   182,  1,  34,   120, -1,  10
731493,20021005,   169, -1,  31,    63,  1,  13
731493,20021005,   183, -1,  24,   144,  1,  17
731493,20021005,   178,  1,  49,   197, -1,  25
731493,20021005,   170,  1,  54,   226, -1,  52
731493,20021005,   190,  1,  19,   180, -1,   0
731493,20021005,   179,  1,  52,   186, -1,   6
731493,20021005,   192, -1,  24,   187,  1,  14
731493,20021005,   196,  1,  41,    12, -1,  38
731493,20021005,   199,  1,  17,   154, -1,  15
731493,20021005,   194,  1,  34,    80, -1,  17
731493,20021005,   202, -1,  48,   200,  1,  47
731493,20021005,   206,  1,  41,    16, -1,   3
731493,20021005,   207, -1,  52,   213,  1,   9
731493,20021005,   212, -1,  43,   156,  1,  35
731493,20021005,   221,  1,  35,    78, -1,   7
731493,20021005,   222, -1,  27,    51,  1,  22
731493,20021005,   229, -1,  24,    73,  1,  21
731493,20021005,   231,  1,  30,   215, -1,  27
731493,20021005,   236, -1,  31,   147,  1,  12
731493,20021005,   227, -1,  31,    25,  1,  17
731493,20021005,   237,  1,  27,    34, -1,  21
731493,20021005,   238,  1,  34,    36, -1,  30
731493,20021005,   239,  1,  28,    79, -1,  19
731493,20021005,   240,  1,  31,    87, -1,  16
731496,20021008,   105, -1,  38,   113,  1,  32
731498,20021010,   118,  1,  45,   148, -1,  42
731498,20021010,   149,  1,  40,   201, -1,  27
731498,20021010,   221,  1,  17,   157, -1,   3
731498,20021010,   223, -1,  28,    21,  1,  23
731500,20021012,     1,  1,  52,    27, -1,   9
731500,20021012,     2,  1,  49,   102, -1,  21
731500,20021012,     4,  1,  25,   197, -1,  21
731500,20021012,   210,  1,  51,    80, -1,  34
731500,20021012,     5,  0,  24,    91,  0,  20
731500,20021012,     7, -1,  33,   161,  1,  13
731500,20021012,     8,  1,  16,    68, -1,  15
731500,20021012,    10,  1,  13,   156, -1,   9
731500,20021012,    12, -1,  38,    15,  1,  17
731500,20021012,    16, -1,  40,    26,  1,  23
731500,20021012,    19,  1,  49,    49, -1,   7
731500,20021012,    20, -1,  52,   208,  1,  24
731500,20021012,    22, -1,  45,    28,  1,  35
731500,20021012,    29, -1,  27,   186,  1,  21
731500,20021012,    44, -1,  24,   146,  1,  21
731500,20021012,    31,  1,  30,    99, -1,  27
731500,20021012,    32,  1,  28,   187, -1,  10
731500,20021012,   211, -1,  31,   227,  1,  27
731500,20021012,    33, -1,  21,   177,  1,   3
731500,20021012,    36,  1,  26,    59, -1,   7
731500,20021012,    39, -1,  53,    95,  1,  29
731500,20021012,    40,  1,  44,   238, -1,  36
731500,20021012,    45,  1,  20,   239, -1,  17
731500,20021012,    47, -1,  52,   219,  1,   3
731500,20021012,    48,  1,  23,    94, -1,  10
731500,20021012,    50,  1,  49,     6, -1,  42
731500,20021012,    52, -1,  14,   190,  1,   3
731500,20021012,    53,  1,  25,    54, -1,  24
731500,20021012,    60,  1,  15,    88, -1,  12
731500,20021012,    66,  1,  24,    23, -1,  17
731500,20021012,    67,  1,  30,   181, -1,   7
731500,20021012,    70,  1,  38,    58, -1,  27
731500,20021012,    71, -1,  25,    46,  1,  21
731500,20021012,    72,  1,  18,   196, -1,  13
731500,20021012,    69, -1,  41,   225,  1,  24
731500,20021012,    76,  1,  52,    43, -1,  23
731500,20021012,    77,  1,  59,   137, -1,  34
731500,20021012,    79,  1,  24,   189, -1,  22
731500,20021012,    81, -1,  28,    63,  1,  24
731500,20021012,    83,  1,  18,   125, -1,  14
731500,20021012,    84,  1,  38,   163, -1,  31
731500,20021012,    86,  1,  32,   235, -1,  29
731500,20021012,    87,  1,  23,   122, -1,  20
731500,20021012,    89,  1,  44,   117, -1,  16
731500,20021012,    90,  1,  31,   202, -1,  17
731500,20021012,    93,  1,  28,   172, -1,  22
731500,20021012,    96,  1,  44,   154, -1,   9
731500,20021012,   100, -1,  28,    41,  1,  21
731500,20021012,   106, -1,  36,    62,  1,   7
731500,20021012,   108,  1,  28,   188, -1,  22
731500,20021012,   109,  1,  66,    25, -1,  21
731500,20021012,   111,  1,  20,   107, -1,  10
731500,20021012,   114,  1,  28,    65, -1,  27
731500,20021012,   116,  1,  27,   158, -1,  24
731500,20021012,   130, -1,  21,   220,  1,  20
731500,20021012,   119,  1,  52,    13, -1,  17
731500,20021012,   120,  1,  11,   206, -1,   8
731500,20021012,   123,  1,  14,   192, -1,   9
731500,20021012,   124, -1,  39,   232,  1,   7
731500,20021012,   127, -1,  30,   134,  1,  13
731500,20021012,   131,  1,  31,   198, -1,  14
731500,20021012,   136,  1,  24,   121, -1,  13
731500,20021012,   138,  1,  20,   166, -1,  19
731500,20021012,   139, -1,  25,   214,  1,  16
731500,20021012,   140,  1,  31,   103, -1,  28
731500,20021012,   135, -1,  34,   143,  1,  17
731500,20021012,   213,  1,  34,    82, -1,  14
731500,20021012,   145,  1,  38,   164, -1,  13
731500,20021012,   132, -1,  48,   115,  1,  41
731500,20021012,   150,  1,  14,   159, -1,   6
731500,20021012,   151,  1,  55,    55, -1,  27
731500,20021012,   152,  1,  50,   176, -1,   7
731500,20021012,   153,  0,  35,   199,  0,  24
731500,20021012,   155, -1,  31,   212,  1,  30
731500,20021012,   160,  1,  34,    56, -1,  31
731500,20021012,   162,  1,  14,    38, -1,  10
731500,20021012,   165, -1,  17,   133,  1,  10
731500,20021012,   175,  1,  36,   216, -1,  17
731500,20021012,   182, -1,  16,    98,  1,  12
731500,20021012,   169, -1,  35,   142,  1,   9
731500,20021012,   183,  1,  16,   184, -1,  13
731500,20021012,   178, -1,  50,   203,  1,  35
731500,20021012,   215,  1,  30,    30, -1,  28
731500,20021012,   170,  1,  42,   147, -1,  13
731500,20021012,   185,  1,  19,   129, -1,  16
731500,20021012,   179, -1,  17,   141,  1,  14
731500,20021012,   195,  1,  17,   193, -1,  16
731500,20021012,   200, -1,  41,    18,  1,   0
731500,20021012,   194, -1,  46,    14,  1,  27
731500,20021012,   209,  1,  42,    11, -1,  20
731500,20021012,   204,  1,  37,    17, -1,  17
731500,20021012,   205,  1,  23,   101, -1,  19
731500,20021012,   207,  1,  35,    35, -1,  17
731500,20021012,   222,  1,  22,    37, -1,  17
731500,20021012,   224,  1,  27,   237, -1,  16
731500,20021012,   228,  1,  29,   167, -1,   0
731500,20021012,   229,  1,  36,    51, -1,  10
731500,20021012,   230,  1,  32,     9, -1,  28
731500,20021012,   231, -1,  36,   191,  1,  11
731500,20021012,   233, -1,  40,   168,  1,   0
731500,20021012,   226,  1,  22,    85, -1,  17
731500,20021012,   236,  1,  56,    64, -1,   7
731500,20021012,   234, -1,  16,    78,  1,   3
731500,20021012,   240, -1,  24,    61,  1,  17
731505,20021017,   110,  1,  34,    73, -1,  10
731506,20021018,    20,  1,  67,    67, -1,  21
731507,20021019,     3,  1,  42,   119, -1,   7
731507,20021019,     4,  1,  24,   129, -1,  13
731507,20021019,     6,  1,  44,    31, -1,  14
731507,20021019,    10, -1,  45,   155,  1,  42
731507,20021019,    17,  1,  42,    55, -1,  17
731507,20021019,    19, -1,  21,   169,  1,   6
731507,20021019,    21,  1,  46,   133, -1,  21
731507,20021019,    22,  1,  48,   227, -1,  45
731507,20021019,    30,  1,  17,   212, -1,  12
731507,20021019,    32, -1,  10,   123,  1,   9
731507,20021019,    37,  1,  31,   229, -1,  23
731507,20021019,    38, -1,  42,    43,  1,  13
731507,20021019,    39,  1,  34,    18, -1,   0
731507,20021019,    40, -1,  28,   216,  1,  20
731507,20021019,    45,  1,  44,    79, -1,  36
731507,20021019,    46, -1,  49,   219,  1,  32
731507,20021019,    47,  1,  35,    50, -1,   7
731507,20021019,    52,  1,  63,   188, -1,   7
731507,20021019,    59,  1,  31,    58, -1,  15
731507,20021019,    53, -1,  44,   178,  1,  27
731507,20021019,    54,  1,  31,   131, -1,   7
731507,20021019,    56,  1,  41,   146, -1,  29
731507,20021019,    62,  1,  30,    15, -1,  23
731507,20021019,    63,  1,  36,   134, -1,  28
731507,20021019,    68,  1,  37,    36, -1,  10
731507,20021019,    72,  1,  48,   220, -1,  17
731507,20021019,    69,  1,  36,     8, -1,  20
731507,20021019,    74,  0,  54,    11,  0,  15
731507,20021019,    75,  1,  31,   142, -1,  14
731507,20021019,    77,  1,  37,   208, -1,  14
731507,20021019,    80,  1,  56,    14, -1,  42
731507,20021019,    85,  1,  35,   170, -1,  14
731507,20021019,    88,  1,  30,    99, -1,  23
731507,20021019,    89, -1,  24,    86,  1,   8
731507,20021019,    98, -1,  29,    12,  1,  17
731507,20021019,   100,  1,  35,    71, -1,  17
731507,20021019,   101,  1,  14,   239, -1,   7
731507,20021019,   102,  1,  31,    33, -1,  17
731507,20021019,   106,  1,  38,   182, -1,  14
731507,20021019,   107, -1,  33,    64,  1,   7
731507,20021019,   109,  1,  24,   206, -1,   7
731507,20021019,   111,  1,  17,   221, -1,  16
731507,20021019,   112,  1,  28,    93, -1,  20
731507,20021019,   115, -1,  49,    25,  1,   0
731507,20021019,   116, -1,  23,   163,  1,  21
731507,20021019,   130,  1,  48,   103, -1,  35
731507,20021019,   118, -1,  28,   117,  1,   7
731507,20021019,   120, -1,  29,   113,  1,  17
731507,20021019,   124,  1,  68,   186, -1,  45
731507,20021019,   125,  1,  44,   232, -1,  10
731507,20021019,   126,  1,  48,    92, -1,  14
731507,20021019,   127, -1,  38,    81,  1,  20
731507,20021019,   137,  1,  52,   176, -1,  24
731507,20021019,   214, -1,  24,    27,  1,   3
731507,20021019,   140,  1,  34,   213, -1,  21
731507,20021019,   141, -1,  24,   201,  1,  21
731507,20021019,   135,  1,  24,    51, -1,  22
731507,20021019,   144, -1,  13,    13,  1,  10
731507,20021019,   145, -1,  17,    76,  1,  14
731507,20021019,   132,  1,  49,    28, -1,   0
731507,20021019,   147, -1,  22,   240,  1,   7
731507,20021019,   150, -1,  21,     1,  1,  14
731507,20021019,   151, -1,  50,    97,  1,   0
731507,20021019,   152, -1,  19,   235,  1,  14
731507,20021019,   153,  1,  49,    90, -1,   3
731507,20021019,   154,  1,  24,   136, -1,  21
731507,20021019,   157,  1,  44,    41, -1,  10
731507,20021019,   158,  1,  49,   148, -1,   0
731507,20021019,   160, -1,  34,    44,  1,  20
731507,20021019,   162,  1,  16,    23, -1,  14
731507,20021019,   164,  1,  17,    48, -1,  14
731507,20021019,   166,  1,  26,    94, -1,   0
731507,20021019,   172, -1,  10,   179,  1,   7
731507,20021019,   173,  1,  34,     7, -1,  25
731507,20021019,   174, -1,  35,    26,  1,  26
731507,20021019,   175, -1,  24,   238,  1,  20
731507,20021019,   177,  0,  21,   128,  0,  20
731507,20021019,   180,  1,  36,    60, -1,  20
731507,20021019,   183, -1,  46,    57,  1,  30
731507,20021019,   215,  1,  41,   230, -1,  21
731507,20021019,   181,  1,  37,   104, -1,  34
731507,20021019,   184,  1,  23,    35, -1,  14
731507,20021019,   189,  1,  35,    29, -1,  17
731507,20021019,   190,  1,  36,   108, -1,  24
731507,20021019,   191,  1,  16,     9, -1,   6
731507,20021019,   192,  1,  24,   171, -1,  14
731507,20021019,   195, -1,  38,    42,  1,  24
731507,20021019,   199, -1,  17,    96,  1,  14
731507,20021019,   200, -1,  47,    95,  1,  22
731507,20021019,   194, -1,  45,   105,  1,  31
731507,20021019,   202,  1,  52,   121, -1,  38
731507,20021019,   218,  1,  38,   165, -1,  35
731507,20021019,   204, -1,  27,   211,  1,  24
731507,20021019,   205,  1,  20,    24, -1,  14
731507,20021019,   207,  1,  35,   210, -1,  14
731507,20021019,   217,  1,  45,   139, -1,  44
731507,20021019,   222,  1,  37,   143, -1,  27
731507,20021019,   224, -1,  35,    34,  1,  31
731507,20021019,   223,  1,  35,   168, -1,  14
731507,20021019,   228, -1,   7,   187,  1,   0
731507,20021019,   233,  1,  34,   193, -1,   7
731507,20021019,   226,  1,  52,    87, -1,  21
731507,20021019,   236, -1,  31,   122,  1,   7
731507,20021019,   234, -1,  34,   138,  1,  27
731507,20021019,   237,  1,  31,   225, -1,  24
731512,20021024,    40,  1,  37,    27, -1,  10
731512,20021024,   135, -1,  38,    37,  1,   6
731512,20021024,   149, -1,  21,   141,  1,  14
731513,20021025,    77, -1,  31,    67,  1,  21
731514,20021026,     3, -1,  34,   196,  1,  14
731514,20021026,     4,  0,  23,     5,  0,  20
731514,20021026,   210, -1,  29,    14,  1,  26
731514,20021026,     6,  1,  49,   187, -1,  21
731514,20021026,    10,  1,  27,   230, -1,  16
731514,20021026,    12,  1,  48,   119, -1,  28
731514,20021026,    15,  1,  31,   106, -1,   7
731514,20021026,    20, -1,  45,   176,  1,   8
731514,20021026,    22,  1,  38,    17, -1,  20
731514,20021026,    26,  1,  48,    50, -1,  44
731514,20021026,    44, -1,  48,    56,  1,  41
731514,20021026,   211,  1,  28,     2, -1,  17
731514,20021026,    35,  1,  48,   113, -1,  10
731514,20021026,    38, -1,   9,   205,  1,   7
731514,20021026,    39,  1,  37,   202, -1,  13
731514,20021026,    43, -1,  10,    23,  1,   7
731514,20021026,    45, -1,  24,    41,  1,  23
731514,20021026,    48,  1,  21,   138, -1,   9
731514,20021026,    52, -1,  46,    99,  1,   0
731514,20021026,    54, -1,  19,   198,  1,   0
731514,20021026,    60,  1,  21,    31, -1,  14
731514,20021026,    63, -1,  34,   142,  1,  31
731514,20021026,    66,  1,  33,   100, -1,  26
731514,20021026,    68, -1,  25,    59,  1,   0
731514,20021026,    70, -1,  17,    64,  1,  14
731514,20021026,    71,  1,  32,    24, -1,  31
731514,20021026,    72, -1,  52,    98,  1,  24
731514,20021026,    69, -1,  28,    36,  1,  24
731514,20021026,    73,  1,  23,   222, -1,  15
731514,20021026,    74,  1,  52,    91, -1,  31
731514,20021026,    76, -1,  24,   162,  1,  17
731514,20021026,    81,  1,  20,   134, -1,  16
731514,20021026,    82,  1,  21,   130, -1,  18
731514,20021026,    83,  1,  34,   232, -1,   0
731514,20021026,    84,  1,  45,    86, -1,  14
731514,20021026,    85, -1,  31,   147,  1,  20
731514,20021026,    88, -1,  17,   108,  1,  14
731514,20021026,    89, -1,  34,   116,  1,   9
731514,20021026,    92, -1,  24,    33,  1,  21
731514,20021026,    96, -1,  44,    18,  1,  10
731514,20021026,    97, -1,  16,    25,  1,  12
731514,20021026,   101, -1,  21,    79,  1,  12
731514,20021026,   104,  1,  50,   137, -1,  47
731514,20021026,   105,  1,  44,    57, -1,  20
731514,20021026,   107,  1,  24,    78, -1,  17
731514,20021026,   109, -1,  23,    28,  1,  18
731514,20021026,   110, -1,  45,    51,  1,  12
731514,20021026,   111, -1,  14,    94,  1,   7
731514,20021026,   112, -1,  47,   172,  1,  10
731514,20021026,   114, -1,  40,   233,  1,  23
731514,20021026,   115, -1,  27,   204,  1,  13
731514,20021026,   121,  1,  36,    95, -1,  12
731514,20021026,   124, -1,  24,   160,  1,  21
731514,20021026,   126, -1,  45,    16,  1,  25
731514,20021026,   127,  1,  35,    49, -1,  28
731514,20021026,   131,  1,  38,   178, -1,  31
731514,20021026,   136, -1,  38,   200,  1,  31
731514,20021026,   139,  1,  42,   216, -1,  35
731514,20021026,   140, -1,  26,    13,  1,  21
731514,20021026,   144, -1,  27,   103,  1,   0
731514,20021026,   213,  1,  51,   217, -1,  48
731514,20021026,   146,  1,  20,   125, -1,  17
731514,20021026,   132, -1,  24,   227,  1,  20
731514,20021026,   150, -1,  34,    65,  1,  24
731514,20021026,   152,  1,  13,   158, -1,   7
731514,20021026,   156,  1,  24,    30, -1,  13
731514,20021026,   157, -1,  41,   239,  1,  20
731514,20021026,   159,  1,  19,    21, -1,  16
731514,20021026,   163, -1,  42,   148,  1,  13
731514,20021026,   165,  1,  27,   181, -1,  15
731514,20021026,   171,  1,  17,    32, -1,   3
731514,20021026,   173, -1,  20,   128,  1,   7
731514,20021026,   174,  1,  59,   219, -1,  27
731514,20021026,   175,  1,  31,   214, -1,  21
731514,20021026,   169,  1,  47,    75, -1,  41
731514,20021026,   215, -1,  44,   155,  1,  33
731514,20021026,   185, -1,  46,   161,  1,  24
731514,20021026,   122,  1,  38,   170, -1,  28
731514,20021026,   188,  1,  34,   190, -1,  24
731514,20021026,   189, -1,  24,   186,  1,  14
731514,20021026,   179, -1,  36,    93,  1,  28
731514,20021026,   192, -1,  14,   180,  1,   0
731514,20021026,   193,  1,  45,   168, -1,  14
731514,20021026,   197,  1,  26,   203, -1,   8
731514,20021026,   199,  1,  21,    90, -1,  10
731514,20021026,   209,  1,  34,   129, -1,  21
731514,20021026,   206,  1,  21,    61, -1,   6
731514,20021026,   207,  1,  51,   133, -1,  30
731514,20021026,   208,  1,  20,   218, -1,   0
731514,20021026,   212,  1,  28,   191, -1,  18
731514,20021026,   220,  1,  28,    42, -1,  24
731514,20021026,   224,  1,  38,   102, -1,  14
731514,20021026,   223,  1,  20,   195, -1,  10
731514,20021026,   228,  1,   7,   123, -1,   6
731514,20021026,   229,  1,  31,   143, -1,   0
731514,20021026,   231, -1,  21,     9,  1,  13
731514,20021026,   225,  1,  45,    34, -1,  28
731514,20021026,   226,  1,  19,   240, -1,   0
731514,20021026,   236,  1,  24,    87, -1,   7
731514,20021026,   234,  1,  30,   145, -1,  13
731514,20021026,   235, -1,  42,   117,  1,  24
731514,20021026,   237, -1,  26,     8,  1,  19
731514,20021026,   238,  1,  34,     1, -1,  26
731515,20021027,   166, -1,  26,   164,  1,   0
731518,20021030,   194,  1,  37,   184, -1,   7
731519,20021031,    40, -1,  31,     1,  1,  12
731519,20021031,    64,  1,  39,    92, -1,   6
731519,20021031,   149,  1,  38,   172, -1,  10
731521,20021102,     2,  1,  34,   109, -1,  20
731521,20021102,     3, -1,  30,   220,  1,   8
731521,20021102,     6, -1,  32,   167,  1,   7
731521,20021102,     7, -1,  22,   185,  1,  20
731521,20021102,     8, -1,  20,    34,  1,  17
731521,20021102,    12,  0,  23,   206,  0,   0
731521,20021102,    13,  1,  38,   186, -1,  16
731521,20021102,    15, -1,  31,   119,  1,  24
731521,20021102,    17,  1,  17,   227, -1,   7
731521,20021102,    19, -1,  13,   134,  1,  12
731521,20021102,    20, -1,  58,   218,  1,   3
731521,20021102,    21, -1,  14,   150,  1,   7
731521,20021102,    22, -1,  45,    97,  1,  14
731521,20021102,    27,  1,  34,   175, -1,  10
731521,20021102,    26, -1,  52,   219,  1,  22
731521,20021102,    28, -1,  47,    55,  1,  21
731521,20021102,    37, -1,  34,    51,  1,  31
731521,20021102,    38,  1,  31,   100, -1,  24
731521,20021102,    42,  1,  61,    61, -1,  14
731521,20021102,    47,  1,  42,    31, -1,   6
731521,20021102,    49,  1,  27,   169, -1,  21
731521,20021102,    52,  1,  59,    88, -1,  10
731521,20021102,    53, -1,  54,   197,  1,  48
731521,20021102,    54, -1,  35,   102,  1,  28
731521,20021102,    56, -1,  38,   232,  1,  20
731521,20021102,    60,  1,  27,   190, -1,  13
731521,20021102,    62,  0,  20,    72,  0,  13
731521,20021102,    63,  1,  25,    75, -1,  13
731521,20021102,    65, -1,  34,   229,  1,  21
731521,20021102,    70,  1,  24,   203, -1,   0
731521,20021102,    71,  1,  24,   108, -1,  17
731521,20021102,    69,  1,  40,    59, -1,   7
731521,20021102,    73, -1,  24,   135,  1,  17
731521,20021102,    74, -1,  42,   209,  1,  28
731521,20021102,    76, -1,  31,    45,  1,  26
731521,20021102,    77,  1,  40,   176, -1,  31
731521,20021102,    78, -1,  27,    58,  1,  13
731521,20021102,    79,  1,  38,    24, -1,  21
731521,20021102,    80, -1,  26,   113,  1,  21
731521,20021102,    81,  1,  21,   142, -1,   0
731521,20021102,    87,  1,  21,   147, -1,  19
731521,20021102,    89,  1,  20,   235, -1,   3
731521,20021102,    90,  1,  42,   121, -1,  35
731521,20021102,    91, -1,  42,    11,  1,   0
731521,20021102,    94, -1,  15,   164,  1,  11
731521,20021102,    96, -1,  64,    95,  1,   0
731521,20021102,    98, -1,  45,   120,  1,  24
731521,20021102,   101, -1,  26,    66,  1,  23
731521,20021102,   110, -1,  59,   143,  1,   7
731521,20021102,   111,  1,  17,    48, -1,   7
731521,20021102,   112, -1,  42,   179,  1,  13
731521,20021102,   114, -1,  42,   168,  1,  17
731521,20021102,   115,  1,  38,   151, -1,  20
731521,20021102,   116,  1,  49,   117, -1,   3
731521,20021102,   129,  1,  26,   161, -1,   8
731521,20021102,   124,  1,  38,   146, -1,  24
731521,20021102,   125, -1,  31,    44,  1,  30
731521,20021102,   127,  1,  42,   128, -1,  41
731521,20021102,   131,  1,  54,   173, -1,  17
731521,20021102,   137, -1,  24,   181,  1,   6
731521,20021102,   214,  1,  49,   238, -1,  48
731521,20021102,   140,  1,  24,   130, -1,  21
731521,20021102,   144,  1,  41,   213, -1,   2
731521,20021102,   145, -1,  24,   166,  1,  21
731521,20021102,   148,  1,  41,    86, -1,  37
731521,20021102,   152,  1,  34,   118, -1,   3
731521,20021102,   153,  1,  27,    39, -1,  11
731521,20021102,   154,  1,  28,   200, -1,  23
731521,20021102,   155,  1,  41,   191, -1,  14
731521,20021102,   156,  1,  38,     9, -1,   3
731521,20021102,   157,  1,  31,    23, -1,   7
731521,20021102,   158,  1,  18,    84, -1,   7
731521,20021102,   159, -1,  28,   223,  1,  21
731521,20021102,   160,  1,  27,    83, -1,  24
731521,20021102,   162, -1,  32,    43,  1,  25
731521,20021102,   165, -1,  33,   208,  1,  18
731521,20021102,   171,  1,  10,   228, -1,   7
731521,20021102,   174, -1,  51,    50,  1,  46
731521,20021102,   180,  1,  20,   188, -1,  19
731521,20021102,   183,  1,  56,    33, -1,   6
731521,20021102,   178,  1,  36,   198, -1,  30
731521,20021102,   201,  1,  27,    93, -1,  20
731521,20021102,   103,  1,  31,    82, -1,  28
731521,20021102,   187, -1,  23,    99,  1,  16
731521,20021102,   192, -1,  24,    32,  1,  10
731521,20021102,   193, -1,  38,   211,  1,  35
731521,20021102,   196, -1,  18,   182,  1,  10
731521,20021102,   199, -1,  27,   136,  1,  24
731521,20021102,   202,  1,  62,    18, -1,  11
731521,20021102,   205, -1,  20,   123,  1,   0
731521,20021102,   212, -1,  34,   230,  1,  24
731521,20021102,   221,  1,  41,   234, -1,  20
731521,20021102,   231,  1,  44,    10, -1,  22
731521,20021102,   233, -1,  46,   195,  1,  20
731521,20021102,   225, -1,  35,   224,  1,  23
731521,20021102,   226, -1,  28,   122,  1,  23
731521,20021102,   236,  1,   9,    85, -1,   0
731521,20021102,   237,  1,  27,    36, -1,  14
731521,20021102,   239,  1,  35,    41, -1,   7
731521,20021102,   240,  1,  21,   170, -1,   9
731526,20021107,    35, -1,  24,   105,  1,  14
731528,20021109,     1, -1,  49,    14,  1,  30
731528,20021109,     3,  1,  28,   120, -1,  14
731528,20021109,     8,  1,  54,   224, -1,  13
731528,20021109,    11,  1,  44,   161, -1,   0
731528,20021109,    12, -1,  23,   182,  1,   0
731528,20021109,    15,  1,  52,   213, -1,  14
731528,20021109,    20,  1,  49,   165, -1,   7
731528,20021109,    27,  1,  35,   238, -1,  31
731528,20021109,    30, -1,  55,    10,  1,  38
731528,20021109,    32,  1,  24,   228, -1,  17
731528,20021109,   211, -1,  45,    25,  1,  21
731528,20021109,    37, -1,  42,   143,  1,  12
731528,20021109,    38, -1,  28,   101,  1,  14
731528,20021109,    39, -1,  42,   121,  1,  35
731528,20021109,    42,  1,  63,    97, -1,  21
731528,20021109,    43,  1,  21,    45, -1,  19
731528,20021109,    46, -1,  49,    16,  1,  28
731528,20021109,    47,  1,  30,   126, -1,  20
731528,20021109,    48, -1,  37,   107,  1,  13
731528,20021109,    52, -1,  42,    31,  1,   0
731528,20021109,    57, -1,  54,    80,  1,  48
731528,20021109,    53,  1,  55,   203, -1,  43
731528,20021109,    58,  1,  56,   102, -1,  35
731528,20021109,    60,  1,  44,   188, -1,  21
731528,20021109,    62, -1,  21,   220,  1,  17
731528,20021109,    61,  1,  34,   128, -1,  13
731528,20021109,    64,  1,  35,     6, -1,  26
731528,20021109,    65, -1,  21,    73,  1,  13
731528,20021109,    66, -1,  37,    79,  1,  27
731528,20021109,    67,  1,  31,   208, -1,  12
731528,20021109,    70, -1,  57,    33,  1,  15
731528,20021109,    72,  1,  31,   119, -1,  17
731528,20021109,    69, -1,  42,    68,  1,  21
731528,20021109,    74,  1,  34,     5, -1,  21
731528,20021109,    75,  1,  37,    19, -1,   7
731528,20021109,    76,  1,  28,    41, -1,   7
731528,20021109,    78,  1,  26,   166, -1,  16
731528,20021109,    81, -1,  23,   169,  1,   9
731528,20021109,    83,  1,  46,   146, -1,  20
731528,20021109,    84, -1,  37,   235,  1,  20
731528,20021109,    87, -1,  21,   170,  1,  14
731528,20021109,    89,  1,  62,   148, -1,  10
731528,20021109,    91,  1,  13,     4, -1,  11
731528,20021109,    93,  1,  19,   149, -1,  10
731528,20021109,    96,  1,  58,    90, -1,   7
731528,20021109,   100, -1,  19,    24,  1,   3
731528,20021109,   106, -1,  33,    98,  1,  30
731528,20021109,   108, -1,  49,    99,  1,  23
731528,20021109,   110,  1,  24,   135, -1,  21
731528,20021109,   112,  1,  47,   201, -1,   7
731528,20021109,   114, -1,  26,   196,  1,   3
731528,20021109,   116, -1,  41,   118,  1,  24
731528,20021109,   117, -1,  56,    86,  1,  21
731528,20021109,   129,  1,  23,     7, -1,   6
731528,20021109,   123,  1,   7,   187, -1,   0
731528,20021109,   124,  1,  31,    44, -1,  24
731528,20021109,   125,  1,  25,    56, -1,  14
731528,20021109,   131,  1,  51,   197, -1,  27
731528,20021109,   136,  1,  45,    95, -1,   7
731528,20021109,   137,  1,  23,   218, -1,  17
731528,20021109,   138,  1,  31,   111, -1,  14
731528,20021109,   139,  1,  15,   175, -1,   8
731528,20021109,   141, -1,  34,   172,  1,  16
731528,20021109,   142,  1,  17,   127, -1,  14
731528,20021109,   134, -1,  34,    49,  1,   7
731528,20021109,   144,  1,  10,    82, -1,   0
731528,20021109,   145,  1,  38,   221, -1,  13
731528,20021109,   132,  1,  26,    22, -1,  17
731528,20021109,   150,  0,  30,   133,  0,  23
731528,20021109,   151,  1,  27,     2, -1,  10
731528,20021109,   152, -1,  10,   163,  1,   6
731528,20021109,   157, -1,  44,   162,  1,  13
731528,20021109,   158,  1,  35,   222, -1,  14
731528,20021109,   159,  1,  29,   195, -1,  22
731528,20021109,   171,  1,  32,   180, -1,   3
731528,20021109,   176,  1,  42,   104, -1,  30
731528,20021109,   183,  1,  31,   113, -1,  28
731528,20021109,   178, -1,  35,    54,  1,  21
731528,20021109,   215, -1,  49,   191,  1,  17
731528,20021109,   184, -1,  20,   210,  1,  13
731528,20021109,   103,  1,  13,    13, -1,  10
731528,20021109,   189,  1,  46,    50, -1,  28
731528,20021109,   190, -1,  22,    88,  1,  14
731528,20021109,   192,  1,  23,   167, -1,  13
731528,20021109,   193,  1,  50,   223, -1,  42
731528,20021109,    34, -1,  34,    36,  1,  31
731528,20021109,   198, -1,  51,   173,  1,  44
731528,20021109,   199,  1,  41,    18, -1,   0
731528,20021109,   200,  1,  30,   153, -1,  26
731528,20021109,   194,  1,  17,   207, -1,  10
731528,20021109,   202,  1,  49,   154, -1,  24
731528,20021109,   204,  1,  44,    28, -1,  17
731528,20021109,   206,  0,  24,    63,  0,   7
731528,20021109,   212, -1,  37,     9,  1,   7
731528,20021109,   216,  1,  28,   214, -1,  17
731528,20021109,   217,  1,  32,   140, -1,  30
731528,20021109,   230,  1,  41,   156, -1,  29
731528,20021109,   231,  1,  32,   155, -1,  21
731528,20021109,   232,  1,  20,   160, -1,  14
731528,20021109,   233,  1,  24,    21, -1,  14
731528,20021109,   226, -1,  35,   147,  1,  12
731528,20021109,   227,  1,  33,    55, -1,  31
731528,20021109,   234,  1,  44,   164, -1,   6
731528,20021109,   237, -1,  39,    59,  1,  10
731528,20021109,   239, -1,  31,    23,  1,  27
731528,20021109,   240, -1,  24,    85,  1,  17
731531,20021112,   109,  1,  36,   115, -1,  34
731533,20021114,   105, -1,  20,   184,  1,  17
731535,20021116,     1, -1,  49,   214,  1,  32
731535,20021116,     2,  1,  21,    25, -1,  10
731535,20021116,     3, -1,  31,   106,  1,   0
731535,20021116,     4,  1,  27,     7, -1,  20
731535,20021116,   210,  1,  36,    57, -1,  29
731535,20021116,     6,  1,  19,   123, -1,   7
731535,20021116,     8, -1,  24,   225,  1,  14
731535,20021116,     9, -1,  52,    30,  1,  41
731535,20021116,    12,  1,  24,   103, -1,  17
731535,20021116,    13, -1,  38,    82,  1,  29
731535,20021116,    14, -1,  14,   207,  1,  10
731535,20021116,    16, -1,  28,   219,  1,  24
731535,20021116,    17, -1,  38,    28,  1,  21
731535,20021116,    19,  1,  46,    81, -1,  27
731535,20021116,    20,  1,  36,   104, -1,  10
731535,20021116,    21,  1,  41,   193, -1,  20
731535,20021116,    23, -1,  21,    45,  1,  18
731535,20021116,    44,  1,  41,   232, -1,  38
731535,20021116,   211,  1,  32,    97, -1,   6
731535,20021116,    35,  1,  47,    80, -1,  14
731535,20021116,    38,  1,  44,    71, -1,  22
731535,20021116,    39,  1,  41,    90, -1,  27
731535,20021116,    40, -1,  49,   175,  1,  21
731535,20021116,    42, -1,  38,   133,  1,   0
731535,20021116,    43, -1,  17,    41,  1,  14
731535,20021116,    47, -1,  27,   174,  1,  17
731535,20021116,    52,  1,  27,    60, -1,   0
731535,20021116,    53,  1,  47,    61, -1,   6
731535,20021116,    56,  0,  30,   124,  0,  21
731535,20021116,    58, -1,  21,    33,  1,  13
731535,20021116,    62,  1,  28,   182, -1,   7
731535,20021116,    65,  1,  40,   143, -1,  14
731535,20021116,    66,  1,  42,   205, -1,  14
731535,20021116,    67,  1,  38,   137, -1,  30
731535,20021116,    68, -1,  23,   237,  1,  21
731535,20021116,    70,  1,  44,   177, -1,  13
731535,20021116,    72, -1,  24,    15,  1,  21
731535,20021116,    69,  1,  41,    93, -1,   3
731535,20021116,    73,  1,  17,    51, -1,   2
731535,20021116,    74, -1,  64,   128,  1,  36
731535,20021116,    75,  1,  17,   134, -1,   7
731535,20021116,    77, -1,  33,   165,  1,  28
731535,20021116,    78, -1,  31,   111,  1,  28
731535,20021116,    83,  1,  24,    29, -1,  14
731535,20021116,    85, -1,  20,    87,  1,  12
731535,20021116,    89, -1,  45,   118,  1,  21
731535,20021116,    91,  1,  44,   161, -1,   9
731535,20021116,    94,  1,  34,   234, -1,  31
731535,20021116,    96,  1,  49,   136, -1,  13
731535,20021116,    98,  1,  41,   220, -1,  21
731535,20021116,    99, -1,  45,   188,  1,  41
731535,20021116,   100,  1,  42,    79, -1,  13
731535,20021116,   101,  1,  24,    24, -1,   0
731535,20021116,   107, -1,  21,   166,  1,  14
731535,20021116,   108, -1,  20,   180,  1,   0
731535,20021116,   110, -1,  30,    37,  1,  12
731535,20021116,   112, -1,  27,   149,  1,   3
731535,20021116,   116,  1,  21,   235, -1,  14
731535,20021116,   130,  1,  44,   213, -1,  28
731535,20021116,   129, -1,  13,     5,  1,  10
731535,20021116,   121, -1,  33,   200,  1,  27
731535,20021116,   125,  1,  28,   160, -1,  26
731535,20021116,   127, -1,  23,   169,  1,  12
731535,20021116,   131, -1,  42,   203,  1,   3
731535,20021116,   139, -1,  20,    27,  1,  16
731535,20021116,   142,  1,  23,    49, -1,  20
731535,20021116,   144,  1,  38,   140, -1,  27
731535,20021116,   145, -1,  49,   138,  1,  17
731535,20021116,   146, -1,  24,   189,  1,  12
731535,20021116,   132, -1,  49,    55,  1,  21
731535,20021116,   147,  1,  25,   122, -1,  24
731535,20021116,   152, -1,  23,    84,  1,  16
731535,20021116,   153, -1,  49,    18,  1,   9
731535,20021116,   154, -1,  55,    95,  1,  20
731535,20021116,   156, -1,  31,   191,  1,  21
731535,20021116,   157,  1,  44,    76, -1,   9
731535,20021116,   158, -1,  58,    86,  1,  25
731535,20021116,   163, -1,  45,   117,  1,  42
731535,20021116,   171,  1,  30,    88, -1,   3
731535,20021116,   176, -1,  49,   208,  1,  38
731535,20021116,   183,  1,  29,    22, -1,   7
731535,20021116,   178,  1,  48,   173, -1,  24
731535,20021116,   215,  1,  34,    10, -1,  13
731535,20021116,   181, -1,  42,   218,  1,  35
731535,20021116,   185,  1,  27,   209, -1,  25
731535,20021116,   187,  1,  14,   167, -1,   7
731535,20021116,   179, -1,  30,   201,  1,  21
731535,20021116,   192,  1,  42,    31, -1,   7
731535,20021116,   195, -1,  20,   168,  1,  17
731535,20021116,   196, -1,  35,   120,  1,  17
731535,20021116,    34,  1,  27,    59, -1,  10
731535,20021116,   198, -1,  20,   197,  1,  14
731535,20021116,   202,  1,  42,   199, -1,  38
731535,20021116,   204, -1,  42,   227,  1,  21
731535,20021116,   216, -1,  23,   238,  1,  18
731535,20021116,   217, -1,  19,   206,  1,  16
731535,20021116,   221,  1,  45,   164, -1,   3
731535,20021116,   222,  1,  14,   135, -1,   9
731535,20021116,   224,  0,  23,    36,  0,  21
731535,20021116,   228, -1,  42,    92,  1,   7
731535,20021116,   230, -1,  42,   155,  1,  14
731535,20021116,   226, -1,  38,   186,  1,  28
731535,20021116,   236, -1,  48,   170,  1,  16
731535,20021116,   239,  1,   7,   162, -1,   3
731539,20021120,   233, -1,  21,   223,  1,  18
731540,20021121,    36,  1,  53,    33, -1,  19
731540,20021121,    54, -1,  45,   197,  1,  20
731540,20021121,   114,  1,  28,   159, -1,  21
731540,20021121,   198,  1,  68,   203, -1,   7
731542,20021123,     2, -1,  48,    97,  1,  10
731542,20021123,     4, -1,  39,    11,  1,  19
731542,20021123,     5, -1,  28,   177,  1,  13
731542,20021123,     6,  1,  24,    52, -1,   0
731542,20021123,    12, -1,  26,   120,  1,  19
731542,20021123,    15, -1,  17,     3,  1,   7
731542,20021123,    17,  1,  41,    25, -1,  21
731542,20021123,    19,  0,  37,    63,  0,  10
731542,20021123,    20, -1,  44,   137,  1,   7
731542,20021123,    21, -1,  36,   195,  1,  14
731542,20021123,    22,  1,  63,    55, -1,  21
731542,20021123,    23,  1,  35,    41, -1,  28
731542,20021123,    29,  1,  28,   232, -1,  26
731542,20021123,    30,  1,  30,   191, -1,   7
731542,20021123,   211, -1,  48,   115,  1,  31
731542,20021123,    37,  1,  27,   182, -1,  20
731542,20021123,    38,  1,  25,    79, -1,  20
731542,20021123,    40,  1,  22,   139, -1,  14
731542,20021123,    42, -1,  37,    90,  1,  20
731542,20021123,    47, -1,  28,   126,  1,   0
731542,20021123,    49, -1,  14,    81,  1,   7
731542,20021123,    57,  1,  31,   194, -1,  28
731542,20021123,    61,  1,  31,    64, -1,  21
731542,20021123,    66, -1,  34,    24,  1,   7
731542,20021123,    67, -1,  19,   176,  1,  16
731542,20021123,    68,  1,  35,    34, -1,   7
731542,20021123,    71, -1,  24,   205,  1,  16
731542,20021123,    76,  1,  20,   239, -1,  13
731542,20021123,    77,  1,  20,    35, -1,  19
731542,20021123,    78,  1,  32,   102, -1,   3
731542,20021123,    83, -1,  42,   186,  1,  17
731542,20021123,    84, -1,  31,   148,  1,  24
731542,20021123,    91,  1,  34,     7, -1,  20
731542,20021123,    96, -1,  38,   121,  1,   0
731542,20021123,   100,  1,  14,   101, -1,   7
731542,20021123,   106,  1,  14,   119, -1,  13
731542,20021123,   104,  1,  38,   218, -1,  24
731542,20021123,   105,  1,  41,   210, -1,  21
731542,20021123,   107,  1,  31,   138, -1,  14
731542,20021123,   109, -1,  24,   151,  1,  21
731542,20021123,   111, -1,  48,   164,  1,  21
731542,20021123,   112,  1,  33,   141, -1,  21
731542,20021123,   113,  1,  38,    14, -1,  10
731542,20021123,   125, -1,  10,   124,  1,   7
731542,20021123,   127,  1,  52,    75, -1,  42
731542,20021123,   131,  1,  37,    53, -1,  35
731542,20021123,   140, -1,  35,    82,  1,  31
731542,20021123,   142,  1,  32,   128, -1,  19
731542,20021123,   143, -1,  23,    51,  1,  21
731542,20021123,   135,  1,  17,    65, -1,   7
731542,20021123,   144, -1,  30,   130,  1,  20
731542,20021123,   213,  1,  34,   103, -1,  10
731542,20021123,   145,  1,  41,    94, -1,  10
731542,20021123,   149, -1,  42,   179,  1,  35
731542,20021123,   150,  1,  42,   168, -1,   0
731542,20021123,   152,  1,  14,   116, -1,   9
731542,20021123,   153,  1,  60,   202, -1,  15
731542,20021123,   154,  1,  63,    18, -1,  28
731542,20021123,   156,  1,  45,   155, -1,  24
731542,20021123,   157, -1,  31,    43,  1,   0
731542,20021123,   158,  1,  61,   117, -1,   7
731542,20021123,   162,  1,  38,    45, -1,  30
731542,20021123,   163,  1,  34,    86, -1,  10
731542,20021123,   166, -1,  35,   234,  1,  13
731542,20021123,   172,  1,  21,   201, -1,  14
731542,20021123,   175, -1,  38,     1,  1,  34
731542,20021123,   169,  0,  26,   134,  0,   9
731542,20021123,   183, -1,  32,    80,  1,  14
731542,20021123,   215, -1,  52,   212,  1,  21
731542,20021123,   181,  1,  24,   208, -1,  21
731542,20021123,   196, -1,  24,   220,  1,   0
731542,20021123,   204, -1,  33,   132,  1,  30
731542,20021123,   207,  1,  31,   184, -1,  10
731542,20021123,   216,  1,  13,    27, -1,   6
731542,20021123,   221, -1,  38,    48,  1,  34
731542,20021123,   222,  1,  48,   110, -1,  13
731542,20021123,   229,  1,  30,   133, -1,  27
731542,20021123,   230, -1,  29,   231,  1,  26
731542,20021123,   227, -1,  35,    28,  1,  10
731542,20021123,   235,  1,  49,   118, -1,  31
731542,20021123,   237, -1,  34,    58,  1,   9
731542,20021123,   240,  1,  37,   173, -1,  29
731547,20021128,   119,  1,  24,   120, -1,  12
731548,20021129,    10, -1,  34,     9,  1,  20
731548,20021129,    12,  0,  21,   106,  0,  20
731548,20021129,    39, -1,  28,   136,  1,  13
731548,20021129,   199,  1,  50,   200, -1,  20
731549,20021130,     3, -1,  21,    77,  1,  16
731549,20021130,    21,  1,  44,   168, -1,  14
731549,20021130,   211,  1,  42,   151, -1,  32
731549,20021130,    35,  1,  31,   210, -1,  23
731549,20021130,    65,  1,  31,    62, -1,  14
731549,20021130,    66, -1,  29,   145,  1,  24
731549,20021130,    72,  1,  51,    73, -1,   7
731549,20021130,    69,  1,  34,    19, -1,   0
731549,20021130,    80,  1,  27,   105, -1,  10
731549,20021130,   107, -1,  14,     8,  1,  13
731549,20021130,   109,  1,  38,    17, -1,  14
731549,20021130,   110,  1,  32,   229, -1,  14
731549,20021130,   112,  1,  21,   125, -1,  14
731549,20021130,   114, -1,  49,   193,  1,   7
731549,20021130,   130,  1,  45,   217, -1,  28
731549,20021130,   124,  1,  45,   149, -1,  14
731549,20021130,   214, -1,  36,    40,  1,  33
731549,20021130,   139,  1,  49,   238, -1,  20
731549,20021130,   154,  1,  38,   153, -1,  28
731549,20021130,   215,  1,  44,   150, -1,  13
731549,20021130,   184,  1,  24,    57, -1,   7
731549,20021130,   185,  0,  48,    74,  0,  24
731549,20021130,   196,  1,  24,    98, -1,   0
731549,20021130,   194,  1,  27,   113, -1,  20
731549,20021130,   204,  1,  42,    22, -1,  24
731549,20021130,   221,  1,  45,    68, -1,  38
731549,20021130,   223,  1,  21,   222, -1,   9
731549,20021130,   233, -1,  24,   159,  1,  17
731549,20021130,   226,  1,  48,    53, -1,   9
731549,20021130,   236,  1,  59,   131, -1,  20
731554,20021205,    67, -1,  45,   104,  1,  13
731555,20021206,    35, -1,  42,    57,  1,  26
731556,20021207,    72,  0,  30,    12,  0,   3
731556,20021207,    69,  1,  31,   107, -1,   7
731556,20021207,    77,  1,  41,   175, -1,  40
731556,20021207,   109,  1,  49,   204, -1,  45
731556,20021207,   112,  1,  24,   124, -1,  20
731556,20021207,   114,  1,  56,   223, -1,  45
731556,20021207,   133,  0,  58,    14,  0,  12
731556,20021207,   153,  0,  29,    39,  0,   7
731556,20021207,   221,  1,  24,    66, -1,  10
731556,20021207,   231, -1,  48,   212,  1,  27
731556,20021207,   236, -1,  31,   226,  1,  28
731563,20021214,    74,  0,  31,     4,  0,  19
731563,20021214,   112,  1,  39,   221, -1,  28
731563,20021214,   236, -1,  31,    69,  1,  28
731566,20021217,   144,  0,  24,    35,  0,  19
731567,20021218,   109,  0,  38,   105,  0,  15
731569,20021220,   236,  0,  34,   112,  0,  14
731572,20021223,   202,  0,  55,    37,  0,  15
731574,20021225,   207, -1,  36,    77,  1,  28
731574,20021225,   212,  0,  27,   139,  0,  13
731575,20021226,    21,  0,  51,   204,  0,  25
731575,20021226,   159,  0,  38,   156,  0,  13
731576,20021227,    96,  0,  34,    10,  0,  27
731576,20021227,   119,  0,  27,   136,  0,  23
731576,20021227,   154,  0,  33,   184,  0,  23
731577,20021228,   222,  0,  48,   233,  0,  22
731577,20021228,   235,  0,  31,    39,  0,  28
731579,20021230,   118,  0,  29,    12,  0,  14
731579,20021230,   229,  0,  38,   155,  0,  17
731580,20021231,    20,  0,  34,    90,  0,  16
731580,20021231,    67,  0,  30,    73,  0,  21
731580,20021231,   110,  0,  30,   196,  0,   3
731580,20021231,   163,  0,  34,   230,  0,  24
731580,20021231,   194,  0,  17,    40,  0,   3
731580,20021231,   223,  0,  20,     1,  0,  13
731581,20030101,    15,  0,  13,   158,  0,   9
731581,20030101,    72,  0,  26,    65,  0,  13
731581,20030101,   116,  0,  38,    62,  0,  30
731581,20030101,   135,  0,  28,   150,  0,   6
731581,20030101,   153,  0,  34,   231,  0,  14
731581,20030101,   199,  0,  35,   106,  0,  20
731582,20030102,   215,  0,  38,    89,  0,  17
731583,20030103,   152,  0,  31,   114,  0,  24
