731815,20030823,    95,  0,  42,    30,  0,  28
731815,20030823,   174,  1,  29,    73, -1,   0
731820,20030828,    17,  1,  31,    86, -1,   7
731820,20030828,    22,  1,  63,    54, -1,  13
731820,20030828,    27,  1,  24,    72, -1,  13
731820,20030828,    55,  1,  28,    59, -1,  21
731820,20030828,    60, -1,  20,   128,  1,  19
731820,20030828,    84,  1,  27,    50, -1,  13
731820,20030828,    96, -1,  41,     2,  1,  38
731820,20030828,   113,  0,  48,   103,  0,   9
731820,20030828,   130,  1,  20,   109, -1,  13
731820,20030828,   149,  1,  17,   177, -1,   3
731820,20030828,   154,  1,  40,    44, -1,   7
731820,20030828,   171, -1,  31,    33,  1,  23
731820,20030828,   201,  1,  21,    16, -1,  20
731820,20030828,   214,  1,  40,   215, -1,  20
731820,20030828,   219,  1,  41,    74, -1,   6
731821,20030829,   212,  1,  28,   202, -1,  18
731822,20030830,     1,  1,  49,   235, -1,   0
731822,20030830,     3,  0,  40,   182,  0,  17
731822,20030830,   208, -1,  24,    18,  1,  19
731822,20030830,     5,  0,  38,    62,  0,  22
731822,20030830,     7, -1,  37,    11,  1,  10
731822,20030830,     9,  1,  42,   216, -1,   7
731822,20030830,    19,  0,  62,   175,  0,  12
731822,20030830,    24,  1,  28,    52, -1,  21
731822,20030830,    30,  1,  34,   183, -1,   2
731822,20030830,    35,  1,  64,    32, -1,  10
731822,20030830,    39,  0,  42,    40,  0,  35
731822,20030830,    42,  1,  34,    85, -1,  10
731822,20030830,    61,  1,  65,   174, -1,   3
731822,20030830,    64, -1,  37,   141,  1,   0
731822,20030830,    67,  1,  24,    58, -1,   7
731822,20030830,    71, -1,  30,    36,  1,   0
731822,20030830,    76,  1,  40,     8, -1,  17
731822,20030830,    79,  1,  48,   163, -1,  14
731822,20030830,    88,  1,  21,   114, -1,   3
731822,20030830,    89,  1,  17,   145, -1,  10
731822,20030830,    92, -1,   9,     4,  1,   3
731822,20030830,    93,  1,  48,   101, -1,   6
731822,20030830,    95,  1,  41,   204, -1,   5
731822,20030830,   105,  1,  49,   211, -1,   7
731822,20030830,   108,  1,  45,    77, -1,  21
731822,20030830,   112,  1,  40,   196, -1,  10
731822,20030830,   115,  1,  45,    28, -1,   7
731822,20030830,   116,  1,  26,   225, -1,  21
731822,20030830,   117,  1,  49,   206, -1,  10
731822,20030830,   118, -1,  24,   218,  1,  21
731822,20030830,   120,  0,  22,    83,  0,  15
731822,20030830,   123, -1,  30,   106,  1,  20
731822,20030830,   126,  1,  19,   203, -1,  16
731822,20030830,   129,  1,  34,   217, -1,   0
731822,20030830,   131,  1,  37,   222, -1,  10
731822,20030830,   134,  1,  17,   152, -1,   7
731822,20030830,   135,  1,  24,   185, -1,  23
731822,20030830,   136,  1,  70,    31, -1,  20
731822,20030830,   137,  1,  72,   199, -1,   8
731822,20030830,   133,  1,  59,   223, -1,  20
731822,20030830,   144,  1,  44,   187, -1,   3
731822,20030830,   146, -1,  28,    94,  1,  20
731822,20030830,   147,  1,  23,    90, -1,   7
731822,20030830,   150,  1,  28,   228, -1,   9
731822,20030830,   151,  1,  37,   142, -1,   3
731822,20030830,   153, -1,  42,   119,  1,  34
731822,20030830,   156,  1,  23,   193, -1,  10
731822,20030830,   166,  1,  24,    25, -1,  10
731822,20030830,   169, -1,  24,   188,  1,  19
731822,20030830,   173,  1,  19,    56, -1,   9
731822,20030830,   181,  1,  14,   102, -1,   7
731822,20030830,   213, -1,  23,    15,  1,   0
731822,20030830,   184, -1,  29,   127,  1,   0
731822,20030830,   194,  1,  24,    66, -1,   6
731822,20030830,   195,  1,  37,   167, -1,  20
731822,20030830,   198,  1,  26,    13, -1,  11
731822,20030830,   207,  1,  42,   159, -1,   3
731822,20030830,   200,  1,  58,   180, -1,  10
731822,20030830,   220,  1,  27,    51, -1,   0
731822,20030830,   227, -1,  32,    21,  1,  28
731822,20030830,   229,  0,  25,    81,  0,   0
731822,20030830,   233, -1,  24,   231,  1,  17
731822,20030830,   236,  1,  21,   124, -1,  10
731823,20030831,   104, -1,  40,    97,  1,  24
731823,20030831,   197,  1,  66,   138, -1,   7
731823,20030831,   221,  1,  49,   209, -1,  28
731824,20030901,    34,  1,  40,    57, -1,   3
731824,20030901,   192, -1,  38,   205,  1,  35
731827,20030904,   183, -1,  17,   208,  1,  12
731827,20030904,   224, -1,  34,    55,  1,  12
731828,20030905,    66,  1,  16,   154, -1,  14
731829,20030906,     1, -1,  22,   146,  1,  21
731829,20030906,     4,  1,  31,   195, -1,  24
731829,20030906,    10,  1,  34,   144, -1,  14
731829,20030906,    11,  1,  27,   127, -1,   7
731829,20030906,    12,  1,  45,   206, -1,  13
731829,20030906,    13,  1,  63,   201, -1,   6
731829,20030906,    19,  0,  31,     5,  0,  26
731829,20030906,    20,  1,  62,    82, -1,   0
731829,20030906,    21, -1,  27,   156,  1,  14
731829,20030906,    22, -1,  27,   161,  1,  26
731829,20030906,    24, -1,  33,    49,  1,  28
731829,20030906,    29, -1,  34,   216,  1,  13
731829,20030906,    44,  1,  69,   187, -1,  19
731829,20030906,    28,  1,  40,   136, -1,  33
731829,20030906,    36,  1,  28,    67, -1,  17
731829,20030906,    38, -1,  20,    70,  1,  19
731829,20030906,    39,  1,  16,   210, -1,  14
731829,20030906,    40, -1,  23,    30,  1,  21
731829,20030906,    42, -1,  48,    14,  1,  21
731829,20030906,    47, -1,  12,   125,  1,   0
731829,20030906,    48,  1,  41,    35, -1,   7
731829,20030906,    51,  1,  29,   223, -1,   3
731829,20030906,    54,  1,  35,     8, -1,   7
731829,20030906,    56, -1,   8,    81,  1,   5
731829,20030906,    62,  1,  26,   126, -1,   7
731829,20030906,    64,  1,  35,   109, -1,  10
731829,20030906,    65, -1,  63,   162,  1,  28
731829,20030906,    71,  1,  29,   128, -1,  10
731829,20030906,    68,  1,  35,   175, -1,   0
731829,20030906,    72,  1,  17,    15, -1,   3
731829,20030906,    73, -1,  40,     7,  1,  28
731829,20030906,    83,  1,  49,    84, -1,  22
731829,20030906,    86,  1,  13,    63, -1,  10
731829,20030906,    87, -1,  19,   179,  1,  14
731829,20030906,    88,  1,  56,    25, -1,   7
731829,20030906,    89,  1,  48,   149, -1,  20
731829,20030906,    94,  1,  46,   212, -1,  24
731829,20030906,    95,  1,  55,   111, -1,  14
731829,20030906,    97,  1,  37,   129, -1,   6
731829,20030906,    99,  1,  49,   107, -1,   0
731829,20030906,   100,  1,  38,    78, -1,  20
731829,20030906,   105, -1,  59,     9,  1,  13
731829,20030906,   103, -1,  34,   102,  1,   3
731829,20030906,   106, -1,  44,    77,  1,  21
731829,20030906,   110,  1,  51,    31, -1,   7
731829,20030906,   112,  1,  44,   118, -1,  34
731829,20030906,   113,  1,  38,    61, -1,  33
731829,20030906,   115,  1,  50,    79, -1,   3
731829,20030906,   116,  1,  44,   166, -1,  28
731829,20030906,   117,  1,  48,   204, -1,   7
731829,20030906,   120, -1,  35,    17,  1,   7
731829,20030906,   122,  1,  24,   188, -1,   0
731829,20030906,   124,  1,  38,    69, -1,   3
731829,20030906,   134,  1,  31,   215, -1,   7
731829,20030906,   132, -1,  10,    90,  1,   7
731829,20030906,   142,  1,  52,    18, -1,  14
731829,20030906,   143,  1,  51,     6, -1,   0
731829,20030906,   130,  1,  42,   196, -1,  17
731829,20030906,   148,  1,  29,   229, -1,  26
731829,20030906,   150,  1,  16,   173, -1,  13
731829,20030906,   151, -1,  20,     3,  1,  13
731829,20030906,   152,  1,  48,   236, -1,  24
731829,20030906,   153,  1,  31,   135, -1,  23
731829,20030906,   157,  1,  43,    96, -1,   3
731829,20030906,   181,  1,  31,   220, -1,   7
731829,20030906,   182,  1,  27,   139, -1,  17
731829,20030906,   213,  1,  35,    27, -1,  18
731829,20030906,   168, -1,  28,   177,  1,   7
731829,20030906,   184,  1,  62,   159, -1,   7
731829,20030906,   189,  1,  31,   174, -1,  10
731829,20030906,   178, -1,  23,   211,  1,  21
731829,20030906,   191, -1,  49,   141,  1,  47
731829,20030906,   194,  1,  34,   108, -1,  24
731829,20030906,   198,  1,  28,   214, -1,  26
731829,20030906,   192,  1,  17,   131, -1,   3
731829,20030906,   207,  1,  27,    80, -1,  20
731829,20030906,   200,  1,  42,   137, -1,  28
731829,20030906,   202,  1,  49,   101, -1,   3
731829,20030906,   205,  1,  27,   147, -1,  24
731829,20030906,   218,  1,  51,    33, -1,   6
731829,20030906,   219, -1,  23,   193,  1,  20
731829,20030906,   222, -1,  31,    46,  1,   9
731829,20030906,   221,  1,  43,    93, -1,   0
731829,20030906,   226,  1,  10,    98, -1,   6
731829,20030906,   227,  1,  38,   133, -1,  24
731829,20030906,   228,  1,  38,    85, -1,  13
731829,20030906,   230,  1,  13,   185, -1,   3
731829,20030906,   231, -1,  48,    57,  1,   7
731829,20030906,   225,  1,  56,   232, -1,  24
731829,20030906,   233,  1,  48,     2, -1,  31
731829,20030906,   235,  1,  35,   167, -1,  13
731834,20030911,    59, -1,  14,   201,  1,   7
731834,20030911,   107, -1,  16,   188,  1,  14
731834,20030911,   214,  1,  31,    30, -1,  24
731835,20030912,   202, -1,  24,   108,  1,  17
731836,20030913,     1,  1,  34,   142, -1,  21
731836,20030913,     2,  1,  24,    55, -1,  17
731836,20030913,     3,  1,  27,    97, -1,  17
731836,20030913,     5,  1,  49,     7, -1,  28
731836,20030913,     6, -1,  28,    31,  1,  10
731836,20030913,    10,  1,  26,   215, -1,  16
731836,20030913,    12, -1,  38,   197,  1,  28
731836,20030913,    13,  1,  21,   177, -1,   3
731836,20030913,    15, -1,  45,   218,  1,   7
731836,20030913,    18,  1,  10,   180, -1,   7
731836,20030913,    20, -1,  24,    81,  1,  10
731836,20030913,    21, -1,  24,    42,  1,  14
731836,20030913,    22,  1,  62,   101, -1,   3
731836,20030913,    27, -1,  10,   137,  1,   7
731836,20030913,    29,  1,  31,    44, -1,  17
731836,20030913,   209,  1,  33,    60, -1,  29
731836,20030913,    28,  1,  42,    54, -1,  41
731836,20030913,    34, -1,  15,   231,  1,  13
731836,20030913,    36,  1,  37,   128, -1,  14
731836,20030913,    38, -1,  38,    25,  1,  15
731836,20030913,    40,  1,  31,   230, -1,   7
731836,20030913,    48,  1,  44,   164, -1,  14
731836,20030913,    51,  1,  27,   163, -1,  24
731836,20030913,    52,  1,  49,    26, -1,   0
731836,20030913,    58, -1,  25,    77,  1,  23
731836,20030913,    61,  1,  63,    62, -1,   3
731836,20030913,    64,  1,  14,    72, -1,  13
731836,20030913,    71,  1,  31,   181, -1,   7
731836,20030913,    73,  0,  45,     4,  0,  14
731836,20030913,    74, -1,  17,    80,  1,  14
731836,20030913,    78,  1,  42,    70, -1,  34
731836,20030913,    79, -1,  21,   102,  1,  14
731836,20030913,    85,  1,  33,    86, -1,   3
731836,20030913,    88, -1,  40,    89,  1,  21
731836,20030913,    94, -1,  42,   236,  1,  35
731836,20030913,    95,  1,  38,   110, -1,   7
731836,20030913,    96,  1,  16,   238, -1,  13
731836,20030913,   100,  1,  23,    65, -1,  16
731836,20030913,   105,  1,  35,   224, -1,   7
731836,20030913,   103, -1,  20,   116,  1,  19
731836,20030913,   104, -1,  30,   191,  1,  20
731836,20030913,   106,  0,  24,    63,  0,  14
731836,20030913,   109,  1,  61,    35, -1,   0
731836,20030913,   111,  1,  34,    68, -1,  15
731836,20030913,   113,  1,  38,    57, -1,   3
731836,20030913,   114, -1,  44,   146,  1,  14
731836,20030913,   115,  1,  38,   148, -1,   0
731836,20030913,   117, -1,  42,   149,  1,  20
731836,20030913,   118,  1,  59,   211, -1,  14
731836,20030913,   120,  1,  37,    53, -1,   0
731836,20030913,   122,  1,  17,   165, -1,  10
731836,20030913,   123,  1,  38,   170, -1,  14
731836,20030913,   125, -1,  31,    37,  1,   6
731836,20030913,   134,  1,  18,   156, -1,  10
731836,20030913,   212, -1,  23,   233,  1,   5
731836,20030913,   140, -1,   7,   175,  1,   3
731836,20030913,   143, -1,  42,   162,  1,  39
731836,20030913,   147,  1,  43,    49, -1,   6
731836,20030913,   150,  1,  44,   133, -1,  38
731836,20030913,   151,  1,  52,    66, -1,  28
731836,20030913,   152,  1,  42,   121, -1,   3
731836,20030913,   153, -1,  48,     9,  1,  10
731836,20030913,   154,  1,  28,   138, -1,  16
731836,20030913,   157,  1,  42,    17, -1,  21
731836,20030913,   158,  1,  44,   139, -1,  37
731836,20030913,   161, -1,  16,   227,  1,  10
731836,20030913,   166, -1,  36,    14,  1,  21
731836,20030913,   169,  1,  37,   186, -1,  12
731836,20030913,   172, -1,  54,    46,  1,   7
731836,20030913,   173, -1,  34,   216,  1,   0
731836,20030913,   167, -1,  27,   126,  1,  21
731836,20030913,   213,  1,  61,    76, -1,  32
731836,20030913,   168,  1,  32,   129, -1,   7
731836,20030913,   183,  1,  23,   112, -1,   6
731836,20030913,   184,  0,  35,   132,  0,  16
731836,20030913,   185,  1,  22,   178, -1,  21
731836,20030913,   190,  1,  31,   179, -1,   3
731836,20030913,   195,  1,  44,    90, -1,  14
731836,20030913,   196, -1,  35,    33,  1,  10
731836,20030913,   203,  1,  19,    99, -1,  13
731836,20030913,   204, -1,  20,   208,  1,   9
731836,20030913,   205,  1,  31,   119, -1,  28
731836,20030913,   206,  1,  41,   199, -1,  15
731836,20030913,   210,  1,   6,    83, -1,   3
731836,20030913,   217, -1,  38,    16,  1,  14
731836,20030913,   219, -1,  48,   136,  1,  14
731836,20030913,   220, -1,  59,   225,  1,  16
731836,20030913,   226, -1,  34,    87,  1,  17
731836,20030913,   229, -1,  47,    39,  1,  26
731836,20030913,   232, -1,  34,   222,  1,  24
731841,20030918,   135, -1,  42,   174,  1,  30
731841,20030918,   145, -1,  38,   178,  1,  24
731841,20030918,   221,  1,  35,   198, -1,  19
731842,20030919,   212,  1,  33,    76, -1,  22
731843,20030920,     1,  1,  35,   236, -1,  29
731843,20030920,     2,  1,  65,    80, -1,   7
731843,20030920,     4, -1,  37,   127,  1,   0
731843,20030920,     5, -1,  24,    11,  1,  22
731843,20030920,     8,  1,  24,   125, -1,  21
731843,20030920,    12,  0,  31,   142,  0,   7
731843,20030920,    17,  1,  27,    28, -1,  14
731843,20030920,    18,  1,  27,   170, -1,   6
731843,20030920,    19, -1,  24,    63,  1,  14
731843,20030920,    23, -1,  21,     6,  1,   3
731843,20030920,    29,  1,  24,   124, -1,  21
731843,20030920,    30, -1,  31,    83,  1,  24
731843,20030920,    34,  1,  30,   193, -1,  24
731843,20030920,    36, -1,  39,    72,  1,   3
731843,20030920,    38, -1,  31,    45,  1,   9
731843,20030920,    42, -1,  38,    25,  1,   7
731843,20030920,    43,  1,  21,    24, -1,  19
731843,20030920,    46, -1,  45,    26,  1,  27
731843,20030920,    47,  1,  35,    16, -1,  13
731843,20030920,    56,  1,  49,   185, -1,  21
731843,20030920,    58,  1,  14,    59, -1,   0
731843,20030920,    62,  0,  10,   195,  0,   7
731843,20030920,    60, -1,  13,   238,  1,   6
731843,20030920,    64,  1,  47,    39, -1,   7
731843,20030920,    65,  1,  37,    41, -1,  30
731843,20030920,    66,  1,  16,   103, -1,   6
731843,20030920,    67,  1,  31,   164, -1,  17
731843,20030920,    69,  1,  23,    33, -1,  13
731843,20030920,    75, -1,  43,    78,  1,  23
731843,20030920,    79,  1,  42,   119, -1,  35
731843,20030920,    84, -1,  21,    53,  1,  14
731843,20030920,    86, -1,  17,   129,  1,  10
731843,20030920,    88,  1,  21,    10, -1,   2
731843,20030920,    90, -1,  28,   207,  1,  21
731843,20030920,    91,  1,  14,    37, -1,   9
731843,20030920,    93,  1,  23,    77, -1,  20
731843,20030920,    94,  1,  41,    92, -1,   6
731843,20030920,    97, -1,  34,    85,  1,  17
731843,20030920,   100, -1,  28,   160,  1,  13
731843,20030920,   105,  1,  17,    71, -1,  10
731843,20030920,   104,  1,  42,   216, -1,  14
731843,20030920,   107,  1,  28,   179, -1,  14
731843,20030920,   108, -1,  27,    95,  1,  20
731843,20030920,   109,  1,  34,   231, -1,   7
731843,20030920,   110, -1,  24,   106,  1,  16
731843,20030920,   111, -1,  31,    73,  1,  20
731843,20030920,   113, -1,  33,    21,  1,  14
731843,20030920,   114, -1,  41,    40,  1,  21
731843,20030920,   116, -1,  22,   148,  1,  16
731843,20030920,   117,  1,  48,   102, -1,  14
731843,20030920,   120,  1,  41,   128, -1,  40
731843,20030920,   122, -1,  12,    70,  1,  10
731843,20030920,   131,  1,  39,    55, -1,   7
731843,20030920,   133,  1,  49,   200, -1,  21
731843,20030920,   143,  1,  48,   232, -1,  14
731843,20030920,   144, -1,  23,   158,  1,   0
731843,20030920,   130, -1,  19,     3,  1,  16
731843,20030920,   146, -1,  28,    51,  1,  10
731843,20030920,   147, -1,  14,   211,  1,  10
731843,20030920,   150,  1,  24,    22, -1,  17
731843,20030920,   151,  1,  59,   210, -1,  24
731843,20030920,   152, -1,  52,   180,  1,   6
731843,20030920,   153,  1,  31,   115, -1,  27
731843,20030920,   154,  1,  26,    20, -1,  24
731843,20030920,   155,  1,  51,    52, -1,  10
731843,20030920,   156,  1,  32,    96, -1,  10
731843,20030920,   161,  1,  59,     9, -1,   7
731843,20030920,   162,  1,  55,   136, -1,  40
731843,20030920,   165, -1,  31,   188,  1,  24
731843,20030920,   169, -1,  27,    31,  1,  24
731843,20030920,   173,  1,  37,   171, -1,  17
731843,20030920,   181,  1,  42,   208, -1,  10
731843,20030920,   167,  0,  53,   175,  0,   0
731843,20030920,   121, -1,  17,   177,  1,  10
731843,20030920,   189, -1,  18,    27,  1,  14
731843,20030920,   190,  1,  28,   226, -1,  21
731843,20030920,   191,  1,  38,   209, -1,  14
731843,20030920,   194, -1,  24,    61,  1,  10
731843,20030920,   197, -1,  48,   163,  1,   7
731843,20030920,   192,  1,  30,   218, -1,  14
731843,20030920,   202,  1,  35,   157, -1,  31
731843,20030920,   204,  1,  28,   176, -1,   0
731843,20030920,   205, -1,  50,    14,  1,  33
731843,20030920,   206,  1,  54,    13, -1,   7
731843,20030920,   217,  1,  38,   186, -1,   6
731843,20030920,   222,  1,  34,   140, -1,   9
731843,20030920,   227,  1,  34,    57, -1,  16
731843,20030920,   228,  1,  45,    81, -1,  14
731843,20030920,   229,  1,  23,   137, -1,  13
731843,20030920,   223,  1,  28,    35, -1,  21
731843,20030920,   224,  1,  56,   201, -1,   0
731843,20030920,   234,  1,  36,    54, -1,   3
731843,20030920,   233,  1,  38,   141, -1,  27
731843,20030920,   235,  1,  20,    68, -1,  14
731843,20030920,   237,  1,  62,   203, -1,  28
731848,20030925,   134, -1,  38,   183,  1,  14
731850,20030927,     1, -1,  24,    27,  1,  10
731850,20030927,     2, -1,  38,    25,  1,  21
731850,20030927,     4, -1,  50,   159,  1,  10
731850,20030927,     6,  1,  42,   169, -1,   7
731850,20030927,    12, -1,  34,     3,  1,  31
731850,20030927,    15,  1,  48,   234, -1,   3
731850,20030927,    19, -1,  56,   140,  1,  14
731850,20030927,    20,  1,  33,   236, -1,  17
731850,20030927,    21,  1,  53,    17, -1,  29
731850,20030927,    44,  1,  47,    82, -1,  21
731850,20030927,    30,  1,  34,   213, -1,  31
731850,20030927,    31, -1,  28,   179,  1,  10
731850,20030927,    35,  1,  24,     8, -1,  21
731850,20030927,    38,  1,  26,   203, -1,   7
731850,20030927,    41,  1,  19,    24, -1,  16
731850,20030927,    47,  1,  47,   188, -1,   6
731850,20030927,    48, -1,  24,    77,  1,  14
731850,20030927,    52,  1,  62,    98, -1,  14
731850,20030927,    61, -1,  24,    97,  1,  21
731850,20030927,    62,  1,  15,    49, -1,  14
731850,20030927,    60, -1,  28,    84,  1,  10
731850,20030927,    64, -1,  56,    51,  1,   7
731850,20030927,    66,  1,  42,   158, -1,  16
731850,20030927,    67,  1,  45,    69, -1,   0
731850,20030927,    68,  1,  34,    33, -1,   3
731850,20030927,    72, -1,  24,   218,  1,  17
731850,20030927,    74,  0,  24,   126,  0,  21
731850,20030927,    75,  1,  52,    23, -1,  14
731850,20030927,    76,  1,  41,   163, -1,  21
731850,20030927,    80, -1,  48,   175,  1,   3
731850,20030927,    86,  1,  23,    53, -1,   7
731850,20030927,    90, -1,  21,   127,  1,  17
731850,20030927,    91,  1,  34,   217, -1,  27
731850,20030927,    92,  1,  49,    54, -1,  14
731850,20030927,    94,  1,  35,   120, -1,  14
731850,20030927,    96,  1,  36,   209, -1,  16
731850,20030927,    99,  1,  28,   160, -1,  13
731850,20030927,   105, -1,  41,   119,  1,   6
731850,20030927,   104,  1,  21,   193, -1,  12
731850,20030927,   107, -1,  24,   226,  1,  13
731850,20030927,   109, -1,  37,    55,  1,  13
731850,20030927,   110,  1,  31,    93, -1,  26
731850,20030927,   112,  1,  38,    13, -1,  16
731850,20030927,   114,  1,  42,    34, -1,  37
731850,20030927,   115,  1,  31,    85, -1,  17
731850,20030927,   116,  1,  20,    88, -1,  10
731850,20030927,   117, -1,  20,   156,  1,  14
731850,20030927,   122, -1,  20,   190,  1,  14
731850,20030927,   123,  1,  41,    81, -1,  28
731850,20030927,   125,  1,  34,    50, -1,  17
731850,20030927,   135,  1,  12,   180, -1,   9
731850,20030927,   136,  1,  42,    45, -1,  17
731850,20030927,   137,  1,  24,   138, -1,  17
731850,20030927,   139,  1,  64,   207, -1,   5
731850,20030927,   132, -1,  29,    58,  1,  14
731850,20030927,   133,  1,  47,   141, -1,  34
731850,20030927,   142,  1,  44,   102, -1,  23
731850,20030927,   144,  1,  24,    29, -1,   7
731850,20030927,   130,  1,  24,    89, -1,  16
731850,20030927,   145,  1,  43,   147, -1,  10
731850,20030927,   150,  1,  20,   146, -1,   0
731850,20030927,   154,  1,  45,    10, -1,  17
731850,20030927,   155, -1,  31,   100,  1,  24
731850,20030927,   157, -1,  37,   198,  1,  26
731850,20030927,   161,  1,  23,   148, -1,  10
731850,20030927,   162, -1,  17,   164,  1,  13
731850,20030927,   165,  1,  36,   186, -1,   6
731850,20030927,   166,  1,  48,   131, -1,  27
731850,20030927,   171,  1,  41,   177, -1,  31
731850,20030927,   172,  1,  46,    78, -1,  45
731850,20030927,   182, -1,  28,    14,  1,   0
731850,20030927,   184,  1,  35,     5, -1,  10
731850,20030927,   178,  1,  60,     7, -1,   7
731850,20030927,   191,  1,  34,   202, -1,   7
731850,20030927,   194,  1,  23,   181, -1,  20
731850,20030927,   195,  1,  41,   201, -1,  10
731850,20030927,   196,  1,  49,   129, -1,  24
731850,20030927,   197,  1,  63,   205, -1,  18
731850,20030927,   192, -1,  13,     9,  1,  10
731850,20030927,   199,  1,  38,   176, -1,  17
731850,20030927,   200, -1,  49,   118,  1,  45
731850,20030927,   216,  1,  59,   170, -1,  14
731850,20030927,   204,  1,  33,   108, -1,  24
731850,20030927,   210,  1,  20,   173, -1,  10
731850,20030927,   214, -1,  28,    40,  1,  21
731850,20030927,   215,  1,  28,   211, -1,  10
731850,20030927,   219,  1,  28,   143, -1,   7
731850,20030927,   220,  1,  27,   227, -1,  24
731850,20030927,   222,  1,  42,    70, -1,  14
731850,20030927,   221,  1,  47,    42, -1,  13
731850,20030927,   228,  1,  28,   189, -1,  17
731850,20030927,   229, -1,  55,   153,  1,  16
731850,20030927,   230, -1,  35,    56,  1,  23
731850,20030927,   223, -1,  28,    59,  1,  21
731850,20030927,   225, -1,  39,   149,  1,  32
731850,20030927,   233, -1,  38,    83,  1,  20
731850,20030927,   237,  1,  21,    43, -1,   7
731850,20030927,   238, -1,  34,   101,  1,   3
731853,20030930,    79, -1,  27,    57,  1,  13
731855,20031002,   113,  1,  22,   231, -1,  20
731856,20031003,   214,  1,  17,   153, -1,  13
731857,20031004,     4,  1,  63,   207, -1,   0
731857,20031004,   208, -1,  24,   112,  1,  10
731857,20031004,     6,  1,  64,   188, -1,   9
731857,20031004,     8,  1,  21,    59, -1,   7
731857,20031004,    13,  1,  44,   211, -1,  41
731857,20031004,    15,  1,  28,   194, -1,  21
731857,20031004,    16,  1,  28,    26, -1,   7
731857,20031004,    17, -1,  34,    96,  1,  17
731857,20031004,    18,  1,  42,    39, -1,  30
731857,20031004,    20, -1,  43,   103,  1,  37
731857,20031004,    22,  1,  23,    28, -1,   3
731857,20031004,    27, -1,  44,   173,  1,  36
731857,20031004,    24, -1,  31,    65,  1,  10
731857,20031004,   209,  1,  19,    25, -1,  10
731857,20031004,    35,  1,  31,    58, -1,   7
731857,20031004,    38, -1,  27,    43,  1,  24
731857,20031004,    40,  1,  34,    66, -1,  10
731857,20031004,    41, -1,  33,   160,  1,  27
731857,20031004,    42,  1,  35,   100, -1,  17
731857,20031004,    47, -1,  32,    46,  1,  25
731857,20031004,    48,  1,  41,   232, -1,  27
731857,20031004,    50,  1,  40,    91, -1,  34
731857,20031004,    52,  1,  36,   179, -1,  14
731857,20031004,    54,  1,  13,   171, -1,  10
731857,20031004,    62,  0,  28,    90,  0,  14
731857,20031004,    60,  1,  27,   199, -1,  14
731857,20031004,    67, -1,  19,   223,  1,  13
731857,20031004,    69, -1,  38,    37,  1,  17
731857,20031004,    70, -1,  17,    99,  1,  10
731857,20031004,    71,  1,  37,     3, -1,  23
731857,20031004,    68,  1,  37,    63, -1,  35
731857,20031004,    72,  1,  29,   133, -1,  21
731857,20031004,    73,  0,  65,   159,  0,   7
731857,20031004,    74,  1,  41,    49, -1,   9
731857,20031004,    75,  1,  28,   143, -1,  20
731857,20031004,    81, -1,  35,   138,  1,  31
731857,20031004,    82,  1,  55,    56, -1,  52
731857,20031004,    88,  1,  30,   115, -1,  27
731857,20031004,   101,  1,  31,   222, -1,  28
731857,20031004,   106,  1,  20,   164, -1,  10
731857,20031004,   109,  1,  21,    36, -1,   7
731857,20031004,   110,  1,  44,   136, -1,  30
731857,20031004,   111, -1,  58,   176,  1,  20
731857,20031004,   114,  1,  45,     2, -1,  20
731857,20031004,   116,  1,  31,    85, -1,   3
731857,20031004,   117, -1,  42,   146,  1,  17
731857,20031004,   118, -1,  20,    61,  1,  17
731857,20031004,   119,  1,  30,   218, -1,  21
731857,20031004,   122,  1,  30,    87, -1,   7
731857,20031004,   123,  1,  17,    29, -1,  14
731857,20031004,   124, -1,  40,   187,  1,   0
731857,20031004,   125, -1,  32,   217,  1,  26
731857,20031004,   126, -1,  31,    19,  1,  24
731857,20031004,   129,  1,  23,    92, -1,  17
731857,20031004,   131,  0,  28,     1,  0,  25
731857,20031004,   134,  1,  30,   204, -1,   0
731857,20031004,   212, -1,  16,   135,  1,  12
731857,20031004,   137,  1,  34,   215, -1,   7
731857,20031004,   132, -1,  34,   140,  1,  14
731857,20031004,   144, -1,  48,   230,  1,  29
731857,20031004,   130,  1,  30,   149, -1,  23
731857,20031004,   145, -1,  16,    84,  1,   7
731857,20031004,   151, -1,  53,    89,  1,   7
731857,20031004,   152,  1,  56,   102, -1,   3
731857,20031004,   154, -1,  35,    30,  1,  21
731857,20031004,   155, -1,  33,    45,  1,  20
731857,20031004,   158, -1,  21,   178,  1,  13
731857,20031004,   161,  1,  43,    83, -1,  10
731857,20031004,   162, -1,  27,    23,  1,   9
731857,20031004,   163,  1,  28,   174, -1,  24
731857,20031004,   165,  1,  23,   190, -1,  20
731857,20031004,   169,  1,  56,   107, -1,  28
731857,20031004,   182,  1,  31,   104, -1,  28
731857,20031004,   177,  1,  30,    53, -1,  17
731857,20031004,   213, -1,  37,    10,  1,  17
731857,20031004,   168, -1,  37,    86,  1,  14
731857,20031004,   183, -1,  22,    34,  1,  20
731857,20031004,   184,  1,  53,    11, -1,   7
731857,20031004,   186, -1,  33,    98,  1,  27
731857,20031004,   193, -1,  44,   128,  1,  36
731857,20031004,   201,  1,  30,   196, -1,  23
731857,20031004,   197,  1,  24,    95, -1,  20
731857,20031004,   192,  1,  27,    14, -1,   0
731857,20031004,   200,  1,  59,   198, -1,  28
731857,20031004,   216, -1,  21,   180,  1,  19
731857,20031004,   206,  1,  27,    76, -1,  16
731857,20031004,   210,  1,  46,   228, -1,  16
731857,20031004,   219,  1,  38,    93, -1,  14
731857,20031004,   220, -1,  38,   141,  1,  13
731857,20031004,   221, -1,  48,   166,  1,  22
731857,20031004,   226,  1,  39,    31, -1,  16
731857,20031004,   229,  1,  30,     9, -1,   7
731857,20031004,   224,  1,  33,   234, -1,  28
731857,20031004,   225, -1,  31,    55,  1,   3
731857,20031004,   233, -1,  30,   156,  1,  23
731857,20031004,   235, -1,  42,    33,  1,  14
731857,20031004,   237, -1,  41,    78,  1,  16
731857,20031004,   238,  1,  34,   121, -1,   7
731862,20031009,    40, -1,  58,    27,  1,  13
731862,20031009,   181,  1,  27,    97, -1,  21
731862,20031009,   178, -1,  35,    63,  1,  13
731863,20031010,   115, -1,  38,   117,  1,  35
731863,20031010,   192, -1,  13,   182,  1,  10
731864,20031011,     1,  1,  24,   212, -1,   7
731864,20031011,     2,  1,  45,    29, -1,  14
731864,20031011,     3,  1,  17,   183, -1,   3
731864,20031011,   208,  1,  31,    34, -1,  14
731864,20031011,     5,  1,  27,    90, -1,  20
731864,20031011,     6, -1,  44,   186,  1,  21
731864,20031011,     7,  1,  66,   159, -1,   0
731864,20031011,     8, -1,  13,    67,  1,  10
731864,20031011,    10,  1,  59,   153, -1,  14
731864,20031011,    15, -1,  10,    12,  1,   3
731864,20031011,    19, -1,  27,    49,  1,  13
731864,20031011,    20,  1,  27,   206, -1,  20
731864,20031011,    21, -1,  38,   193,  1,  13
731864,20031011,    22, -1,  32,   225,  1,  21
731864,20031011,    36,  1,  30,   220, -1,  27
731864,20031011,    38, -1,  30,   160,  1,   3
731864,20031011,    39,  1,  50,    94, -1,  47
731864,20031011,    46, -1,  37,    91,  1,  29
731864,20031011,    48, -1,  22,   136,  1,  21
731864,20031011,    52, -1,  42,    87,  1,  29
731864,20031011,    54, -1,  41,    53,  1,   0
731864,20031011,    56,  1,  42,   158, -1,  16
731864,20031011,    61, -1,  19,   105,  1,   7
731864,20031011,    60,  1,  31,   139, -1,  23
731864,20031011,    65, -1,  24,    23,  1,  21
731864,20031011,    69,  1,  27,   101, -1,  17
731864,20031011,    70,  1,  49,   190, -1,  21
731864,20031011,    71, -1,  41,   194,  1,  14
731864,20031011,    68,  1,  31,   223, -1,  25
731864,20031011,    72, -1,  24,   227,  1,   7
731864,20031011,    73,  1,  45,   127, -1,   6
731864,20031011,    75, -1,  27,    43,  1,   0
731864,20031011,    76,  1,  55,    66, -1,  28
731864,20031011,    77,  1,  24,   143, -1,  14
731864,20031011,    79, -1,  45,   205,  1,  42
731864,20031011,    80,  1,  16,    62, -1,  14
731864,20031011,    82, -1,  23,   124,  1,  17
731864,20031011,    92,  1,  34,   201, -1,  24
731864,20031011,    93,  1,  34,   164, -1,  14
731864,20031011,    98, -1,  33,   107,  1,  31
731864,20031011,    99,  1,  41,    41, -1,  27
731864,20031011,   100,  1,  35,   187, -1,   7
731864,20031011,   211, -1,  45,   102,  1,  42
731864,20031011,   103, -1,  38,   216,  1,  35
731864,20031011,   104,  1,  34,    14, -1,  10
731864,20031011,   108,  1,  49,    96, -1,  33
731864,20031011,   109,  1,  33,    51, -1,  20
731864,20031011,   110, -1,  24,   232,  1,  14
731864,20031011,   113, -1,  22,    64,  1,  14
731864,20031011,   114,  1,  59,    25, -1,   3
731864,20031011,   116, -1,  49,    83,  1,  14
731864,20031011,   128,  1,  35,   138, -1,  18
731864,20031011,   118,  1,  55,    13, -1,   0
731864,20031011,   119,  1,  35,   112, -1,  27
731864,20031011,   120,  1,  41,   134, -1,  24
731864,20031011,   122,  1,  24,   226, -1,   0
731864,20031011,   123,  1,  12,   230, -1,   7
731864,20031011,   125,  1,  49,    16, -1,   0
731864,20031011,   131, -1,  37,   218,  1,  27
731864,20031011,   135, -1,  28,   228,  1,  17
731864,20031011,   141, -1,  28,    57,  1,  17
731864,20031011,   132, -1,  28,   126,  1,  21
731864,20031011,   133,  1,  31,    42, -1,  24
731864,20031011,   142, -1,  24,    81,  1,  14
731864,20031011,   144, -1,  24,    44,  1,  21
731864,20031011,   130, -1,  40,    28,  1,  24
731864,20031011,   145,  1,  22,    86, -1,  14
731864,20031011,   146, -1,  37,    85,  1,  31
731864,20031011,   147,  1,  87,   176, -1,  27
731864,20031011,   148, -1,  20,   157,  1,  14
731864,20031011,   149,  1,  28,   209, -1,   0
731864,20031011,   151,  0,  65,   197,  0,  13
731864,20031011,   152,  1,  38,    95, -1,  34
731864,20031011,   155,  1,  14,    24, -1,  13
731864,20031011,   161,  1,  28,   156, -1,  14
731864,20031011,   165, -1,  27,    31,  1,  17
731864,20031011,   169, -1,  41,   179,  1,  14
731864,20031011,   171,  1,  35,   129, -1,   6
731864,20031011,   172,  1,  41,    50, -1,  35
731864,20031011,   174,  1,  31,   180, -1,  14
731864,20031011,   167,  1,  34,   140, -1,  15
731864,20031011,   213,  1,  44,   189, -1,  21
731864,20031011,   168,  1,  45,    84, -1,  17
731864,20031011,   184,  1,  55,     4, -1,  25
731864,20031011,   185,  1,  31,   199, -1,  28
731864,20031011,   195, -1,  27,   196,  1,  23
731864,20031011,   198,  1,  73,    18, -1,  10
731864,20031011,   207, -1,   7,    11,  1,   6
731864,20031011,   200,  1,  52,    89, -1,  21
731864,20031011,   202,  1,  49,    55, -1,  14
731864,20031011,   203,  1,  30,    78, -1,  13
731864,20031011,   210, -1,  24,     9,  1,  21
731864,20031011,   214,  1,  27,   173, -1,   6
731864,20031011,   217, -1,  33,    47,  1,  28
731864,20031011,   219, -1,  21,   162,  1,  17
731864,20031011,   222,  1,  50,    32, -1,   7
731864,20031011,   221,  1,  51,   191, -1,   7
731864,20031011,   231,  1,  34,   166, -1,  19
731864,20031011,   224, -1,  54,   238,  1,  20
731864,20031011,   234,  1,   9,   121, -1,   6
731864,20031011,   233,  1,  17,   150, -1,  10
731864,20031011,   235,  1,  45,    58, -1,   7
731864,20031011,   236, -1,  48,   215,  1,  21
731864,20031011,   237,  1,  40,    45, -1,  17
731869,20031016,    40,  1,  30,     1, -1,  20
731869,20031016,   102,  1,  26,   138, -1,  24
731869,20031016,   133,  1,  17,    36, -1,  15
731869,20031016,   178, -1,  34,   170,  1,  31
731870,20031017,   104,  1,  47,   205, -1,  28
731871,20031018,     2,  1,  38,   209, -1,  24
731871,20031018,     4,  0,  41,   175,  0,   0
731871,20031018,     5,  1,  59,   159, -1,   7
731871,20031018,     8,  1,  28,    68, -1,  21
731871,20031018,    10, -1,  33,   141,  1,  31
731871,20031018,    15,  1,  45,   119, -1,  13
731871,20031018,    19,  1,  31,   167, -1,  28
731871,20031018,    20, -1,  45,   180,  1,   3
731871,20031018,    22, -1,  33,    55,  1,  20
731871,20031018,    24,  1,  14,   203, -1,  10
731871,20031018,    29,  1,  54,   187, -1,  10
731871,20031018,    35,  1,  10,    67, -1,   9
731871,20031018,    38,  1,  52,   237, -1,  40
731871,20031018,    42, -1,  34,    96,  1,  31
731871,20031018,    45, -1,  24,    78,  1,  20
731871,20031018,    48,  1,  55,   162, -1,  10
731871,20031018,    50,  1,  24,    26, -1,   7
731871,20031018,    52,  1,  39,   188, -1,   7
731871,20031018,    57, -1,  38,    14,  1,  32
731871,20031018,    59,  1,  33,   101, -1,  23
731871,20031018,    53, -1,  27,   129,  1,  17
731871,20031018,    61, -1,  33,    12,  1,  28
731871,20031018,    64, -1,  19,   220,  1,  14
731871,20031018,    69, -1,  37,   222,  1,  25
731871,20031018,    70, -1,  42,    43,  1,  20
731871,20031018,    71, -1,  27,   218,  1,   8
731871,20031018,    73, -1,  41,    11,  1,  16
731871,20031018,    74, -1,  52,   140,  1,   0
731871,20031018,    75,  1,  34,    99, -1,  27
731871,20031018,    76, -1,  44,   103,  1,  41
731871,20031018,    82,  1,  43,   123, -1,  40
731871,20031018,    87,  1,  38,   107, -1,  21
731871,20031018,    91, -1,  30,    16,  1,   0
731871,20031018,    92, -1,  34,   195,  1,   7
731871,20031018,    93, -1,  24,   232,  1,  17
731871,20031018,    94,  1,  28,    18, -1,  21
731871,20031018,    95,  1,  49,    39, -1,  20
731871,20031018,    97,  1,  35,   149, -1,  14
731871,20031018,   105, -1,  33,   181,  1,   7
731871,20031018,   108, -1,  26,    25,  1,  16
731871,20031018,   110,  1,  27,    77, -1,  22
731871,20031018,   111, -1,  33,   185,  1,  20
731871,20031018,   112, -1,  45,    79,  1,  14
731871,20031018,   113,  1,  52,   193, -1,  14
731871,20031018,   114, -1,  49,    17,  1,   3
731871,20031018,   115,  1,  56,    83, -1,  14
731871,20031018,   116, -1,  44,   117,  1,  38
731871,20031018,   128, -1,  28,    81,  1,  21
731871,20031018,   118,  1,  43,     3, -1,  28
731871,20031018,   122,  1,  10,     6, -1,   7
731871,20031018,   124, -1,  26,   230,  1,   3
731871,20031018,   125,  1,  35,    46, -1,  10
731871,20031018,   126,  1,  33,    80, -1,  12
731871,20031018,   131, -1,  38,   163,  1,   6
731871,20031018,   134,  1,  48,   198, -1,  12
731871,20031018,   135, -1,  28,   206,  1,  21
731871,20031018,   137, -1,  30,   173,  1,   7
731871,20031018,   132,  1,  22,    62, -1,  16
731871,20031018,   142,  1,  37,   215, -1,  27
731871,20031018,   143,  1,  20,   106, -1,  14
731871,20031018,   144,  1,  54,    56, -1,  31
731871,20031018,   130,  1,  37,   225, -1,  10
731871,20031018,   145, -1,  26,   121,  1,  20
731871,20031018,   147, -1,  49,   199,  1,  19
731871,20031018,   150,  1,  19,    88, -1,  10
731871,20031018,   151,  1,  34,   120, -1,  13
731871,20031018,   152,  1,  51,   200, -1,  49
731871,20031018,   155, -1,  31,    41,  1,   7
731871,20031018,   157, -1,  42,   166,  1,  32
731871,20031018,   158,  1,  20,    44, -1,   7
731871,20031018,   160, -1,  34,    23,  1,  14
731871,20031018,   161, -1,  26,   233,  1,  23
731871,20031018,   164,  1,  35,   136, -1,  23
731871,20031018,   169, -1,  24,   165,  1,  20
731871,20031018,   171, -1,  57,   201,  1,  22
731871,20031018,   182,  1,  55,    32, -1,   7
731871,20031018,   177, -1,  41,    54,  1,  38
731871,20031018,   213, -1,  45,   148,  1,  14
731871,20031018,   168, -1,  37,   224,  1,  32
731871,20031018,   184, -1,  30,    90,  1,  20
731871,20031018,   190,  1,  49,   186, -1,  14
731871,20031018,   191,  1,  39,    21, -1,  14
731871,20031018,    33, -1,  24,    58,  1,   7
731871,20031018,   197, -1,  40,    89,  1,  19
731871,20031018,   192,  1,  27,   208, -1,  24
731871,20031018,   207,  1,  23,     7, -1,  20
731871,20031018,   202, -1,  31,    28,  1,  13
731871,20031018,   204,  1,  21,    63, -1,  10
731871,20031018,   210,  1,  23,    30, -1,  20
731871,20031018,   214, -1,  28,   212,  1,  10
731871,20031018,   217,  1,  41,   172, -1,  34
731871,20031018,   226, -1,  34,   179,  1,   6
731871,20031018,   227, -1,  42,    51,  1,  13
731871,20031018,   228, -1,  38,   154,  1,  17
731871,20031018,   229, -1,  24,   189,  1,  14
731871,20031018,   234, -1,  27,    84,  1,  24
731871,20031018,   235, -1,  38,   223,  1,   6
731871,20031018,   236,  1,  13,    27, -1,  10
731871,20031018,   238, -1,  30,    86,  1,  24
731875,20031022,   231,  1,  28,   221, -1,   7
731876,20031023,    72,  1,   7,   109, -1,   3
731878,20031025,     4,  0,  20,     5,  0,  17
731878,20031025,     6,  1,  40,   190, -1,   7
731878,20031025,     7, -1,  36,   184,  1,  34
731878,20031025,    16, -1,  31,    46,  1,  21
731878,20031025,    17,  1,  38,   202, -1,  14
731878,20031025,    20,  1,  77,   174, -1,  14
731878,20031025,    21,  1,  27,   148, -1,  25
731878,20031025,    22,  1,  34,   130, -1,  18
731878,20031025,    27, -1,  27,   212,  1,  20
731878,20031025,    23, -1,  21,    43,  1,   7
731878,20031025,    25,  1,  26,   149, -1,  17
731878,20031025,    30,  1,  42,     9, -1,  14
731878,20031025,    31, -1,  35,   186,  1,  28
731878,20031025,   209,  1,  31,    28, -1,  13
731878,20031025,    34,  1,  33,    14, -1,  29
731878,20031025,    35, -1,  28,    68,  1,  24
731878,20031025,    36,  1,  36,   141, -1,  28
731878,20031025,    37, -1,  29,   175,  1,  19
731878,20031025,    38,  1,  50,    24, -1,   6
731878,20031025,    42,  1,  38,     2, -1,  37
731878,20031025,    45,  1,  26,    41, -1,  21
731878,20031025,    47, -1,  40,    26,  1,   0
731878,20031025,    48, -1,  21,   131,  1,  17
731878,20031025,    53,  1,  29,   201, -1,  12
731878,20031025,    56, -1,  38,    44,  1,  21
731878,20031025,    62,  1,  60,   140, -1,  10
731878,20031025,    63,  1,  34,    78, -1,  23
731878,20031025,    64,  1,  48,   227, -1,  24
731878,20031025,    65, -1,  32,    99,  1,  30
731878,20031025,    66,  1,  31,   163, -1,  28
731878,20031025,    67,  1,  30,    59, -1,  10
731878,20031025,    71,  1,  16,   208, -1,  13
731878,20031025,    73, -1,  24,    90,  1,  17
731878,20031025,    74,  1,  32,   167, -1,  12
731878,20031025,    75,  1,  43,   160, -1,  40
731878,20031025,    76,  1,  31,   216, -1,  15
731878,20031025,    84, -1,  35,   238,  1,  25
731878,20031025,    87,  1,  38,   169, -1,  31
731878,20031025,    88,  1,  26,   156, -1,  14
731878,20031025,    92,  1,  37,   196, -1,  20
731878,20031025,    95,  1,  42,    94, -1,   6
731878,20031025,    97,  1,  42,   119, -1,  17
731878,20031025,   100, -1,  45,    70,  1,  24
731878,20031025,   102,  1,  31,    81, -1,  20
731878,20031025,   105,  1,  31,    15, -1,   7
731878,20031025,   103, -1,  42,   135,  1,  34
731878,20031025,   104, -1,  36,    57,  1,  20
731878,20031025,   106,  1,  20,    93, -1,  13
731878,20031025,   108, -1,  41,   225,  1,  21
731878,20031025,   110, -1,  19,   219,  1,  14
731878,20031025,   111,  1,  56,   170, -1,  37
731878,20031025,   112, -1,  41,   205,  1,   9
731878,20031025,   114, -1,  38,    96,  1,  30
731878,20031025,   115,  1,  31,   161, -1,   3
731878,20031025,   117, -1,  36,    83,  1,  10
731878,20031025,   118,  1,  19,    12, -1,   7
731878,20031025,   120,  1,  62,   200, -1,  31
731878,20031025,   122, -1,  50,    98,  1,   0
731878,20031025,   123,  1,  42,   158, -1,  14
731878,20031025,   124,  1,  21,   144, -1,  17
731878,20031025,   125, -1,  20,    91,  1,  16
731878,20031025,   126, -1,  53,    49,  1,  36
731878,20031025,   129, -1,  27,   177,  1,  24
731878,20031025,   134,  1,  28,    89, -1,   0
731878,20031025,   136, -1,  38,    77,  1,  17
731878,20031025,   137, -1,  47,   214,  1,  35
731878,20031025,   138, -1,  21,   211,  1,  14
731878,20031025,   139, -1,  40,   147,  1,  30
731878,20031025,   132,  1,  27,    80, -1,   7
731878,20031025,   133, -1,  28,    51,  1,  21
731878,20031025,   142, -1,  33,   128,  1,  28
731878,20031025,   145, -1,  38,   224,  1,  30
731878,20031025,   146,  1,  16,   233, -1,   7
731878,20031025,   150, -1,  35,    85,  1,   6
731878,20031025,   151, -1,  34,    39,  1,  20
731878,20031025,   152, -1,  38,   198,  1,  10
731878,20031025,   153,  1,  35,   189, -1,   0
731878,20031025,   155,  1,  34,   237, -1,  31
731878,20031025,   157,  1,  34,   191, -1,  14
731878,20031025,   164,  1,  35,   222, -1,  25
731878,20031025,   165,  1,  31,   226, -1,  28
731878,20031025,   166, -1,  30,   193,  1,  14
731878,20031025,   172,  1,  47,   107, -1,   0
731878,20031025,   173,  1,  25,   236, -1,  20
731878,20031025,   181,  1,  35,   218, -1,  24
731878,20031025,   213, -1,  43,   228,  1,  23
731878,20031025,   168,  1,  20,   121, -1,   6
731878,20031025,   183,  1,  27,   182, -1,   6
731878,20031025,   187,  1,  33,   176, -1,  27
731878,20031025,   188, -1,  20,   179,  1,  16
731878,20031025,   178,  1,  44,   199, -1,  27
731878,20031025,   194, -1,  51,     3,  1,  43
731878,20031025,    33,  1,  38,   223, -1,   0
731878,20031025,   195, -1,  29,   171,  1,  24
731878,20031025,   197, -1,  56,    18,  1,   0
731878,20031025,   192, -1,  62,    79,  1,  55
731878,20031025,   207, -1,  30,   127,  1,  17
731878,20031025,   203,  1,  24,    58, -1,   7
731878,20031025,   206,  1,  35,   180, -1,  16
731878,20031025,   210,  1,  20,    10, -1,  13
731878,20031025,   215,  1,  49,    13, -1,   0
731878,20031025,   217,  1,  51,    50, -1,  45
731878,20031025,   220,  1,  24,   204, -1,   0
731878,20031025,   229,  1,  36,   154, -1,  30
731878,20031025,   230,  1,  38,    82, -1,  21
731878,20031025,   234, -1,  59,    86,  1,  14
731878,20031025,   232, -1,  37,   162,  1,  24
731878,20031025,   235,  1,  24,     8, -1,  14
731883,20031030,    20, -1,  50,    27,  1,  12
731883,20031030,    63,  1,  55,    91, -1,  12
731883,20031030,   111, -1,  38,   199,  1,  28
731883,20031030,   142,  1,  21,   204, -1,   0
731884,20031031,   182,  1,  24,    34, -1,  17
731885,20031101,   208,  1,  24,    14, -1,   9
731885,20031101,     6, -1,  28,   226,  1,   7
731885,20031101,     7,  1,  27,   176, -1,  24
731885,20031101,     8,  1,  47,    33, -1,   7
731885,20031101,    11, -1,  16,    90,  1,  14
731885,20031101,    12, -1,  71,    97,  1,  63
731885,20031101,    13, -1,  28,   138,  1,  24
731885,20031101,    15,  1,  73,   211, -1,   7
731885,20031101,    24,  1,  53,    78, -1,  31
731885,20031101,    29,  1,  33,   185, -1,  21
731885,20031101,    30, -1,  51,    10,  1,  23
731885,20031101,    31,  1,  14,   122, -1,  10
731885,20031101,    28,  1,  38,    55, -1,  10
731885,20031101,    38, -1,  47,    99,  1,  31
731885,20031101,    42,  1,  41,   225, -1,  27
731885,20031101,    45, -1,  30,    75,  1,  16
731885,20031101,    47, -1,  31,    50,  1,  15
731885,20031101,    48,  1,  24,   106, -1,  21
731885,20031101,    54, -1,  38,   129,  1,  20
731885,20031101,    61,  0,  16,    71,  0,  13
731885,20031101,    62, -1,  34,    74,  1,  23
731885,20031101,    60,  1,  31,    69, -1,  26
731885,20031101,    64, -1,  37,   148,  1,   0
731885,20031101,    65,  1,  34,    70, -1,  10
731885,20031101,    66, -1,  20,   180,  1,  11
731885,20031101,    68, -1,  34,    59,  1,  22
731885,20031101,    73,  1,  48,   207, -1,  15
731885,20031101,    76, -1,  13,   174,  1,  10
731885,20031101,    80, -1,  42,   140,  1,  28
731885,20031101,    82,  1,  30,   158, -1,  20
731885,20031101,    87, -1,  26,    98,  1,  20
731885,20031101,    88,  1,  41,    83, -1,  10
731885,20031101,    93,  1,  39,   162, -1,  27
731885,20031101,    95,  1,  38,    18, -1,  10
731885,20031101,   100,  1,  35,   203, -1,   3
731885,20031101,   101, -1,  17,    32,  1,   6
731885,20031101,   105,  1,  49,   103, -1,  10
731885,20031101,   108,  1,  42,     2, -1,  24
731885,20031101,   109,  1,  59,   141, -1,  21
731885,20031101,   110,  1,  28,   143, -1,  24
731885,20031101,   112,  1,  41,    57, -1,  24
731885,20031101,   115, -1,  27,   116,  1,  20
731885,20031101,   117,  1,  55,    85, -1,   7
731885,20031101,   118,  1,  43,   181, -1,  40
731885,20031101,   127, -1,  40,   159,  1,   3
731885,20031101,   123, -1,  59,   144,  1,  21
731885,20031101,   124,  1,  56,    44, -1,   7
731885,20031101,   125,  1,  15,    52, -1,  10
731885,20031101,   126, -1,  45,   175,  1,  14
731885,20031101,   131,  1,  35,   205, -1,  17
731885,20031101,   212, -1,  37,   137,  1,  35
731885,20031101,   139,  1,  37,   170, -1,  12
731885,20031101,   132, -1,  13,    19,  1,   7
731885,20031101,   133,  1,  51,   220, -1,  37
731885,20031101,   130,  1,  48,    17, -1,  23
731885,20031101,   145,  1,  47,   238, -1,   9
731885,20031101,   150, -1,  21,   156,  1,  20
731885,20031101,   151,  1,  52,   152, -1,   9
731885,20031101,   154,  1,  52,     9, -1,  23
731885,20031101,   155, -1,  24,    23,  1,  21
731885,20031101,   157, -1,  24,    21,  1,  13
731885,20031101,   160,  1,  28,    43, -1,   6
731885,20031101,   161,  1,  34,   146, -1,  14
731885,20031101,   163,  1,  52,   135, -1,  42
731885,20031101,   171, -1,  42,   196,  1,  24
731885,20031101,   172,  1,  53,    26, -1,   7
731885,20031101,   167,  1,  36,    49, -1,  13
731885,20031101,   177, -1,  20,   201,  1,   7
731885,20031101,   213,  1,  43,   229, -1,  16
731885,20031101,   168, -1,  28,   234,  1,  24
731885,20031101,   183,  1,  48,   102, -1,   3
731885,20031101,   121,  1,  45,    86, -1,  10
731885,20031101,   189,  1,  21,   210, -1,  14
731885,20031101,   190, -1,  47,   169,  1,  16
731885,20031101,   194,  1,  23,    51, -1,   6
731885,20031101,   195,  1,  24,    53, -1,  14
731885,20031101,   197,  1,  31,   134, -1,   7
731885,20031101,   198,  1,  45,    94, -1,  33
731885,20031101,   200,  1,  26,    39, -1,  21
731885,20031101,   202,  1,  56,    25, -1,  29
731885,20031101,   206, -1,  56,   216,  1,  28
731885,20031101,   214, -1,  45,     1,  1,  43
731885,20031101,   215,  1,  41,   128, -1,  20
731885,20031101,   219, -1,  42,   164,  1,  13
731885,20031101,   222, -1,  19,    37,  1,  10
731885,20031101,   221,  1,  31,   113, -1,   7
731885,20031101,   227,  1,  45,    36, -1,  17
731885,20031101,   228,  1,  42,   153, -1,  10
731885,20031101,   231,  1,  36,   209, -1,  18
731885,20031101,   223,  1,  26,    58, -1,   3
731885,20031101,   224, -1,  24,    84,  1,  20
731885,20031101,   232,  1,  23,    77, -1,   9
731885,20031101,   235, -1,  42,    35,  1,  16
731885,20031101,   236,  1,  35,    40, -1,  28
731885,20031101,   237, -1,  29,    41,  1,  14
731888,20031104,   114,  1,  33,    22, -1,  10
731889,20031105,   192,  1,  31,   104, -1,  28
731890,20031106,    12,  0,  28,   181,  0,   6
731890,20031106,    87, -1,  23,   188,  1,   7
731890,20031106,   138,  1,  26,   215, -1,  21
731890,20031106,   139,  1,  31,   199, -1,  13
731891,20031107,   137,  1,  37,    40, -1,  34
731892,20031108,     1,  1,  31,    14, -1,   3
731892,20031108,     2, -1,  40,    28,  1,  28
731892,20031108,     3, -1,  38,   119,  1,   0
731892,20031108,     4,  1,  49,    90, -1,  14
731892,20031108,     6,  1,  27,   165, -1,   7
731892,20031108,     7,  1,  23,   127, -1,   7
731892,20031108,     8, -1,  34,    58,  1,  12
731892,20031108,     9,  1,  27,   228, -1,  22
731892,20031108,    11,  0,  43,   159,  0,   7
731892,20031108,    13,  1,  24,    81, -1,  23
731892,20031108,    19,  1,  30,    74, -1,  27
731892,20031108,    23, -1,  55,   237,  1,  44
731892,20031108,    26,  1,  25,   217, -1,  21
731892,20031108,    34,  1,  31,   162, -1,  24
731892,20031108,    36,  1,  26,    64, -1,  10
731892,20031108,    37, -1,  52,    46,  1,  27
731892,20031108,    38,  1,  17,   100, -1,  10
731892,20031108,    39,  1,  21,   120, -1,  16
731892,20031108,    41,  1,  16,    75, -1,  13
731892,20031108,    42,  1,  38,   166, -1,  31
731892,20031108,    45,  1,  26,    43, -1,  17
731892,20031108,    50,  1,  20,   187, -1,  13
731892,20031108,    51,  1,  41,    72, -1,  17
731892,20031108,    52, -1,  31,   107,  1,   6
731892,20031108,    53,  1,  37,   196, -1,  10
731892,20031108,    54,  1,  41,   201, -1,  32
731892,20031108,    55,  1,  19,   209, -1,  13
731892,20031108,    56,  0,  34,   124,  0,  25
731892,20031108,    61,  1,  35,   218, -1,  17
731892,20031108,    65,  1,  49,    78, -1,  28
731892,20031108,    66, -1,  27,   135,  1,  10
731892,20031108,    69,  1,  46,    32, -1,   0
731892,20031108,    68,  1,  29,    67, -1,  24
731892,20031108,    73, -1,  37,     5,  1,  34
731892,20031108,    77,  1,  34,   219, -1,  32
731892,20031108,    84, -1,  48,   121,  1,  43
731892,20031108,    85,  1,  17,    83, -1,  14
731892,20031108,    92, -1,  49,   171,  1,  32
731892,20031108,    95, -1,  45,    89,  1,   0
731892,20031108,    96, -1,  37,   149,  1,  33
731892,20031108,    98, -1,  34,   179,  1,   7
731892,20031108,    99,  1,  35,    24, -1,  17
731892,20031108,   101,  1,  69,   140, -1,  21
731892,20031108,   102,  1,  43,    63, -1,  10
731892,20031108,   103,  1,  41,   180, -1,   6
731892,20031108,   106, -1,  77,   126,  1,  24
731892,20031108,   110,  1,  30,   164, -1,  17
731892,20031108,   111,  1,  20,   178, -1,  17
731892,20031108,   128,  1,  27,   204, -1,  20
731892,20031108,   117,  1,  37,   233, -1,  34
731892,20031108,   118, -1,  24,    15,  1,  20
731892,20031108,   122, -1,  12,   169,  1,   7
731892,20031108,   123, -1,  26,    44,  1,   0
731892,20031108,   134, -1,  24,    94,  1,   3
731892,20031108,   136,  1,  20,    93, -1,  17
731892,20031108,   141,  1,  42,   227, -1,  34
731892,20031108,   132,  1,  33,    49, -1,   7
731892,20031108,   142, -1,  28,   211,  1,  26
731892,20031108,   143,  1,  24,    48, -1,  14
731892,20031108,   144,  1,  46,    82, -1,  31
731892,20031108,   130, -1,  40,    25,  1,   9
731892,20031108,   146,  1,  17,   156, -1,   7
731892,20031108,   148,  1,  27,   131, -1,  24
731892,20031108,   150,  1,  33,   116, -1,  23
731892,20031108,   151,  1,  77,   198, -1,   0
731892,20031108,   153,  1,  21,    30, -1,  17
731892,20031108,   155,  1,  37,   160, -1,   7
731892,20031108,   157,  1,  31,   221, -1,  28
731892,20031108,   161,  1,  27,    88, -1,  14
731892,20031108,   170,  1,  29,   147, -1,  24
731892,20031108,   172, -1,  41,    47,  1,  30
731892,20031108,   173, -1,   7,   212,  1,   0
731892,20031108,   174, -1,  69,   216,  1,  41
731892,20031108,   167, -1,  24,    80,  1,  14
731892,20031108,   182, -1,  38,    57,  1,  37
731892,20031108,   177,  1,  52,   195, -1,  35
731892,20031108,   176,  1,  43,    91, -1,  23
731892,20031108,   168,  1,  24,   238, -1,  17
731892,20031108,   183, -1,  31,    79,  1,  10
731892,20031108,   189,  1,  38,    10, -1,  27
731892,20031108,   190,  1,  36,    31, -1,  31
731892,20031108,   191,  1,  41,   193, -1,  17
731892,20031108,   194, -1,  10,   113,  1,   6
731892,20031108,    33,  1,  29,    35, -1,  20
731892,20031108,   197, -1,  55,   152,  1,  16
731892,20031108,   200, -1,  62,    18,  1,  14
731892,20031108,   203, -1,  27,    70,  1,   6
731892,20031108,   205, -1,  38,   208,  1,  24
731892,20031108,   206, -1,  31,   163,  1,  28
731892,20031108,   222,  1,  48,    16, -1,   7
731892,20031108,   226,  1,  21,   186, -1,   7
731892,20031108,   229,  1,  31,   210, -1,  13
731892,20031108,   230, -1,  45,   158,  1,  21
731892,20031108,   231, -1,  35,    21,  1,  28
731892,20031108,   224, -1,  34,    86,  1,  28
731892,20031108,   234,  1,  24,   145, -1,   3
731892,20031108,   225,  1,  28,    17, -1,  20
731892,20031108,   235,  1,  28,    59, -1,  14
731896,20031112,   114,  1,  45,   108, -1,   6
731897,20031113,   109,  1,  27,   220, -1,  17
731897,20031113,   129, -1,  41,   201,  1,  27
731899,20031115,     2,  1,  35,   149, -1,  28
731899,20031115,     5, -1,  55,   127,  1,  31
731899,20031115,     7,  1,  20,     4, -1,  15
731899,20031115,     8,  1,  26,   223, -1,  18
731899,20031115,    12,  1,  48,   138, -1,  20
731899,20031115,    19, -1,  21,    80,  1,   7
731899,20031115,    20,  1,  51,   216, -1,  21
731899,20031115,    21, -1,  35,   166,  1,  25
731899,20031115,    22,  1,  42,    96, -1,  33
731899,20031115,    23,  1,  26,    45, -1,  21
731899,20031115,    30,  1,  54,   228, -1,   7
731899,20031115,    35,  0,  27,   222,  0,  23
731899,20031115,    36,  1,  40,    51, -1,   7
731899,20031115,    38,  1,  14,    65, -1,   3
731899,20031115,    39, -1,  44,    89,  1,  10
731899,20031115,    40,  1,  21,   173, -1,   6
731899,20031115,    41, -1,  34,    43,  1,  21
731899,20031115,    42, -1,  51,   227,  1,  17
731899,20031115,    48,  1,  51,   110, -1,  45
731899,20031115,    49,  1,  36,   140, -1,  25
731899,20031115,    52,  1,  33,   165, -1,  28
731899,20031115,    59,  1,  68,    33, -1,   7
731899,20031115,    54, -1,  43,   195,  1,  38
731899,20031115,    55,  1,  38,    17, -1,  14
731899,20031115,    61, -1,  24,   181,  1,  22
731899,20031115,    60,  1,  51,   179, -1,   3
731899,20031115,    64,  1,  50,   133, -1,  44
731899,20031115,    66,  1,  41,   174, -1,   7
731899,20031115,    69,  1,  22,    63, -1,  19
731899,20031115,    70,  1,  30,    46, -1,  10
731899,20031115,    71,  1,  26,    15, -1,   7
731899,20031115,    68, -1,  37,    58,  1,  13
731899,20031115,    72,  1,  41,   141, -1,  24
731899,20031115,    73,  1,  33,   175, -1,  17
731899,20031115,    79, -1,  34,    14,  1,  14
731899,20031115,    81, -1,  58,   211,  1,  20
731899,20031115,    82, -1,  38,    29,  1,  31
731899,20031115,    84,  1,  38,    86, -1,   3
731899,20031115,    88,  1,  40,   117, -1,  22
731899,20031115,    92,  1,  36,    53, -1,  24
731899,20031115,    93,  1,  45,    32, -1,   7
731899,20031115,    95, -1,  38,   134,  1,   9
731899,20031115,    99, -1,  41,    78,  1,  13
731899,20031115,   100, -1,  45,    24,  1,   9
731899,20031115,   101,  1,  38,    37, -1,  21
731899,20031115,   102, -1,  57,   128,  1,  51
731899,20031115,   105, -1,  27,     3,  1,   3
731899,20031115,   106,  1,  14,   219, -1,  10
731899,20031115,   107,  1,  33,    31, -1,  29
731899,20031115,   111,  1,  13,   147, -1,   9
731899,20031115,   112, -1,  37,   104,  1,   7
731899,20031115,   113,  1,  17,   191, -1,  10
731899,20031115,   115, -1,  41,   146,  1,  10
731899,20031115,   120,  1,  45,   198, -1,  22
731899,20031115,   122, -1,  28,   186,  1,  21
731899,20031115,   123,  1,  41,    56, -1,  10
731899,20031115,   124, -1,  25,   158,  1,  14
731899,20031115,   135,  1,  24,    76, -1,  14
731899,20031115,   137,  1,  24,     1, -1,  12
731899,20031115,   132,  1,  38,    74, -1,  28
731899,20031115,   142,  1,  58,    13, -1,  14
731899,20031115,   143,  1,  45,   164, -1,   0
731899,20031115,   144, -1,  34,   170,  1,  18
731899,20031115,   145,  1,  43,   168, -1,  40
731899,20031115,   148,  1,  33,    27, -1,  14
731899,20031115,   150,  1,  16,   161, -1,  13
731899,20031115,   151,  1,  41,    18, -1,   3
731899,20031115,   152,  1,  44,    94, -1,  21
731899,20031115,   153, -1,  31,   210,  1,  13
731899,20031115,   154,  1,  43,   189, -1,   3
731899,20031115,   155, -1,  32,    75,  1,  24
731899,20031115,   156,  1,  52,    85, -1,   7
731899,20031115,   162,  1,  24,    77, -1,   0
731899,20031115,   163, -1,  41,   180,  1,  20
731899,20031115,   167,  1,  27,    62, -1,  15
731899,20031115,   177, -1,  24,   196,  1,  20
731899,20031115,   176,  1,  64,   159, -1,  10
731899,20031115,   213, -1,  45,     9,  1,   0
731899,20031115,   183,  1,  28,   205, -1,  14
731899,20031115,   184, -1,  24,   207,  1,  17
731899,20031115,   185, -1,  40,   187,  1,   7
731899,20031115,   188, -1,  38,    98,  1,  20
731899,20031115,   178,  1,  28,   139, -1,  16
731899,20031115,   190, -1,  31,    87,  1,  20
731899,20031115,   194,  1,  59,   119, -1,  21
731899,20031115,   197,  1,  43,   200, -1,  40
731899,20031115,   192,  1,  43,    34, -1,  10
731899,20031115,   202,  1,  49,   130, -1,  30
731899,20031115,   203,  1,  35,     6, -1,  16
731899,20031115,   204, -1,  23,   215,  1,  14
731899,20031115,   206,  1,  48,   103, -1,  18
731899,20031115,   214,  1,  47,   236, -1,  17
731899,20031115,   218,  1,  28,    97, -1,  17
731899,20031115,   221, -1,  24,   193,  1,  23
731899,20031115,   226,  1,  24,   169, -1,  16
731899,20031115,   229,  1,  34,    10, -1,  19
731899,20031115,   230,  1,  26,    44, -1,  14
731899,20031115,   231,  1,  52,   157, -1,  31
731899,20031115,   224,  1,  63,   121, -1,  42
731899,20031115,   234, -1,  37,   238,  1,  13
731899,20031115,   225,  1,  44,    28, -1,  21
731899,20031115,   232,  1,  38,   136, -1,  28
731899,20031115,   233,  1,  56,   116, -1,  21
731899,20031115,   235, -1,   7,    67,  1,   6
731899,20031115,   237, -1,  27,   160,  1,  24
731903,20031119,   108, -1,  21,   209,  1,   7
731904,20031120,   128, -1,  24,    13,  1,  14
731904,20031120,   183,  1,  40,   192, -1,  28
731905,20031121,    20, -1,  31,    66,  1,  17
731906,20031122,     4,  1,  50,    11, -1,   0
731906,20031122,   208, -1,  22,   182,  1,  19
731906,20031122,     5, -1,  38,   207,  1,  26
731906,20031122,     7, -1,  49,    90,  1,  25
731906,20031122,    12,  1,  52,   119, -1,   6
731906,20031122,    15,  1,  28,     3, -1,  23
731906,20031122,    19,  0,  39,    62,  0,  35
731906,20031122,    21, -1,  34,   221,  1,  27
731906,20031122,    22, -1,  41,    17,  1,  14
731906,20031122,    23, -1,  42,    41,  1,  10
731906,20031122,    24,  1,  45,    70, -1,  16
731906,20031122,    30, -1,  28,   189,  1,  16
731906,20031122,    36, -1,  63,   181,  1,  17
731906,20031122,    37, -1,  48,    32,  1,  14
731906,20031122,    38, -1,  45,    78,  1,  38
731906,20031122,    40, -1,  24,   212,  1,  23
731906,20031122,    45,  1,  21,   160, -1,  15
731906,20031122,    48, -1,  20,   219,  1,  17
731906,20031122,    51, -1,  30,   141,  1,  22
731906,20031122,    52,  1,  12,   122, -1,  10
731906,20031122,    59,  1,  16,    35, -1,  13
731906,20031122,    54,  1,  27,   196, -1,  14
731906,20031122,    60, -1,  32,    63,  1,  23
731906,20031122,    65, -1,  35,   203,  1,  22
731906,20031122,    67, -1,  63,    33,  1,  21
731906,20031122,    71,  1,  30,    97, -1,  10
731906,20031122,    74,  1,  48,   175, -1,  13
731906,20031122,    75, -1,  37,   237,  1,  19
731906,20031122,    76,  1,  59,    14, -1,  28
731906,20031122,    80, -1,  21,    49,  1,   6
731906,20031122,    81,  1,  20,   215, -1,  13
731906,20031122,    82,  1,  36,   185, -1,  17
731906,20031122,    88, -1,  27,   233,  1,  21
731906,20031122,    92, -1,  22,   177,  1,  17
731906,20031122,    94,  1,  36,    89, -1,   7
731906,20031122,    95,  1,  24,   120, -1,  14
731906,20031122,    96,  1,  34,    25, -1,  24
731906,20031122,   100,  1,  30,    99, -1,  10
731906,20031122,   101,  1,  49,    77, -1,  42
731906,20031122,   105, -1,  17,   118,  1,  14
731906,20031122,   104,  1,  66,    79, -1,  45
731906,20031122,   109, -1,  26,   133,  1,  24
731906,20031122,   110,  1,  31,   162, -1,  17
731906,20031122,   111, -1,  63,   139,  1,  28
731906,20031122,   112,  1,  21,    34, -1,  16
731906,20031122,   113,  1,  34,   166, -1,  10
731906,20031122,   114, -1,  49,   149,  1,  31
731906,20031122,   115,  1,  35,   150, -1,  21
731906,20031122,   116,  1,  41,   156, -1,  10
731906,20031122,   124,  1,  27,   123, -1,  20
731906,20031122,   126,  1,  43,   140, -1,  34
731906,20031122,   131,  1,  63,    28, -1,  34
731906,20031122,   136,  1,  47,   106, -1,  27
731906,20031122,   137, -1,  26,   236,  1,   3
731906,20031122,   143, -1,  41,    93,  1,  24
731906,20031122,   130,  1,  38,    55, -1,  24
731906,20031122,   146, -1,  37,    83,  1,  20
731906,20031122,   151, -1,  56,   200,  1,  25
731906,20031122,   152, -1,  38,    18,  1,  21
731906,20031122,   153,  1,  34,   154, -1,  20
731906,20031122,   155,  1,  59,    43, -1,   7
731906,20031122,   157, -1,  30,   193,  1,  16
731906,20031122,   161, -1,  24,    85,  1,  16
731906,20031122,   163,  1,  45,   216, -1,  14
731906,20031122,   171, -1,  17,    53,  1,  14
731906,20031122,   173,  1,  24,     1, -1,   3
731906,20031122,   167,  0,  49,   132,  0,   9
731906,20031122,   213,  1,  47,   210, -1,  22
731906,20031122,   178, -1,  44,   147,  1,  14
731906,20031122,   194,  1,  48,   218, -1,   0
731906,20031122,   195, -1,  35,   129,  1,  10
731906,20031122,   199,  1,  49,   170, -1,  28
731906,20031122,   202,  1,  34,   225, -1,  17
731906,20031122,   204,  1,  28,   211, -1,  24
731906,20031122,   205,  1,  28,    57, -1,  18
731906,20031122,   206, -1,  34,   174,  1,  32
731906,20031122,   214, -1,   3,    27,  1,   0
731906,20031122,   217,  1,  54,   125, -1,  42
731906,20031122,   220,  1,  29,    72, -1,  17
731906,20031122,   228,  1,  27,   229, -1,  19
731906,20031122,   230, -1,  35,   187,  1,  15
731906,20031122,   231, -1,  34,   191,  1,  23
731906,20031122,   223,  1,  39,    69, -1,  16
731906,20031122,   232, -1,  59,   164,  1,  21
731909,20031125,   142, -1,  13,   138,  1,  10
731911,20031127,   118, -1,  31,   119,  1,   0
731912,20031128,    10,  1,  28,     9, -1,   7
731912,20031128,   105,  1,  55,    12, -1,  24
731912,20031128,   104, -1,  43,    34,  1,  40
731912,20031128,   108,  1,  28,   149, -1,   0
731912,20031128,   114, -1,  56,   209,  1,  21
731912,20031128,   134, -1,  31,    39,  1,  22
731912,20031128,   197, -1,  46,   198,  1,  15
731913,20031129,    20,  1,  56,   135, -1,   3
731913,20031129,    22,  1,  31,   202, -1,  23
731913,20031129,    38,  1,  19,   110, -1,   7
731913,20031129,    48,  1,  48,   168, -1,   7
731913,20031129,    60, -1,  32,    19,  1,  24
731913,20031129,    64, -1,  38,    61,  1,  34
731913,20031129,    66, -1,  23,   216,  1,  20
731913,20031129,    71, -1,  34,    72,  1,  17
731913,20031129,    76,  1,  37,     3, -1,  29
731913,20031129,    79,  1,  56,   208, -1,  28
731913,20031129,   109, -1,  41,   227,  1,  28
731913,20031129,   113, -1,  28,   157,  1,  14
731913,20031129,   120,  1,  45,    89, -1,   7
731913,20031129,   212, -1,  35,   236,  1,  24
731913,20031129,   144, -1,  35,   111,  1,   3
731913,20031129,   145,  1,  35,   124, -1,  14
731913,20031129,   148, -1,  57,   189,  1,   7
731913,20031129,   163, -1,  49,   103,  1,  14
731913,20031129,   166,  1,  24,   191, -1,   7
731913,20031129,   182, -1,  21,   112,  1,  16
731913,20031129,   183, -1,  38,    57,  1,  21
731913,20031129,   184,  0,  44,    73,  0,  41
731913,20031129,   194, -1,  20,    97,  1,   7
731913,20031129,   192, -1,  20,   180,  1,  13
731913,20031129,   220,  1,  35,   221, -1,  21
731913,20031129,   231,  1,  45,   193, -1,  28
731913,20031129,   224, -1,  43,   123,  1,  40
731913,20031129,   234,  1,  45,    92, -1,   7
731913,20031129,   235,  1,  31,   132, -1,  10
731918,20031204,   114, -1,  49,    22,  1,  27
731920,20031206,    20, -1,  45,    76,  1,  28
731920,20031206,    38,  1,  28,   224, -1,  27
731920,20031206,    48,  1,  37,   145, -1,   7
731920,20031206,    60, -1,  48,   144,  1,  25
731920,20031206,    95,  0,  35,   151,  0,   7
731920,20031206,   105,  0,  34,    71,  0,  13
731920,20031206,   131,  0,  34,    14,  0,   6
731920,20031206,   213,  1,  52,   154, -1,  28
731920,20031206,   191,  1,  38,   148, -1,  12
731920,20031206,   235,  1,  34,   234, -1,  17
731927,20031213,    38, -1,  36,    60,  1,  24
731927,20031213,    48,  1,  24,   235, -1,   9
731927,20031213,   184,  0,  20,     5,  0,   9
731930,20031216,   112,  0,  27,   142,  0,  17
731932,20031218,   114,  0,  49,   104,  0,  28
731933,20031219,    48,  0,  40,    38,  0,   0
731936,20031222,   133,  0,  56,    94,  0,  26
731937,20031223,    20, -1,  34,   192,  1,  31
731938,20031224,   154,  0,  55,   137,  0,  14
731939,20031225,    76,  1,  54,    79, -1,  48
731940,20031226,    22,  0,  28,   146,  0,  24
731940,20031226,    30,  0,  52,   221,  0,  49
731941,20031227,   220,  0,  23,   157,  0,  16
731943,20031229,   134,  0,  17,   116,  0,   3
731944,20031230,    66,  0,  17,   210,  0,   9
731944,20031230,   200,  0,  38,   131,  0,  14
731944,20031230,   229,  0,  28,   197,  0,  20
731945,20031231,    12,  0,  27,   120,  0,  14
731945,20031231,    15,  0,  28,   233,  0,  14
731945,20031231,    21,  0,  35,    40,  0,  21
731945,20031231,   117,  0,  31,   153,  0,  30
731945,20031231,   214,  0,  17,   183,  0,   0
731946,20040101,    71,  0,  34,   161,  0,  27
731946,20040101,    88,  0,  37,    61,  0,  17
731946,20040101,   109,  0,  41,   231,  0,   7
731946,20040101,   113,  1,  16,    64, -1,  14
731946,20040101,   213,  0,  28,   115,  0,  14
731947,20040102,    36,  0,  27,   194,  0,  14
731947,20040102,   118,  0,  31,   152,  0,  28
731947,20040102,   150,  0,  35,    95,  0,  28
731948,20040103,    72,  0,  52,   206,  0,  10
731949,20040104,   105,  0,  21,   151,  0,  14
