732555,20050901,    10,  1,  63,   193, -1,  16
732555,20050901,    34,  1,  28,    55, -1,  26
732555,20050901,    42,  1,  38,    25, -1,   0
732555,20050901,   154, -1,  38,    78,  1,  24
732555,20050901,    81,  1,  38,   186, -1,  13
732555,20050901,    53, -1,  24,    85,  1,  13
732555,20050901,    66, -1,  37,    91,  1,  35
732555,20050901,   148, -1,  27,   212,  1,  23
732555,20050901,   107,  1,  36,   233, -1,  24
732555,20050901,   146,  1,  52,    50, -1,  17
732555,20050901,   109, -1,  19,   165,  1,   6
732555,20050901,   170, -1,  58,   179,  1,  23
732555,20050901,   182,  1,  24,   210, -1,  15
732555,20050901,   202,  1,  62,   225, -1,  14
732555,20050901,   203,  1,  29,   125, -1,  26
732555,20050901,   116, -1,  41,   206,  1,  10
732555,20050901,   219, -1,  24,   228,  1,  20
732555,20050901,   230,  1,  38,    80, -1,  26
732556,20050902,    84, -1,  20,    28,  1,  13
732556,20050902,   215,  1,  27,     9, -1,  24
732557,20050903,     3,  1,  26,   127, -1,   7
732557,20050903,   168,  0,  27,     5,  0,  14
732557,20050903,    12,  1,  49,   120, -1,  17
732557,20050903,   126,  0,  30,    11,  0,  17
732557,20050903,    71, -1,  23,    15,  1,  14
732557,20050903,    21, -1,  20,    27,  1,   3
732557,20050903,    69, -1,  19,    24,  1,  16
732557,20050903,    30,  1,  41,    44, -1,   3
732557,20050903,    33,  1,  30,   196, -1,  23
732557,20050903,    36,  1,  25,   198, -1,  24
732557,20050903,    31, -1,  24,    38,  1,  22
732557,20050903,    39,  1,  31,    40, -1,  28
732557,20050903,    52,  1,  23,   166, -1,  12
732557,20050903,    57,  1,  24,    51, -1,  21
732557,20050903,     8, -1,  24,    54,  1,  16
732557,20050903,    37, -1,  17,    58,  1,  10
732557,20050903,    60,  1,  32,   237, -1,  14
732557,20050903,    49, -1,  21,    61,  1,  17
732557,20050903,    70,  1,  48,    20, -1,  13
732557,20050903,    73,  0,  20,    89,  0,   7
732557,20050903,   214, -1,  63,    75,  1,  17
732557,20050903,    77,  1,  56,   171, -1,  21
732557,20050903,    82,  1,  33,   167, -1,  30
732557,20050903,    87,  1,  56,    17, -1,   0
732557,20050903,    88,  1,  32,    83, -1,  21
732557,20050903,    93,  1,  30,    59, -1,  19
732557,20050903,    94,  1,  35,    62, -1,  21
732557,20050903,    99,  1,  54,   121, -1,  26
732557,20050903,    98, -1,  40,   106,  1,  21
732557,20050903,   108,  0,  23,   132,  0,  20
732557,20050903,   114,  1,  33,   131, -1,  17
732557,20050903,   115,  1,  49,    95, -1,  14
732557,20050903,   118,  1,  38,   128, -1,   6
732557,20050903,   119,  0,  44,    13,  0,  17
732557,20050903,   135,  1,  25,   105, -1,   7
732557,20050903,   217, -1,  34,   139,  1,  17
732557,20050903,    67, -1,  41,   144,  1,  38
732557,20050903,   147,  1,  38,   150, -1,  14
732557,20050903,   151,  1,  34,   113, -1,  14
732557,20050903,   192, -1,  17,   152,  1,  10
732557,20050903,   153,  1,  15,   123, -1,  10
732557,20050903,   155,  1,  41,   159, -1,  14
732557,20050903,   157,  1,  23,   183, -1,  13
732557,20050903,   149, -1,  42,   158,  1,  21
732557,20050903,   163,  1,  34,    64, -1,  20
732557,20050903,   211, -1,  44,   175,  1,  21
732557,20050903,   176,  1,  35,    56, -1,  24
732557,20050903,    18, -1,  28,   181,  1,  23
732557,20050903,   124, -1,  26,   187,  1,  25
732557,20050903,   194,  1,  17,   208, -1,  10
732557,20050903,     4, -1,  27,   195,  1,  14
732557,20050903,   197,  1,  60,   101, -1,   3
732557,20050903,    35,  1,  28,    32, -1,  14
732557,20050903,   204,  1,  27,    29, -1,  10
732557,20050903,   137, -1,  17,   209,  1,  13
732557,20050903,   221,  1,  31,   226, -1,  19
732557,20050903,   223,  1,  33,    46, -1,   0
732557,20050903,   227,  1,  41,    97, -1,  27
732557,20050903,     1, -1,  20,   229,  1,  17
732557,20050903,   234,  1,  56,    22, -1,  42
732558,20050904,   103, -1,  31,    96,  1,  24
732558,20050904,   222, -1,  20,   134,  1,  16
732558,20050904,   232, -1,  15,   191,  1,   7
732559,20050905,    63,  1,  10,   112, -1,   7
732559,20050905,   117, -1,  10,   111,  1,   6
732559,20050905,   138,  1,  24,   213, -1,  22
732562,20050908,   153,  0,  23,    59,  0,   3
732562,20050908,   225,  1,  28,   129, -1,  23
732563,20050909,   230, -1,  55,   136,  1,  21
732563,20050909,   150,  1,  16,   158, -1,  10
732564,20050910,     1,  1,  41,   175, -1,  29
732564,20050910,     3,  1,  30,   184, -1,  21
732564,20050910,    76, -1,  36,     6,  1,   7
732564,20050910,     9,  1,  31,   145, -1,  12
732564,20050910,   219, -1,  28,    12,  1,  24
732564,20050910,    13,  1,  56,   201, -1,   7
732564,20050910,    15,  1,  28,   118, -1,   0
732564,20050910,    22, -1,  40,    17,  1,  31
732564,20050910,    18,  1,  48,   173, -1,  14
732564,20050910,    19,  1,  31,    11, -1,  17
732564,20050910,    21,  1,  44,    14, -1,   7
732564,20050910,    27,  1,  45,    53, -1,  10
732564,20050910,    29,  1,  37,    44, -1,  13
732564,20050910,   163, -1,  56,    31,  1,  10
732564,20050910,    37,  1,  31,    92, -1,  27
732564,20050910,    38,  1,  17,   109, -1,  14
732564,20050910,    39,  1,  39,   139, -1,   0
732564,20050910,    42,  1,  59,   100, -1,   0
732564,20050910,    48,  1,  34,    99, -1,  33
732564,20050910,   222, -1,  45,    51,  1,   0
732564,20050910,    52,  1,  30,    64, -1,  13
732564,20050910,    55,  1,  31,   101, -1,  10
732564,20050910,    60,  1,  41,   102, -1,   3
732564,20050910,    63,  1,  62,    35, -1,  10
732564,20050910,    65,  1,  55,   231, -1,  17
732564,20050910,    70,  1,  17,   182, -1,  15
732564,20050910,   110, -1,  23,    67,  1,  20
732564,20050910,    71,  1,  27,   142, -1,  21
732564,20050910,    72,  1,  44,     4, -1,   0
732564,20050910,    77,  1,  48,    69, -1,   6
732564,20050910,    78,  1,  31,   172, -1,  10
732564,20050910,    73, -1,  22,    79,  1,  12
732564,20050910,    82,  1,  40,   176, -1,  19
732564,20050910,    83,  1,  56,    50, -1,  19
732564,20050910,    84,  1,  35,   140, -1,  31
732564,20050910,   227, -1,  14,    86,  1,   0
732564,20050910,    88,  1,  23,    87, -1,   3
732564,20050910,    33, -1,  21,    91,  1,  18
732564,20050910,    93,  1,  36,     8, -1,   8
732564,20050910,    95,  1,  33,   179, -1,  12
732564,20050910,    96,  1,  41,    81, -1,  29
732564,20050910,   121, -1,  65,    97,  1,  27
732564,20050910,    98,  1,   7,   165, -1,   0
732564,20050910,   104, -1,  35,    10,  1,  31
732564,20050910,    94, -1,  21,   107,  1,  19
732564,20050910,    36, -1,  28,   108,  1,  24
732564,20050910,    28, -1,  38,   113,  1,  37
732564,20050910,   149, -1,  17,   114,  1,  10
732564,20050910,   115,  1,  42,    75, -1,  14
732564,20050910,   143, -1,  14,   127,  1,   7
732564,20050910,   116,  1,  56,    40, -1,  24
732564,20050910,   126,  1,  31,   185, -1,  28
732564,20050910,   138, -1,  45,   119,  1,  35
732564,20050910,   123,  1,  42,   180, -1,   6
732564,20050910,   189, -1,  41,   132,  1,  38
732564,20050910,   135,  1,  31,   228, -1,   3
732564,20050910,   133,  1,  16,   141, -1,  14
732564,20050910,   147,  1,  38,   131, -1,  37
732564,20050910,   130, -1,  35,   148,  1,   7
732564,20050910,   197, -1,  25,   151,  1,  22
732564,20050910,   152,  1,  31,   206, -1,  15
732564,20050910,   154,  1,  47,   122, -1,  14
732564,20050910,   155,  1,  30,    20, -1,  27
732564,20050910,   157,  1,  42,    34, -1,  24
732564,20050910,   162,  1,  49,     2, -1,  24
732564,20050910,   167,  1,  38,   220, -1,   6
732564,20050910,   106, -1,  22,   171,  1,  20
732564,20050910,    58, -1,  48,   177,  1,  14
732564,20050910,   178,  1,  48,     7, -1,  21
732564,20050910,   181,  1,  21,   192, -1,  10
732564,20050910,   169,  1,  69,   218, -1,   6
732564,20050910,   183,  1,  37,    61, -1,   3
732564,20050910,   188,  1,  25,   187, -1,  22
732564,20050910,   190,  1,  21,    24, -1,  18
732564,20050910,   191,  1,  31,    25, -1,   0
732564,20050910,   195,  0,  20,    89,  0,  14
732564,20050910,     5, -1,  27,   207,  1,  15
732564,20050910,   199,  1,  34,   186, -1,   0
732564,20050910,   200,  1,  56,    62, -1,   3
732564,20050910,   202,  1,  56,   226, -1,  23
732564,20050910,   208, -1,  27,   204,  1,   7
732564,20050910,   159, -1,  14,   209,  1,  12
732564,20050910,   211,  1,  63,   164, -1,  21
732564,20050910,   213,  1,  34,    80, -1,  31
732564,20050910,   215,  1,  31,   216, -1,   7
732564,20050910,   233, -1,  41,   223,  1,   7
732564,20050910,    30, -1,  56,   229,  1,  17
732564,20050910,   232,  1,  35,   236, -1,   7
732564,20050910,   224,  1,  41,    66, -1,  21
732564,20050910,   235,  1,  23,    54, -1,  21
732564,20050910,   234,  1,  65,   193, -1,   0
732564,20050910,   237,  1,  38,   212, -1,   0
732564,20050910,   239,  1,  35,   144, -1,  16
732569,20050915,    73, -1,  31,   133,  1,  14
732569,20050915,   227, -1,  52,   188,  1,  25
732569,20050915,   192,  1,  23,   215, -1,  20
732570,20050916,   217,  1,  44,    78, -1,  41
732571,20050917,   237, -1,  29,     1,  1,  28
732571,20050917,     4,  1,  27,   126, -1,  13
732571,20050917,   208,  1,  35,    91, -1,  28
732571,20050917,     8,  1,  30,    37, -1,   3
732571,20050917,   162, -1,  31,     9,  1,  24
732571,20050917,    10,  1,  52,   147, -1,  21
732571,20050917,     5, -1,  41,    11,  1,  10
732571,20050917,    18, -1,  20,    14,  1,  10
732571,20050917,    15,  1,  63,    17, -1,   3
732571,20050917,   168,  0,  27,    19,  0,  24
732571,20050917,    63, -1,  28,    21,  1,  17
732571,20050917,   167, -1,  17,    25,  1,   3
732571,20050917,    29,  1,  38,   123, -1,  10
732571,20050917,    30,  1,  35,    82, -1,  20
732571,20050917,    32,  1,  16,    90, -1,  10
732571,20050917,    34,  1,   7,   224, -1,   3
732571,20050917,   112, -1,  36,    36,  1,  30
732571,20050917,    43,  1,  24,    24, -1,   7
732571,20050917,    45,  1,  26,    38, -1,  21
732571,20050917,    47,  1,  46,    16, -1,   0
732571,20050917,    51,  1,  40,   223, -1,  14
732571,20050917,    83, -1,  27,    53,  1,   6
732571,20050917,    60,  1,  16,   194, -1,   7
732571,20050917,    61,  1,  33,    79, -1,  20
732571,20050917,    41, -1,  23,    64,  1,  17
732571,20050917,    66,  1,  45,   173, -1,  23
732571,20050917,    23, -1,  34,    69,  1,   3
732571,20050917,    70,  1,  44,   212, -1,   7
732571,20050917,    71,  1,  28,    42, -1,  13
732571,20050917,    76,  1,  55,   190, -1,   0
732571,20050917,    74, -1,  31,    77,  1,  21
732571,20050917,    84,  1,  38,    96, -1,  14
732571,20050917,   171, -1,  38,    86,  1,  14
732571,20050917,    87,  1,  45,   146, -1,  21
732571,20050917,    89,  1,  24,   207, -1,  21
732571,20050917,    92,  1,  65,    49, -1,   7
732571,20050917,    93,  1,  34,   102, -1,  14
732571,20050917,   113, -1,  27,    95,  1,  10
732571,20050917,   161, -1,  23,    98,  1,  21
732571,20050917,   239, -1,  42,   100,  1,   0
732571,20050917,   101,  1,  49,   148, -1,  28
732571,20050917,   103,  1,  63,   155, -1,  27
732571,20050917,   165, -1,  26,   105,  1,  21
732571,20050917,   106,  1,  31,    31, -1,  22
732571,20050917,   232, -1,  31,   108,  1,  19
732571,20050917,   109,  1,  40,     6, -1,   0
732571,20050917,   111,  1,  59,    33, -1,  14
732571,20050917,   114,  1,  55,    55, -1,   0
732571,20050917,     2, -1,  17,   127,  1,   7
732571,20050917,   116,  1,  46,    59, -1,   7
732571,20050917,   119,  1,  52,   204, -1,  21
732571,20050917,   120,  1,  45,   179, -1,  21
732571,20050917,   122,  1,   7,   169, -1,   0
732571,20050917,   125,  0,  55,   177,  0,  26
732571,20050917,   128,  1,  27,    85, -1,  15
732571,20050917,   135,  1,   7,   158, -1,   6
732571,20050917,   136,  1,  22,   213, -1,  14
732571,20050917,   138,  1,  38,   139, -1,  21
732571,20050917,   234, -1,  14,   142,  1,   5
732571,20050917,   134,  1,  54,    54, -1,  10
732571,20050917,   130,  1,  41,   231, -1,   0
732571,20050917,   206, -1,  54,   143,  1,   2
732571,20050917,   145,  1,  27,   186, -1,   7
732571,20050917,   129,  1,  35,   178, -1,  19
732571,20050917,   131,  1,  42,   196, -1,   3
732571,20050917,   115, -1,  44,   149,  1,  41
732571,20050917,   151,  1,  27,   175, -1,   6
732571,20050917,   153,  1,  20,    13, -1,  10
732571,20050917,   154,  1,  37,    65, -1,  34
732571,20050917,   157,  1,  40,    28, -1,   3
732571,20050917,   156,  1,  41,    52, -1,  14
732571,20050917,   159,  1,  28,    44, -1,  12
732571,20050917,   163,  1,  48,   233, -1,  29
732571,20050917,   166,  1,  49,    26, -1,  13
732571,20050917,   174,  1,  17,   238, -1,  14
732571,20050917,     3, -1,  37,   182,  1,  14
732571,20050917,   183,  1,  31,   210, -1,  14
732571,20050917,   214,  1,  70,    12, -1,  17
732571,20050917,   184,  1,  48,   110, -1,  20
732571,20050917,   185,  1,  38,   160, -1,   0
732571,20050917,   209, -1,  20,   189,  1,  17
732571,20050917,   180,  1,  63,   225, -1,  36
732571,20050917,   221, -1,  27,   191,  1,  24
732571,20050917,   202, -1,  42,   193,  1,  17
732571,20050917,   201,  1,  42,   195, -1,  20
732571,20050917,   197,  1,  51,   164, -1,  10
732571,20050917,   198,  1,  66,   181, -1,   8
732571,20050917,   200,  1,  80,   172, -1,  21
732571,20050917,   137, -1,  62,   203,  1,  21
732571,20050917,   118,  0,  21,   205,  0,  14
732571,20050917,   211,  1,  41,   152, -1,  24
732571,20050917,   124, -1,  48,   218,  1,   7
732571,20050917,   219,  1,  31,   117, -1,  23
732571,20050917,   220,  1,  38,   144, -1,  20
732571,20050917,   222,  1,  45,   150, -1,   0
732571,20050917,   228,  1,  44,    57, -1,  34
732571,20050917,   229,  1,  34,    80, -1,   6
732571,20050917,   230,  0,  48,    72,  0,   7
732571,20050917,   226,  1,  34,   170, -1,  28
732571,20050917,   236,  1,  21,    67, -1,  17
732575,20050921,    20,  1,  48,    22, -1,  20
732576,20050922,   215,  1,  38,     1, -1,  35
732576,20050922,   212, -1,  28,    59,  1,  21
732576,20050922,   198,  1,  44,   199, -1,  31
732577,20050923,    88, -1,  28,    14,  1,  21
732577,20050923,    30, -1,  41,   139,  1,  13
732578,20050924,     2,  1,  48,   131, -1,  42
732578,20050924,     3,  1,  24,    12, -1,  13
732578,20050924,     5,  1,  38,     7, -1,   3
732578,20050924,    13,  1,  66,    62, -1,  24
732578,20050924,    15,  1,  37,   235, -1,  14
732578,20050924,   192, -1,  51,    27,  1,  50
732578,20050924,    31,  1,  14,     6, -1,  13
732578,20050924,   210,  1,  23,   107, -1,  13
732578,20050924,    55, -1,  23,    28,  1,  20
732578,20050924,    21, -1,  16,    36,  1,  13
732578,20050924,    37,  1,  24,    49, -1,   6
732578,20050924,    40,  1,  42,   136, -1,  21
732578,20050924,    41,  1,  23,    52, -1,  13
732578,20050924,    48,  1,  35,    77, -1,  23
732578,20050924,    50,  1,  54,    16, -1,   0
732578,20050924,    53,  1,  43,   173, -1,  14
732578,20050924,    54,  1,  52,   196, -1,   3
732578,20050924,    58,  1,  12,   133, -1,   9
732578,20050924,    66,  1,  44,    76, -1,  41
732578,20050924,   201, -1,  31,    68,  1,  28
732578,20050924,    67,  1,  48,    33, -1,  10
732578,20050924,    74,  1,  38,    23, -1,  35
732578,20050924,    75, -1,  24,    80,  1,   0
732578,20050924,    81,  1,  34,    56, -1,  30
732578,20050924,   115, -1,  61,    82,  1,  14
732578,20050924,    83,  1,  42,   128, -1,   0
732578,20050924,    90,  1,  55,    26, -1,  21
732578,20050924,    94,  1,  54,   143, -1,   7
732578,20050924,    60, -1,  49,    96,  1,  28
732578,20050924,    97,  1,  29,   187, -1,  27
732578,20050924,    98,  1,  27,    64, -1,  10
732578,20050924,   109,  1,  14,   163, -1,   6
732578,20050924,   112,  1,  23,    39, -1,   3
732578,20050924,   116,  1,  42,   162, -1,  35
732578,20050924,   237, -1,  24,   117,  1,  14
732578,20050924,    70, -1,  23,   118,  1,  10
732578,20050924,    89, -1,  33,   126,  1,  14
732578,20050924,   123,  1,  20,   130, -1,  17
732578,20050924,    47, -1,  42,   124,  1,   7
732578,20050924,    73,  0,  44,   125,  0,  14
732578,20050924,   137,  1,  49,    45, -1,  20
732578,20050924,    19, -1,  63,   141,  1,  61
732578,20050924,   142, -1,  31,   134,  1,  24
732578,20050924,   144,  1,  56,   203, -1,  41
732578,20050924,   157, -1,  34,   147,  1,  29
732578,20050924,   151,  1,  31,    87, -1,   6
732578,20050924,   150,  1,  35,    95, -1,  32
732578,20050924,   214, -1,  45,   154,  1,  13
732578,20050924,    10, -1,  42,   155,  1,  24
732578,20050924,   220,  0,  28,   156,  0,  24
732578,20050924,   158,  1,  41,   239, -1,   0
732578,20050924,   159,  1,  41,   129, -1,  17
732578,20050924,   161,  1,  20,   174, -1,  17
732578,20050924,   209, -1,  37,    44,  1,   7
732578,20050924,   175,  1,  52,   176, -1,  21
732578,20050924,    79, -1,  39,   177,  1,  21
732578,20050924,    91, -1,  24,   179,  1,  10
732578,20050924,   205, -1,  31,   181,  1,  10
732578,20050924,   182,  1,  45,   204, -1,  20
732578,20050924,    29, -1,  24,   169,  1,  16
732578,20050924,   183,  1,  45,   103, -1,  14
732578,20050924,   180, -1,  40,   186,  1,  17
732578,20050924,    69, -1,  10,   190,  1,   7
732578,20050924,   226, -1,  19,   193,  1,  16
732578,20050924,    61,  0,  12,   195,  0,   7
732578,20050924,   200,  1,  63,    85, -1,   7
732578,20050924,     8, -1,  45,    35,  1,  13
732578,20050924,   206,  1,  37,   111, -1,  31
732578,20050924,   216,  1,  31,   213, -1,  24
732578,20050924,   217,  1,  21,   138, -1,  13
732578,20050924,    46, -1,  48,   218,  1,  17
732578,20050924,   219,  1,  37,   165, -1,  13
732578,20050924,   221,  1,  38,    51, -1,   7
732578,20050924,   222,  1,  51,    71, -1,   7
732578,20050924,    99, -1,  28,   223,  1,  26
732578,20050924,   106, -1,  38,   227,  1,  21
732578,20050924,   108, -1,  22,   228,  1,  12
732578,20050924,   149, -1,  36,   229,  1,  17
732578,20050924,   231,  1,  31,   145, -1,  23
732578,20050924,   232,  1,  20,    57, -1,  15
732578,20050924,   233,  1,  56,   100, -1,   0
732578,20050924,   234,  1,  23,   114, -1,  20
732578,20050924,   238,  1,  37,    43, -1,  17
732580,20050926,   194, -1,  30,   104,  1,  27
732581,20050927,    65,  1,  44,   202, -1,  14
732582,20050928,   113,  1,  44,    34, -1,  16
732583,20050929,    40,  1,  41,     1, -1,  23
732583,20050929,   173,  1,  33,   179, -1,  17
732584,20050930,   167,  1,  37,   158, -1,  29
732585,20051001,    28, -1,  31,     2,  1,  17
732585,20051001,     3,  1,  31,    60, -1,   3
732585,20051001,   207, -1,  17,     4,  1,   7
732585,20051001,     5,  0,  45,   185,  0,  35
732585,20051001,   208,  1,  45,   164, -1,  26
732585,20051001,    11, -1,  17,     7,  1,   7
732585,20051001,   214, -1,  38,    10,  1,  28
732585,20051001,    42, -1,  47,    14,  1,  13
732585,20051001,    15,  1,  48,   182, -1,   7
732585,20051001,    16,  1,  30,   218, -1,  20
732585,20051001,    19,  1,  44,   125, -1,  26
732585,20051001,    21,  1,  38,    17, -1,   0
732585,20051001,    22,  1,  70,   193, -1,   7
732585,20051001,    23,  1,  45,   163, -1,  35
732585,20051001,    24,  1,  27,   106, -1,   7
732585,20051001,   124, -1,  58,    26,  1,  10
732585,20051001,    30,  1,  28,     9, -1,   0
732585,20051001,    31,  1,  56,   188, -1,  20
732585,20051001,    79, -1,  27,    32,  1,  22
732585,20051001,    33,  1,  25,   236, -1,  13
732585,20051001,    38,  1,  34,    43, -1,  20
732585,20051001,   156, -1,  26,    45,  1,   9
732585,20051001,    50, -1,  58,    46,  1,  17
732585,20051001,    47,  1,  49,    90, -1,  17
732585,20051001,   132, -1,  28,    51,  1,  21
732585,20051001,   184, -1,  33,    57,  1,   7
732585,20051001,    55,  1,  27,    95, -1,  20
732585,20051001,    56,  1,  42,   159, -1,  24
732585,20051001,    67, -1,  49,    58,  1,   7
732585,20051001,    62,  1,  23,    61, -1,   6
732585,20051001,    63,  1,  38,   191, -1,  14
732585,20051001,    66,  1,  48,    68, -1,  31
732585,20051001,    98, -1,  12,    69,  1,   7
732585,20051001,    73,  1,  26,    49, -1,   8
732585,20051001,    99, -1,  49,    74,  1,  24
732585,20051001,    20, -1,  44,    75,  1,  41
732585,20051001,    92, -1,  42,    76,  1,  10
732585,20051001,    80,  1,  27,   216, -1,  13
732585,20051001,   235, -1,  38,    85,  1,  28
732585,20051001,    87,  1,  35,    82, -1,   7
732585,20051001,    54, -1,  31,    91,  1,  14
732585,20051001,    97,  1,  39,    86, -1,  32
732585,20051001,   223, -1,  10,   100,  1,   7
732585,20051001,   102,  1,  34,   139, -1,  14
732585,20051001,   210, -1,  24,   101,  1,  21
732585,20051001,   212,  1,  31,    13, -1,  27
732585,20051001,   103,  1,  61,    59, -1,  10
732585,20051001,   105,  1,  31,     6, -1,   7
732585,20051001,   107,  1,  16,   181, -1,  13
732585,20051001,   108,  1,  45,   221, -1,  33
732585,20051001,   111,  1,  27,   217, -1,  20
732585,20051001,   112,  1,  27,   183, -1,   7
732585,20051001,   114, -1,  34,   115,  1,  31
732585,20051001,   104, -1,  37,   118,  1,   7
732585,20051001,   197, -1,  51,   119,  1,  20
732585,20051001,   122,  1,  24,   231, -1,  19
732585,20051001,   123,  1,  30,    81, -1,  28
732585,20051001,   135,  1,  27,    88, -1,  20
732585,20051001,   137,  1,  45,   220, -1,  17
732585,20051001,   142,  1,  31,   215, -1,  17
732585,20051001,   130,  1,  26,   140, -1,  13
732585,20051001,    29, -1,  31,   129,  1,  14
732585,20051001,   152,  1,  43,    94, -1,  21
732585,20051001,    39, -1,  34,   153,  1,   0
732585,20051001,   155,  1,  44,   230, -1,  33
732585,20051001,   157,  1,  44,   116, -1,  14
732585,20051001,    72,  0,  50,   160,  0,   7
732585,20051001,   161,  1,  43,    41, -1,   3
732585,20051001,   149, -1,  49,   162,  1,  28
732585,20051001,   187, -1,  35,   166,  1,  28
732585,20051001,    44,  1,  38,   145, -1,  24
732585,20051001,   175,  1,  31,    27, -1,  10
732585,20051001,   136, -1,  30,   176,  1,  23
732585,20051001,   141, -1,  58,   177,  1,  29
732585,20051001,    37, -1,  24,   168,  1,  23
732585,20051001,   170,  1,  30,   120, -1,  23
732585,20051001,   154, -1,  44,   189,  1,  20
732585,20051001,   121, -1,  36,   190,  1,   7
732585,20051001,   192,  1,  49,   138, -1,  28
732585,20051001,   194,  1,  27,   117, -1,  10
732585,20051001,   133,  0,  16,   195,  0,   3
732585,20051001,   196,  1,  42,   128, -1,  21
732585,20051001,   198,  1,  16,    18, -1,  13
732585,20051001,   199,  1,  42,   169, -1,  12
732585,20051001,   200,  1,  30,    93, -1,  17
732585,20051001,   203,  1,  35,    48, -1,  31
732585,20051001,   205,  0,  28,   178,  0,  21
732585,20051001,    78, -1,  30,   206,  1,  23
732585,20051001,   211,  1,  21,   229, -1,  17
732585,20051001,   127, -1,  17,   219,  1,  15
732585,20051001,   227,  1,  26,   171, -1,  21
732585,20051001,   228,  1,  31,    36, -1,  27
732585,20051001,   222, -1,  34,   232,  1,  17
732585,20051001,    35, -1,  17,   224,  1,   7
732585,20051001,   146, -1,  41,   225,  1,  24
732585,20051001,   226,  1,  31,    25, -1,  21
732585,20051001,   234,  1,  41,    84, -1,  24
732585,20051001,   237,  1,  42,   213, -1,  17
732585,20051001,    77, -1,  22,   238,  1,  19
732585,20051001,   239,  1,  20,    83, -1,  17
732588,20051004,   204, -1,  13,   143,  1,  10
732589,20051005,   131,  1,  38,   113, -1,  27
732590,20051006,   134, -1,  17,    71,  1,  14
732590,20051006,    86, -1,  27,   188,  1,  26
732590,20051006,   168, -1,  35,   141,  1,  21
732590,20051006,    59, -1,  28,   101,  1,  10
732591,20051007,    42,  1,  26,   191, -1,   7
732592,20051008,   181, -1,  28,   208,  1,  27
732592,20051008,   190, -1,   7,     6,  1,   3
732592,20051008,     7,  1,  22,   160, -1,  10
732592,20051008,   154, -1,  31,    10,  1,  17
732592,20051008,    12,  0,  44,   212,  0,  15
732592,20051008,    28, -1,  14,    14,  1,  10
732592,20051008,    20,  1,  21,   159, -1,  14
732592,20051008,    21,  1,  28,   221, -1,  17
732592,20051008,    22,  1,  38,   150, -1,  14
732592,20051008,    23,  1,  37,    64, -1,  14
732592,20051008,     2, -1,  13,    25,  1,   7
732592,20051008,    29,  1,  37,   130, -1,   6
732592,20051008,   210,  1,  38,   111, -1,  17
732592,20051008,    39,  1,  41,   198, -1,  20
732592,20051008,    40,  1,  21,   215, -1,  17
732592,20051008,    43,  1,  27,    74, -1,  13
732592,20051008,    46,  1,  44,    16, -1,   6
732592,20051008,    76, -1,  10,    48,  1,   6
732592,20051008,    49,  1,  17,    19, -1,   0
732592,20051008,    47, -1,  25,    50,  1,  17
732592,20051008,    57,  1,  41,   164, -1,  28
732592,20051008,    54,  1,  38,   173, -1,   6
732592,20051008,    60,  1,  35,   118, -1,   9
732592,20051008,    63,  1,  41,   228, -1,  24
732592,20051008,    66,  1,  34,     8, -1,  31
732592,20051008,    73, -1,  52,    68,  1,  21
732592,20051008,    69,  1,  10,    52, -1,   7
732592,20051008,    67,  1,  45,   224, -1,   7
732592,20051008,    72,  1,  37,   126, -1,  22
732592,20051008,   122, -1,  32,    81,  1,  10
732592,20051008,   235, -1,  37,    83,  1,  34
732592,20051008,    84,  1,  36,    82, -1,  13
732592,20051008,   239, -1,  45,    85,  1,   0
732592,20051008,    18, -1,  23,    88,  1,  13
732592,20051008,     5, -1,  44,    89,  1,  23
732592,20051008,   124, -1,  31,    90,  1,  12
732592,20051008,    92,  1,  38,   105, -1,   2
732592,20051008,    94,  1,  12,    93, -1,   3
732592,20051008,    98,  1,  14,    41, -1,   7
732592,20051008,    77, -1,  13,    99,  1,  10
732592,20051008,    33, -1,  24,   100,  1,  21
732592,20051008,   102,  1,  46,    75, -1,  14
732592,20051008,   103,  1,  69,   142, -1,  14
732592,20051008,   106,  1,  27,    97, -1,   0
732592,20051008,   109,  1,  27,   144, -1,   0
732592,20051008,   112,  1,  52,    51, -1,   7
732592,20051008,   116, -1,  23,   114,  1,  20
732592,20051008,   117,  1,  27,    35, -1,   7
732592,20051008,   120,  1,  24,   146, -1,  21
732592,20051008,   133,  0,  40,   125,  0,  33
732592,20051008,    91, -1,  28,   128,  1,  23
732592,20051008,   132,  1,  27,     1, -1,  24
732592,20051008,   200, -1,  34,   135,  1,  31
732592,20051008,   136,  1,  62,    80, -1,  14
732592,20051008,    27, -1,  27,   138,  1,  24
732592,20051008,    65, -1,  37,   139,  1,   7
732592,20051008,    56, -1,  42,   145,  1,  14
732592,20051008,   147,  1,  51,   234, -1,  48
732592,20051008,   119, -1,  38,   153,  1,  31
732592,20051008,   157,  1,  17,   151, -1,  10
732592,20051008,   156,  1,  53,    24, -1,   7
732592,20051008,   158,  1,  38,    34, -1,  20
732592,20051008,    38, -1,  16,   161,  1,  10
732592,20051008,    87, -1,  34,   162,  1,  17
732592,20051008,   203, -1,  23,   163,  1,  14
732592,20051008,   165,  1,  38,   220, -1,  20
732592,20051008,   166,  1,  38,   227, -1,  30
732592,20051008,   232, -1,  27,   167,  1,  14
732592,20051008,   121, -1,  45,   171,  1,  14
732592,20051008,   148, -1,  10,   172,  1,   6
732592,20051008,   174,  1,  49,    26, -1,   7
732592,20051008,   199, -1,  30,   178,  1,  15
732592,20051008,    53, -1,  48,   179,  1,  24
732592,20051008,   182,  1,  44,    96, -1,  16
732592,20051008,   169,  0,  16,   209,  0,  14
732592,20051008,   214,  1,  42,     9, -1,  21
732592,20051008,   206, -1,  34,   184,  1,  17
732592,20051008,     4, -1,  20,   185,  1,   7
732592,20051008,   187,  1,  31,    31, -1,  28
732592,20051008,   180,  1,  27,   140, -1,  21
732592,20051008,   108, -1,  38,   193,  1,   7
732592,20051008,    70, -1,  27,   194,  1,  14
732592,20051008,   201,  1,  46,   196, -1,  16
732592,20051008,   197,  0,  45,   152,  0,  12
732592,20051008,   202,  1,  30,    55, -1,   3
732592,20051008,    78,  0,  35,   205,  0,  14
732592,20051008,   211,  1,  47,    30, -1,  40
732592,20051008,   213,  1,  13,   175, -1,  10
732592,20051008,   216,  1,  24,   176, -1,  17
732592,20051008,   104, -1,  34,   219,  1,   6
732592,20051008,   222,  1,  41,   107, -1,  14
732592,20051008,   223,  1,  34,    32, -1,  12
732592,20051008,   189, -1,  24,   230,  1,  21
732592,20051008,   123, -1,  27,   231,  1,  24
732592,20051008,   170, -1,  34,   225,  1,  24
732592,20051008,    17, -1,  60,   226,  1,  57
732592,20051008,   233,  1,  42,   137, -1,  10
732592,20051008,   236,  1,  14,    58, -1,   9
732592,20051008,   192, -1,  28,   237,  1,  14
732592,20051008,   238,  1,  13,    45, -1,   0
732592,20051008,   110,  1,  46,   207, -1,  28
732597,20051013,    36, -1,  31,   134,  1,  10
732597,20051013,   195, -1,  31,   196,  1,  20
732597,20051013,    13,  1,  39,   101, -1,  36
732598,20051014,   217,  0,  45,   205,  0,  21
732599,20051015,     1,  1,  42,   213, -1,   7
732599,20051015,     5,  1,  34,   160, -1,  13
732599,20051015,     6,  1,  21,   171, -1,   7
732599,20051015,     8,  1,  24,    67, -1,   7
732599,20051015,   189, -1,  20,     9,  1,  16
732599,20051015,    15, -1,  34,    12,  1,  17
732599,20051015,    72, -1,  26,    11,  1,  23
732599,20051015,   202, -1,  34,    17,  1,  14
732599,20051015,   135, -1,  23,    18,  1,  14
732599,20051015,    20,  1,  38,   176, -1,  21
732599,20051015,    21,  1,  35,   228, -1,  30
732599,20051015,    27,  1,  24,    40, -1,  14
732599,20051015,    23,  1,  31,   161, -1,  28
732599,20051015,   220, -1,  38,    24,  1,  10
732599,20051015,    22, -1,  27,    25,  1,   7
732599,20051015,   218, -1,  34,    26,  1,  21
732599,20051015,   155, -1,  23,    30,  1,  20
732599,20051015,    31,  1,  21,   166, -1,  14
732599,20051015,    28,  1,  37,   150, -1,  10
732599,20051015,    34,  1,  28,    42, -1,  17
732599,20051015,    37,  1,  34,    68, -1,  31
732599,20051015,    38,  1,  23,    64, -1,   0
732599,20051015,   156, -1,  44,    41,  1,  16
732599,20051015,    43,  1,  57,    69, -1,   7
732599,20051015,   174, -1,  48,    47,  1,  24
732599,20051015,   165,  1,  20,    48, -1,  10
732599,20051015,    71, -1,  35,    51,  1,  10
732599,20051015,    52,  1,  24,   188, -1,   0
732599,20051015,    53,  1,  53,    54, -1,  22
732599,20051015,    33, -1,  10,    58,  1,   7
732599,20051015,   127, -1,  35,    59,  1,  14
732599,20051015,   143, -1,  13,    62,  1,  10
732599,20051015,    65,  1,  53,   216, -1,  21
732599,20051015,    76,  1,  44,   105, -1,   0
732599,20051015,    77,  1,  28,    45, -1,  16
732599,20051015,   111, -1,  35,    78,  1,  20
732599,20051015,    87,  1,  38,    84, -1,  21
732599,20051015,    90,  1,  21,    46, -1,  13
732599,20051015,    91,  1,  37,   201, -1,  17
732599,20051015,   152,  0,  19,    93,  0,   3
732599,20051015,    74, -1,  24,    98,  1,  17
732599,20051015,    99,  1,  28,   238, -1,  21
732599,20051015,   203, -1,  38,   100,  1,  17
732599,20051015,   212,  1,  27,   204, -1,   3
732599,20051015,   104,  1,  21,    60, -1,  17
732599,20051015,   107,  1,  20,   208, -1,  19
732599,20051015,   109,  1,  10,    92, -1,   7
732599,20051015,   110,  0,  33,   180,  0,  23
732599,20051015,   113,  1,  51,     2, -1,  23
732599,20051015,   114,  1,  27,   157, -1,  25
732599,20051015,   234, -1,  38,   116,  1,  34
732599,20051015,     3, -1,  13,   117,  1,  10
732599,20051015,   119,  1,  27,    88, -1,  24
732599,20051015,   227, -1,  26,   121,  1,  20
732599,20051015,    56, -1,  34,   122,  1,  20
732599,20051015,   124,  1,  44,    16, -1,  12
732599,20051015,   125,  1,   7,    79, -1,   0
732599,20051015,   132,  1,  34,    95, -1,  31
732599,20051015,   136,  1,  37,   102, -1,  27
732599,20051015,   137,  1,  53,   163, -1,   9
732599,20051015,   140,  1,  37,   172, -1,  17
732599,20051015,    73, -1,  55,   141,  1,  14
732599,20051015,    49, -1,  23,   133,  1,  13
732599,20051015,   233, -1,  44,   144,  1,  41
732599,20051015,   131,  1,  24,    55, -1,   8
732599,20051015,   146,  1,  31,    85, -1,  10
732599,20051015,   148,  1,  31,   178, -1,  10
732599,20051015,   214, -1,  34,   149,  1,  31
732599,20051015,   151,  1,  35,   115, -1,  24
732599,20051015,   154,  1,  45,   229, -1,  21
732599,20051015,   158,  1,  31,   183, -1,  17
732599,20051015,   159,  1,  44,   123, -1,  41
732599,20051015,   147, -1,  34,   162,  1,  29
732599,20051015,   206, -1,  41,   164,  1,  21
732599,20051015,   173,  1,  27,   128, -1,  23
732599,20051015,    19,  0,  56,   177,  0,  13
732599,20051015,    57, -1,  24,   181,  1,  17
732599,20051015,   168,  1,  49,    61, -1,   3
732599,20051015,    83, -1,  61,   170,  1,  35
732599,20051015,   184,  1,  52,   210, -1,  31
732599,20051015,   185,  1,  20,    89, -1,  14
732599,20051015,   190,  1,  47,   187, -1,  29
732599,20051015,   167, -1,  31,   191,  1,   9
732599,20051015,   192,  1,  38,    14, -1,  17
732599,20051015,   112, -1,  34,   193,  1,   3
732599,20051015,   197,  1,  42,    39, -1,  17
732599,20051015,   198,  1,  62,   153, -1,  23
732599,20051015,     7, -1,  29,   207,  1,  22
732599,20051015,   200,  1,  59,    94, -1,  20
732599,20051015,    66, -1,  39,    35,  1,  31
732599,20051015,   209,  1,  33,   186, -1,  21
732599,20051015,   175, -1,  28,   215,  1,  19
732599,20051015,    70, -1,  34,   219,  1,  17
732599,20051015,   221,  1,  26,    63, -1,  21
732599,20051015,   211, -1,  44,   230,  1,  41
732599,20051015,   231,  1,  26,    44, -1,  14
732599,20051015,   232,  1,  46,   103, -1,  44
732599,20051015,   235,  1,  37,   120, -1,  28
732599,20051015,   236,  1,  38,   223, -1,  23
732599,20051015,   138, -1,  27,   237,  1,  24
732599,20051015,   239,  1,  23,   225, -1,  21
732599,20051015,    75,  1,  49,   139, -1,  28
732604,20051020,   222, -1,  28,   108,  1,   9
732604,20051020,   204,  1,  18,    62, -1,  13
732604,20051020,   172,  1,  52,   180, -1,  24
732605,20051021,   184, -1,  37,   208,  1,  28
732605,20051021,   210,  1,  34,   205, -1,  24
732606,20051022,   192, -1,  48,     1,  1,  10
732606,20051022,    14, -1,  20,     2,  1,   0
732606,20051022,     3,  1,   6,   194, -1,   3
732606,20051022,     4,  1,  28,    11, -1,  13
732606,20051022,   154, -1,  28,     9,  1,  21
732606,20051022,    13,  1,   3,    59, -1,   0
732606,20051022,    90, -1,  33,    16,  1,  26
732606,20051022,   226, -1,  45,    22,  1,  14
732606,20051022,    99, -1,  42,    24,  1,  10
732606,20051022,    30,  1,  42,   230, -1,  38
732606,20051022,    32,  1,  48,   177, -1,  28
732606,20051022,   224, -1,  38,    33,  1,  20
732606,20051022,   103, -1,  46,    34,  1,  22
732606,20051022,    36,  1,  37,   193, -1,   7
732606,20051022,    39,  1,  44,    93, -1,  13
732606,20051022,    40,  1,  39,   237, -1,  31
732606,20051022,   167, -1,  26,    42,  1,  24
732606,20051022,    23, -1,  38,    43,  1,  24
732606,20051022,    45,  1,  17,    41, -1,   6
732606,20051022,    47,  1,  52,   218, -1,   7
732606,20051022,    48,  1,  34,    92, -1,  28
732606,20051022,    49,  1,  41,   125, -1,  14
732606,20051022,    63, -1,  55,    51,  1,  24
732606,20051022,    54,  1,  33,   179, -1,  32
732606,20051022,   113, -1,  24,    55,  1,  23
732606,20051022,   231, -1,  28,    56,  1,  23
732606,20051022,    61,  1,  31,   141, -1,  17
732606,20051022,    66,  1,  45,    58, -1,   6
732606,20051022,    69,  1,  24,    64, -1,  21
732606,20051022,    70,  1,  23,    12, -1,  20
732606,20051022,    67,  1,  49,    35, -1,  14
732606,20051022,    73,  1,  14,   168, -1,  10
732606,20051022,   161, -1,  27,    74,  1,  24
732606,20051022,    38, -1,  27,    77,  1,  14
732606,20051022,    79,  1,  16,   133, -1,   0
732606,20051022,    65, -1,  40,    80,  1,  10
732606,20051022,   157, -1,  63,    82,  1,  10
732606,20051022,    83,  1,  38,   146, -1,   3
732606,20051022,   151, -1,  41,    84,  1,  10
732606,20051022,   170, -1,  42,    85,  1,  20
732606,20051022,   114, -1,  23,    87,  1,  20
732606,20051022,    88,  1,  37,   153, -1,  10
732606,20051022,    72, -1,  52,    89,  1,  21
732606,20051022,   198, -1,  30,    94,  1,  28
732606,20051022,   131, -1,  34,    95,  1,   3
732606,20051022,   102,  1,  40,   143, -1,  14
732606,20051022,   104,  1,  20,    15, -1,  17
732606,20051022,   109, -1,  35,   105,  1,  14
732606,20051022,    52, -1,  22,   106,  1,  14
732606,20051022,   111,  1,  27,    57, -1,  24
732606,20051022,   147, -1,  49,   115,  1,  14
732606,20051022,   101, -1,  13,   127,  1,  10
732606,20051022,   117,  1,  13,    96, -1,   7
732606,20051022,    78, -1,  28,   118,  1,  16
732606,20051022,   126,  1,  35,   207, -1,  28
732606,20051022,   119,  1,  41,   135, -1,  24
732606,20051022,   121,  1,  14,   166, -1,   0
732606,20051022,   122,  1,  36,    29, -1,  27
732606,20051022,   124,  1,  31,    46, -1,  13
732606,20051022,    53, -1,  35,   128,  1,  28
732606,20051022,   137,  1,  52,   144, -1,  21
732606,20051022,   142,  1,   7,   221, -1,   5
732606,20051022,   209, -1,  20,   130,  1,  14
732606,20051022,   149,  1,  49,    27, -1,  23
732606,20051022,   150,  1,  38,    17, -1,  21
732606,20051022,   152,  1,  37,    18, -1,  30
732606,20051022,   156,  1,  38,   238, -1,  21
732606,20051022,   158,  1,  34,   191, -1,  17
732606,20051022,   159,  1,  45,   145, -1,   0
732606,20051022,   165,  1,  43,    76, -1,  37
732606,20051022,    81, -1,  27,    44,  1,  17
732606,20051022,   171,  1,  21,   190, -1,  14
732606,20051022,   174,  1,  31,    50, -1,  26
732606,20051022,   138, -1,  47,   175,  1,  24
732606,20051022,    75, -1,  45,   176,  1,  38
732606,20051022,   178,  1,  37,   110, -1,  13
732606,20051022,   182,  1,  35,   219, -1,  28
732606,20051022,     7, -1,  38,   185,  1,  16
732606,20051022,   186,  1,  20,   129, -1,  17
732606,20051022,     6, -1,  25,   187,  1,  16
732606,20051022,   189,  1,  45,    10, -1,  35
732606,20051022,    91, -1,  33,   195,  1,   3
732606,20051022,   173, -1,  30,   201,  1,  22
732606,20051022,   197,  1,  52,   200, -1,  17
732606,20051022,   199,  1,  31,   148, -1,  16
732606,20051022,   202,  1,  38,    25, -1,  15
732606,20051022,   206,  1,  20,   181, -1,  13
732606,20051022,   211,  1,  51,   155, -1,  28
732606,20051022,   215, -1,  42,   213,  1,  32
732606,20051022,    20, -1,  45,   216,  1,  21
732606,20051022,   217,  1,  31,   107, -1,   3
732606,20051022,   163, -1,  48,   220,  1,  30
732606,20051022,    68, -1,  55,   223,  1,  52
732606,20051022,    31, -1,  38,   227,  1,  34
732606,20051022,   228,  1,  27,   134, -1,  19
732606,20051022,   214, -1,  51,   229,  1,  24
732606,20051022,   235, -1,  42,   225,  1,   7
732606,20051022,   233,  1,  44,   203, -1,  13
732606,20051022,   234,  1,  31,   162, -1,  20
732606,20051022,     8, -1,  49,   236,  1,  17
732606,20051022,   239,  1,  31,   120, -1,   7
732606,20051022,   132, -1,  41,   164,  1,   9
732606,20051022,    37, -1,  27,   100,  1,  21
732611,20051027,   222,  1,  30,    21, -1,  10
732611,20051027,   170, -1,  31,   235,  1,  20
732611,20051027,   106, -1,  52,   188,  1,  34
732612,20051028,    40, -1,  35,   138,  1,  25
732613,20051029,     3,  1,  35,   216, -1,   3
732613,20051029,     4,  0,  31,     5,  0,  28
732613,20051029,     8,  1,  35,    33, -1,  25
732613,20051029,    10,  1,  44,   229, -1,  20
732613,20051029,    15,  1,  27,   117, -1,   3
732613,20051029,   200, -1,  28,    18,  1,   0
732613,20051029,    20,  1,  49,   136, -1,  14
732613,20051029,     2, -1,  24,    22,  1,  14
732613,20051029,    27,  1,  62,     1, -1,  41
732613,20051029,    23,  1,  34,   156, -1,  20
732613,20051029,   150, -1,  34,    25,  1,  20
732613,20051029,    31,  1,  15,   121, -1,  13
732613,20051029,    28,  1,  21,   202, -1,  17
732613,20051029,    37,  1,  38,   223, -1,  14
732613,20051029,    99, -1,  50,    38,  1,  34
732613,20051029,   238, -1,  37,    41,  1,   3
732613,20051029,    47, -1,  45,    46,  1,  15
732613,20051029,    50,  1,  56,    26, -1,  10
732613,20051029,   228, -1,  44,    51,  1,   6
732613,20051029,   210, -1,  30,    57,  1,  20
732613,20051029,    53,  1,  26,   201, -1,   7
732613,20051029,    60,  0,  14,    70,  0,  10
732613,20051029,    63,  1,  35,   108, -1,  27
732613,20051029,    64,  1,  24,    77, -1,  20
732613,20051029,    68,  1,  21,   100, -1,  16
732613,20051029,    71,  1,  10,    36, -1,   9
732613,20051029,    72,  1,  58,   207, -1,  21
732613,20051029,    74,  1,  42,    45, -1,  14
732613,20051029,    65, -1,  27,    75,  1,  13
732613,20051029,   234, -1,  41,    82,  1,  24
732613,20051029,   225, -1,  31,    83,  1,  17
732613,20051029,    52, -1,  31,    86,  1,  17
732613,20051029,    11, -1,  64,    89,  1,  36
732613,20051029,    91,  1,  43,   196, -1,  17
732613,20051029,   165, -1,  18,    92,  1,  15
732613,20051029,    93,  1,  13,   119, -1,   3
732613,20051029,    39, -1,  23,    94,  1,  20
732613,20051029,    96,  1,  13,   118, -1,   7
732613,20051029,    98,  1,  33,    24, -1,  20
732613,20051029,   102,  1,  31,   176, -1,  14
732613,20051029,   101,  1,  31,   204, -1,  28
732613,20051029,   105,  1,  25,    48, -1,  15
732613,20051029,   137, -1,  34,   109,  1,  28
732613,20051029,   110,  1,  31,   172, -1,  26
732613,20051029,   112,  1,  34,   142, -1,  16
732613,20051029,   115,  1,  46,    84, -1,  15
732613,20051029,   151, -1,  45,   116,  1,  31
732613,20051029,   120,  1,  31,    85, -1,  27
732613,20051029,   122,  1,  37,   159, -1,  16
732613,20051029,   123,  1,  29,   145, -1,  22
732613,20051029,    61, -1,  27,   125,  1,  16
732613,20051029,   152, -1,  31,   135,  1,  24
732613,20051029,    80, -1,  38,   139,  1,  37
732613,20051029,   140,  1,  32,   199, -1,  29
732613,20051029,   141,  1,  26,    79, -1,   7
732613,20051029,    19, -1,  54,   133,  1,  17
732613,20051029,   134,  1,  21,   184, -1,  17
732613,20051029,    17, -1,  31,   131,  1,  17
732613,20051029,   146,  1,  21,   239, -1,   7
732613,20051029,   114, -1,  33,   147,  1,  17
732613,20051029,   148,  1,  14,   144, -1,  12
732613,20051029,   197, -1,  47,   153,  1,  28
732613,20051029,     9, -1,  29,   155,  1,  27
732613,20051029,   157,  1,  33,   162, -1,  15
732613,20051029,   126, -1,  58,   160,  1,  13
732613,20051029,   161,  1,  20,    43, -1,  17
732613,20051029,    76, -1,  38,   163,  1,  24
732613,20051029,   217, -1,  38,   164,  1,  31
732613,20051029,   190, -1,  38,   166,  1,  37
732613,20051029,   167,  1,  31,   132, -1,  21
732613,20051029,    56, -1,  45,    44,  1,  17
732613,20051029,   171,  1,  53,   187, -1,  45
732613,20051029,   173,  1,  31,   195, -1,  11
732613,20051029,   192, -1,  23,   175,  1,  20
732613,20051029,   179,  1,  52,   128, -1,  21
732613,20051029,   168,  1,  24,    49, -1,   3
732613,20051029,    67, -1,  55,   169,  1,  42
732613,20051029,   214,  1,  55,   230, -1,  13
732613,20051029,   130, -1,  37,   186,  1,  21
732613,20051029,   211, -1,  30,   189,  1,  27
732613,20051029,   178, -1,  45,   180,  1,  23
732613,20051029,    34, -1,  22,   191,  1,  16
732613,20051029,   113, -1,  41,   193,  1,  14
732613,20051029,   182, -1,  16,   194,  1,  15
732613,20051029,    88, -1,  42,   198,  1,  14
732613,20051029,   236, -1,  28,    35,  1,  10
732613,20051029,   107,  0,  27,   205,  0,  26
732613,20051029,   209,  1,  20,    29, -1,  13
732613,20051029,   174, -1,  63,   218,  1,  21
732613,20051029,   220,  1,  35,   233, -1,  21
732613,20051029,     6, -1,  38,   227,  1,  10
732613,20051029,   231,  1,  30,    81, -1,  21
732613,20051029,   224,  1,  31,    58, -1,  26
732613,20051029,   226,  1,  44,    95, -1,  14
732613,20051029,   104,  1,  56,   143, -1,   3
732616,20051101,   208, -1,  37,   111,  1,  20
732617,20051102,   232,  1,  45,    42, -1,  13
732618,20051103,   103,  1,  42,   158, -1,  20
732619,20051104,   202, -1,  30,   150,  1,  21
732620,20051105,    14, -1,  27,     1,  1,  24
732620,20051105,     4,  1,  52,    89, -1,   6
732620,20051105,    72, -1,  32,     5,  1,  27
732620,20051105,     6,  1,  20,   166, -1,  17
732620,20051105,     7,  1,  38,   126, -1,  36
732620,20051105,     9,  1,  52,   211, -1,  14
732620,20051105,   182, -1,  14,    12,  1,  10
732620,20051105,   160, -1,  34,    11,  1,   7
732620,20051105,    17,  1,  23,     2, -1,  17
732620,20051105,   197, -1,  62,    18,  1,   0
732620,20051105,    73, -1,  24,    19,  1,  10
732620,20051105,    20,  1,  56,   139, -1,   6
732620,20051105,    47, -1,  41,    26,  1,   7
732620,20051105,    29,  1,  40,    56, -1,  35
732620,20051105,   210,  1,  31,    78, -1,  29
732620,20051105,   131, -1,  31,    28,  1,  28
732620,20051105,    33,  1,  31,    35, -1,  21
732620,20051105,    36,  1,  49,    51, -1,  20
732620,20051105,    39,  1,  41,   119, -1,  12
732620,20051105,    74, -1,  55,    41,  1,   7
732620,20051105,    43, -1,  21,    45,  1,  10
732620,20051105,   109, -1,  35,    48,  1,   7
732620,20051105,    52,  1,  56,    97, -1,  14
732620,20051105,   226, -1,  44,    55,  1,  36
732620,20051105,    60,  1,  49,   219, -1,  42
732620,20051105,    61,  1,  24,   133, -1,  14
732620,20051105,   134, -1,  20,    63,  1,  15
732620,20051105,    64,  1,  28,    24, -1,  21
732620,20051105,    65,  1,  45,   176, -1,   7
732620,20051105,    32, -1,  38,    68,  1,   7
732620,20051105,    67,  1,  27,    66, -1,  24
732620,20051105,    71,  1,  30,   228, -1,  17
732620,20051105,   137, -1,  29,    76,  1,  26
732620,20051105,   168, -1,  23,    79,  1,   9
732620,20051105,    81,  1,  36,   159, -1,  34
732620,20051105,   116, -1,  42,    84,  1,  21
732620,20051105,   225, -1,  63,    85,  1,  35
732620,20051105,   106, -1,  28,    86,  1,  27
732620,20051105,    88,  1,  45,    94, -1,  17
732620,20051105,    93,  1,  40,   135, -1,  15
732620,20051105,    22, -1,  24,    95,  1,  14
732620,20051105,    15, -1,  49,    96,  1,  27
732620,20051105,    38, -1,  18,    98,  1,  15
732620,20051105,    99,  1,  46,    69, -1,  14
732620,20051105,    62, -1,  31,   212,  1,  29
732620,20051105,   104,  1,  24,     8, -1,   0
732620,20051105,   113,  1,  54,    25, -1,  13
732620,20051105,   127,  1,  45,    13, -1,   7
732620,20051105,     3, -1,  17,   118,  1,   0
732620,20051105,    83, -1,  48,   120,  1,  23
732620,20051105,   123,  1,  37,    44, -1,  16
732620,20051105,   141, -1,  24,   125,  1,  21
732620,20051105,    54, -1,  43,   128,  1,   7
732620,20051105,   132,  1,  49,   205, -1,  21
732620,20051105,   136,  1,  38,    75, -1,  28
732620,20051105,   142,  1,  16,    21, -1,  14
732620,20051105,   130,  1,  44,   129, -1,   0
732620,20051105,   101, -1,  31,   143,  1,  28
732620,20051105,   105, -1,  14,   144,  1,  10
732620,20051105,   122, -1,  23,   145,  1,   0
732620,20051105,   147,  1,  28,    87, -1,  27
732620,20051105,   140, -1,  31,   148,  1,  24
732620,20051105,   149,  1,  41,   194, -1,  21
732620,20051105,   151,  1,  40,    82, -1,   2
732620,20051105,   154,  1,  27,    30, -1,  20
732620,20051105,   157,  1,  35,   234, -1,  14
732620,20051105,   161, -1,  30,   156,  1,  13
732620,20051105,   162,  1,  28,   115, -1,  21
732620,20051105,   165,  1,  38,   223, -1,   3
732620,20051105,   183, -1,  45,   167,  1,  31
732620,20051105,    31, -1,  24,   171,  1,  17
732620,20051105,   172,  1,  35,   178, -1,  18
732620,20051105,    37, -1,  42,   177,  1,  16
732620,20051105,   181,  1,  27,   164, -1,   7
732620,20051105,   169,  1,  55,   186, -1,   7
732620,20051105,   214,  1,  51,   189, -1,  21
732620,20051105,   170,  1,  31,   239, -1,  17
732620,20051105,   187,  1,  19,   121, -1,  15
732620,20051105,   180,  1,  27,   209, -1,  17
732620,20051105,   190,  1,  28,   227, -1,  10
732620,20051105,   192,  1,  33,    40, -1,   6
732620,20051105,    53, -1,  27,   195,  1,   3
732620,20051105,   196,  1,  42,   173, -1,  21
732620,20051105,   201,  1,  24,   179, -1,  21
732620,20051105,   185, -1,  44,   207,  1,  20
732620,20051105,   199,  1,  49,   110, -1,   7
732620,20051105,   200,  1,  56,   198, -1,  17
732620,20051105,   203,  1,  40,   220, -1,  19
732620,20051105,   204,  1,  28,    59, -1,  14
732620,20051105,    27, -1,  55,   213,  1,  14
732620,20051105,   215,  1,  43,   237, -1,  13
732620,20051105,   102, -1,  27,   216,  1,  17
732620,20051105,   217,  1,  41,   206, -1,  38
732620,20051105,    50, -1,  49,   218,  1,  24
732620,20051105,   221,  1,  51,   193, -1,   3
732620,20051105,   112, -1,  27,   222,  1,   7
732620,20051105,   155, -1,  18,   229,  1,  10
732620,20051105,    10, -1,  27,   230,  1,  24
732620,20051105,   224,  1,  24,   236, -1,   0
732620,20051105,   146, -1,  23,   235,  1,  20
732620,20051105,    92, -1,  30,   233,  1,  29
732620,20051105,    23, -1,  38,   238,  1,  21
732623,20051108,   184, -1,  27,   107,  1,  24
732624,20051109,   232, -1,  38,    34,  1,   0
732625,20051110,    65,  1,  27,    20, -1,   7
732625,20051110,   168,  1,  65,   125, -1,  15
732626,20051111,   103,  1,  56,   167, -1,   5
732627,20051112,   104, -1,  16,     3,  1,  13
732627,20051112,   210, -1,  27,   208,  1,  21
732627,20051112,     4, -1,  28,     7,  1,  21
732627,20051112,     8,  1,  35,   224, -1,   7
732627,20051112,   229, -1,  38,     9,  1,  14
732627,20051112,   185, -1,  27,    11,  1,  21
732627,20051112,    13,  1,   9,   204, -1,   3
732627,20051112,    14,  1,  34,   109, -1,  27
732627,20051112,    21,  1,  30,   134, -1,  10
732627,20051112,    23,  1,  24,    45, -1,  14
732627,20051112,    29,  1,  20,   186, -1,  10
732627,20051112,   214, -1,  35,    30,  1,  10
732627,20051112,    32,  1,  31,   100, -1,  30
732627,20051112,    36,  1,  35,    63, -1,  14
732627,20051112,    38,  1,  16,    24, -1,  10
732627,20051112,   175, -1,  30,    40,  1,  10
732627,20051112,    43,  1,  45,    41, -1,   7
732627,20051112,    49,  1,  38,   141, -1,  17
732627,20051112,    53,  1,  31,   196, -1,  20
732627,20051112,    54,  1,  31,   201, -1,  17
732627,20051112,    17, -1,  26,    55,  1,  25
732627,20051112,    56,  1,  35,   123, -1,  14
732627,20051112,    59,  1,  26,   143, -1,  23
732627,20051112,    99, -1,  40,    64,  1,   3
732627,20051112,    66,  1,  34,   236, -1,  21
732627,20051112,    46, -1,  10,    69,  1,   3
732627,20051112,    15, -1,  31,    70,  1,  30
732627,20051112,    67,  1,  63,   124, -1,  17
732627,20051112,    73,  1,  34,    61, -1,  14
732627,20051112,    74,  1,  29,   156, -1,   3
732627,20051112,    75,  1,  50,   216, -1,  23
732627,20051112,    98, -1,  41,    77,  1,  21
732627,20051112,    19, -1,  45,    79,  1,  16
732627,20051112,   102, -1,  41,    80,  1,  38
732627,20051112,    83,  1,  70,    85, -1,  28
732627,20051112,    88,  1,  30,    39, -1,  16
732627,20051112,    92,  1,  28,   220, -1,  13
732627,20051112,    25, -1,  10,    95,  1,   6
732627,20051112,    97,  1,  30,   188, -1,  14
732627,20051112,   101,  1,  28,    62, -1,   7
732627,20051112,   105,  1,  27,   163, -1,  24
732627,20051112,   110,  1,  22,   148, -1,  17
732627,20051112,   114,  1,  41,    84, -1,  14
732627,20051112,   212, -1,  34,   127,  1,  31
732627,20051112,   116,  1,  41,   115, -1,  18
732627,20051112,    12, -1,  28,   117,  1,  17
732627,20051112,   126,  1,  38,     5, -1,  33
732627,20051112,   119,  1,  31,    18, -1,  16
732627,20051112,   121,  1,  16,     6, -1,  13
732627,20051112,   128,  1,  42,    16, -1,   6
732627,20051112,   135,  1,  27,    94, -1,  25
732627,20051112,   137,  1,  56,    86, -1,   0
732627,20051112,   136, -1,  48,   139,  1,  24
732627,20051112,   108, -1,  33,   142,  1,  30
732627,20051112,   130,  1,  41,   169, -1,  17
732627,20051112,    76, -1,  20,   144,  1,  17
732627,20051112,   145,  1,  42,    81, -1,  28
732627,20051112,   129,  1,  24,   172, -1,   3
732627,20051112,   146,  1,  25,   170, -1,  24
732627,20051112,   149,  1,  42,   132, -1,  21
732627,20051112,   151,  1,  48,   147, -1,   7
732627,20051112,   152,  1,  36,   198, -1,  30
732627,20051112,   153,  1,  24,   200, -1,  17
732627,20051112,   189, -1,  20,   155,  1,  17
732627,20051112,   158,  1,  24,    42, -1,   0
732627,20051112,   159,  1,  39,   231, -1,  14
732627,20051112,   160,  1,  27,    89, -1,   9
732627,20051112,   238, -1,  21,   161,  1,  14
732627,20051112,   162,  1,  37,    82, -1,   3
732627,20051112,   164,  1,  42,   205, -1,  34
732627,20051112,   171, -1,  27,   166,  1,  20
732627,20051112,   122, -1,  31,    44,  1,  14
732627,20051112,    91, -1,  26,   173,  1,  20
732627,20051112,   174,  1,  42,   106, -1,  35
732627,20051112,    68, -1,  31,   177,  1,  21
732627,20051112,   140, -1,  38,   178,  1,  28
732627,20051112,   179,  1,  32,   195, -1,  24
732627,20051112,   182,  1,  30,    60, -1,  22
732627,20051112,   199, -1,  38,   180,  1,  21
732627,20051112,   190,  1,  23,    31, -1,  21
732627,20051112,   183, -1,  27,   191,  1,   0
732627,20051112,   192,  1,  51,   213, -1,   3
732627,20051112,   194,  1,  20,   111, -1,  16
732627,20051112,   197,  1,  66,    93, -1,  14
732627,20051112,    35,  1,  21,    58, -1,   0
732627,20051112,   165, -1,  48,   203,  1,  21
732627,20051112,   206,  1,  45,    57, -1,  13
732627,20051112,   211,  1,  45,    10, -1,  35
732627,20051112,   138, -1,  31,   215,  1,  27
732627,20051112,   217,  1,  45,   207, -1,   0
732627,20051112,    96, -1,  48,   219,  1,  43
732627,20051112,   221,  1,  27,    71, -1,  17
732627,20051112,   227,  1,  23,   187, -1,  21
732627,20051112,   154, -1,  34,   230,  1,  31
732627,20051112,   225,  1,  34,   120, -1,  24
732627,20051112,   226,  1,  31,    28, -1,  24
732627,20051112,    48, -1,  22,   233,  1,  21
732627,20051112,    87, -1,  20,   234,  1,  10
732627,20051112,    27, -1,  35,   237,  1,  21
732627,20051112,   239,  1,  42,   235, -1,  10
732627,20051112,   112, -1,  47,   228,  1,  17
732628,20051113,    78,  1,  27,   184, -1,  24
732630,20051115,     2,  1,  27,   150, -1,   3
732630,20051115,    22, -1,  42,   113,  1,  14
732631,20051116,   131, -1,  35,   202,  1,  17
732632,20051117,   201,  1,  49,   128, -1,  20
732632,20051117,   148,  1,  41,   180, -1,  21
732634,20051119,    71, -1,  14,   112,  1,  10
732634,20051119,    12,  0,  44,   118,  0,  10
732634,20051119,    14,  1,  38,    13, -1,  10
732634,20051119,    15,  1,  28,     3, -1,  18
732634,20051119,    28, -1,  31,    17,  1,  24
732634,20051119,    18,  1,  44,   153, -1,  34
732634,20051119,    61,  0,  26,    19,  0,  23
732634,20051119,    20,  1,  70,    80, -1,  35
732634,20051119,   215, -1,  41,    27,  1,  34
732634,20051119,    77, -1,  51,    24,  1,  33
732634,20051119,    55, -1,  38,    25,  1,  14
732634,20051119,    29,  1,  35,    81, -1,  10
732634,20051119,    32,  1,  34,    37, -1,  27
732634,20051119,    66, -1,  56,    33,  1,  35
732634,20051119,    23, -1,  52,    41,  1,  21
732634,20051119,   161, -1,  30,    45,  1,   0
732634,20051119,    49,  1,  23,    79, -1,   7
732634,20051119,    56,  1,  24,   209, -1,   7
732634,20051119,     8, -1,  52,    58,  1,  14
732634,20051119,    62,  1,  38,   235, -1,  35
732634,20051119,     6, -1,  41,    64,  1,   0
732634,20051119,   236, -1,  56,    68,  1,  42
732634,20051119,    38, -1,  34,    69,  1,   7
732634,20051119,    70,  1,  45,    96, -1,  13
732634,20051119,    73,  1,  44,   177, -1,   6
732634,20051119,    76,  1,  21,   109, -1,  10
732634,20051119,   147, -1,  38,    82,  1,  21
732634,20051119,   162, -1,  41,    84,  1,  14
732634,20051119,    87,  1,  52,   116, -1,  28
732634,20051119,     7, -1,  31,    89,  1,  14
732634,20051119,    53, -1,  10,    91,  1,   6
732634,20051119,    92,  1,  55,   203, -1,  14
732634,20051119,    94,  1,  36,   119, -1,  28
732634,20051119,    98, -1,  23,    99,  1,  19
732634,20051119,   106,  1,  30,   190, -1,  28
732634,20051119,    57, -1,  34,   107,  1,  29
732634,20051119,    21, -1,  31,   108,  1,  16
732634,20051119,   151, -1,  25,   114,  1,  21
732634,20051119,   157, -1,  31,   115,  1,  22
732634,20051119,   104, -1,  40,   117,  1,   7
732634,20051119,   178, -1,  38,   126,  1,  21
732634,20051119,   123,  1,  16,   122, -1,   6
732634,20051119,   132,  1,  38,   193, -1,  17
732634,20051119,   137,  1,  59,   105, -1,  47
732634,20051119,     1, -1,  42,   138,  1,  24
732634,20051119,   140,  1,  39,   110, -1,  26
732634,20051119,   141,  1,  34,   100, -1,  17
732634,20051119,   142,  1,  24,    51, -1,  21
732634,20051119,   168,  0,  43,   133,  0,  27
732634,20051119,   134,  1,  24,   127, -1,   3
732634,20051119,   146,  1,  41,   145, -1,  17
732634,20051119,   149,  1,  34,   191, -1,  10
732634,20051119,   154,  1,  56,   155, -1,  14
732634,20051119,    43, -1,  16,   156,  1,   7
732634,20051119,     4, -1,  31,   160,  1,  16
732634,20051119,   144, -1,  17,   163,  1,  14
732634,20051119,   165,  1,  41,   233, -1,   7
732634,20051119,   175,  1,  34,   237, -1,  21
732634,20051119,   176,  1,  27,   139, -1,  10
732634,20051119,    36, -1,  13,   182,  1,   9
732634,20051119,   169,  1,  30,   129, -1,  14
732634,20051119,   183,  1,  31,    34, -1,  16
732634,20051119,   214,  1,  50,    65, -1,  42
732634,20051119,   170,  1,   9,   130, -1,   0
732634,20051119,   231, -1,  27,   186,  1,  10
732634,20051119,    52, -1,  44,   187,  1,  17
732634,20051119,    30, -1,  27,   189,  1,   3
732634,20051119,   219, -1,  28,   194,  1,  24
732634,20051119,    54, -1,  49,   195,  1,   0
732634,20051119,   196,  1,  31,   179, -1,  24
732634,20051119,    11, -1,  40,   207,  1,  23
732634,20051119,   199,  1,  26,   172, -1,  23
732634,20051119,   200,  1,  23,   152, -1,  21
732634,20051119,    40, -1,  31,   213,  1,  27
732634,20051119,   136, -1,  30,   216,  1,  24
732634,20051119,    48, -1,  38,   220,  1,  13
732634,20051119,   222, -1,  52,   221,  1,  14
732634,20051119,    35, -1,  22,   223,  1,  14
732634,20051119,   230, -1,  26,   229,  1,  22
732634,20051119,    74, -1,  30,   238,  1,  24
732634,20051119,   212, -1,  24,   143,  1,  19
732634,20051119,   181, -1,  29,    78,  1,  24
732634,20051119,   210, -1,  31,   164,  1,  28
732634,20051119,   174,  1,  47,   124, -1,  40
732634,20051119,   111, -1,  24,   184,  1,  22
732634,20051119,   206,  0,  38,   205,  0,  14
732634,20051119,   208, -1,  35,   217,  1,  23
732636,20051121,   113, -1,  38,   150,  1,   7
732637,20051122,   202, -1,  44,    22,  1,  41
732638,20051123,   131,  1,  42,   226, -1,   7
732639,20051124,   232,  1,  45,   158, -1,  13
732639,20051124,     2,  1,  35,    95, -1,   3
732640,20051125,    10,  1,  23,     9, -1,  20
732640,20051125,   135, -1,  30,    39,  1,   3
732640,20051125,   234, -1,  41,    75,  1,  24
732640,20051125,   197, -1,  40,   198,  1,  29
732640,20051125,   104,  1,  19,    12, -1,  17
732640,20051125,   160, -1,  30,   207,  1,  27
732641,20051126,    42,  1,  15,   183, -1,  10
732641,20051126,    57,  1,  31,   208, -1,  23
732641,20051126,    60,  1,  34,    63, -1,   7
732641,20051126,    62,  1,  52,    59, -1,   6
732641,20051126,    70, -1,  14,    71,  1,   7
732641,20051126,    78,  1,  35,   164, -1,  18
732641,20051126,   194, -1,  27,    96,  1,   8
732641,20051126,    20, -1,  30,   102,  1,  13
732641,20051126,   103,  1,  41,   191, -1,  17
732641,20051126,   111,  1,  26,   107, -1,   3
732641,20051126,   112,  1,  25,   221, -1,  17
732641,20051126,   118,  1,  35,   117, -1,  14
732641,20051126,   136,  1,  38,    65, -1,  35
732641,20051126,   216, -1,  24,   139,  1,  21
732641,20051126,   134,  1,  20,   108, -1,  14
732641,20051126,    13, -1,  31,   143,  1,  24
732641,20051126,   152,  1,  42,   153, -1,  14
732641,20051126,   167,  1,  44,    34, -1,   9
732641,20051126,   176,  1,  26,    80, -1,  18
732641,20051126,    72,  0,  50,   185,  0,  35
732641,20051126,   149, -1,  38,   189,  1,  31
732641,20051126,   127, -1,  17,   204,  1,   7
732641,20051126,   209,  1,  24,   129, -1,  14
732641,20051126,   222,  1,  30,   142, -1,   3
732641,20051126,    93,  1,  24,    88, -1,  21
732641,20051126,   101, -1,  54,   212,  1,  21
732641,20051126,   181,  1,  40,   217, -1,  27
732641,20051126,   184,  1,  26,   205, -1,   7
732641,20051126,   137,  1,  55,    38, -1,  21
732641,20051126,    66,  1,  14,   140, -1,  12
732641,20051126,   170, -1,  21,    53,  1,   6
732641,20051126,    29, -1,  35,   122,  1,  21
732641,20051126,     8,  1,  34,    98, -1,  23
732641,20051126,   199,  1,  50,    67, -1,  35
732641,20051126,   146,  1,  41,    56, -1,  38
732641,20051126,   165, -1,  38,    73,  1,  10
732646,20051201,     2,  0,  31,   131,  0,  30
732647,20051202,   102, -1,  40,    65,  1,  28
732648,20051203,   232, -1,  28,   183,  1,  13
732648,20051203,   103, -1,  30,    42,  1,  20
732648,20051203,    75,  1,  49,   175, -1,  38
732648,20051203,   132,  0,  42,    14,  0,  23
732648,20051203,   214,  1,  66,   211, -1,  19
732648,20051203,    72, -1,  46,     7,  1,  19
732648,20051203,     8,  1,  38,   170, -1,  24
732648,20051203,   206, -1,  44,   210,  1,  27
732648,20051203,    63,  0,  27,   222,  0,  22
732648,20051203,    70,  0,  34,   104,  0,  14
732648,20051203,   146, -1,  24,   137,  1,  21
732648,20051203,    66, -1,  24,   165,  1,  20
732648,20051203,   197,  0,  70,    39,  0,   3
732648,20051203,   199,  1,  14,    29, -1,   7
732648,20051203,    62,  1,  35,   127, -1,  31
732654,20051209,   146, -1,  40,   199,  1,  37
732655,20051210,    72,  0,  45,     4,  0,   6
732655,20051210,     8,  1,  29,    66, -1,  23
732661,20051216,     8,  0,  21,   146,  0,  16
732665,20051220,   184,  0,  31,    13,  0,  19
732666,20051221,   202,  0,  45,   217,  0,  13
732667,20051222,    30,  0,  35,    27,  0,  28
732667,20051222,   132,  0,  51,    40,  0,  30
732668,20051223,    93,  0,  42,    78,  0,  13
732669,20051224,   136,  0,  49,   210,  0,  48
732671,20051226,   111,  0,  38,     2,  0,  31
732672,20051227,    10,  0,  45,   167,  0,  40
732672,20051227,    36,  0,  19,    39,  0,  10
732673,20051228,    21, -1,  27,    20,  1,  21
732673,20051228,   135,  0,  32,   114,  0,  28
732674,20051229,   152,  0,  17,   154,  0,  14
732674,20051229,   215,  0,  38,    71,  0,  10
732675,20051230,   104,  0,  40,   112,  0,   3
732675,20051230,   119,  0,  38,   182,  0,  31
732675,20051230,   221,  0,  34,   116,  0,  31
732675,20051230,   211,  0,  50,   147,  0,  38
732676,20051231,   134,  0,  14,   183,  0,   0
732676,20051231,   192,  0,  27,    88,  0,  24
732676,20051231,   206,  0,  31,    65,  0,  24
732678,20060102,   234,  0,  24,    15,  0,  10
732678,20060102,    60,  0,  31,    87,  0,  24
732678,20060102,   232,  0,  38,    70,  0,  35
732678,20060102,   151,  0,  34,   149,  0,  20
732678,20060102,     3,  0,  13,   200,  0,  10
732678,20060102,   222,  0,  35,   103,  0,  24
732679,20060103,   157,  0,  26,    63,  0,  23
732680,20060104,   197,  0,  41,   214,  0,  38
