734382,20100902,    17,  1,  27,   184, -1,  10
734382,20100902,    26,  1,  31,   168, -1,   0
734382,20100902,    29,  1,  33,    77, -1,   0
734382,20100902,   219, -1,  49,    79,  1,  36
734382,20100902,    83,  1,  45,   146, -1,   0
734382,20100902,    87,  1,  51,   208, -1,  17
734382,20100902,    90,  1,  27,   133, -1,  10
734382,20100902,    97,  1,  41,   130, -1,  10
734382,20100902,   154,  1,  45,   109, -1,   7
734382,20100902,   114,  1,  45,    64, -1,   0
734382,20100902,   118, -1,  24,   129,  1,  17
734382,20100902,   139,  1,  49,    59, -1,  24
734382,20100902,   220,  1,  27,   162, -1,  24
734382,20100902,   172,  1,  31,   144, -1,   0
734382,20100902,   187,  1,  41,   190, -1,  13
734382,20100902,   210,  1,  27,   183, -1,  21
734382,20100902,   233,  1,  53,   165, -1,  13
734382,20100902,     6, -1,   3,   107,  1,   0
734382,20100902,   230,  1,  45,   223, -1,   0
734382,20100902,    62, -1,  32,   213,  1,  31
734383,20100903,     9, -1,  41,   207,  1,   2
734383,20100903,   198,  1,  31,   225, -1,  24
734383,20100903,   122,  1,  31,    57, -1,   9
734383,20100903,   176, -1,  28,   108,  1,  25
734384,20100904,     1,  1,  65,   151, -1,  21
734384,20100904,   196, -1,  29,     2,  1,   3
734384,20100904,     3,  1,  48,   181, -1,   3
734384,20100904,    10,  1,  54,   163, -1,   9
734384,20100904,    12,  1,  44,   201, -1,   3
734384,20100904,    15,  1,  52,    13, -1,  26
734384,20100904,    14, -1,  31,    58,  1,  27
734384,20100904,    18,  1,  34,   177, -1,   3
734384,20100904,    21,  1,  38,   236, -1,  20
734384,20100904,   209,  1,  30,    22, -1,  27
734384,20100904,    28,  1,  23,   234, -1,  17
734384,20100904,    31,  1,  52,   214, -1,   3
734384,20100904,   215,  1,  38,   188, -1,   7
734384,20100904,    68,  1,  28,    37, -1,  14
734384,20100904,    39,  1,  35,   147, -1,  10
734384,20100904,    42,  0,  24,    43,  0,   3
734384,20100904,   116,  1,  30,    45, -1,  10
734384,20100904,    54,  1,  41,    61, -1,  27
734384,20100904,    63,  1,  34,   115, -1,  12
734384,20100904,    66,  1,  59,   178, -1,   6
734384,20100904,    73,  1,  55,   103, -1,   7
734384,20100904,    75,  1,  41,   173, -1,  10
734384,20100904,    81,  1,  68,   204, -1,  28
734384,20100904,   121,  0,  23,    85,  0,  13
734384,20100904,    89,  1,  37,    56, -1,   7
734384,20100904,   132, -1,   6,    95,  1,   3
734384,20100904,    96,  1,  31,   216, -1,  22
734384,20100904,    98, -1,  23,   105,  1,  16
734384,20100904,   106,  0,  30,   145,  0,  24
734384,20100904,   104,  0,  20,    76,  0,   6
734384,20100904,   120,  1,  49,   113, -1,   7
734384,20100904,   117,  1,  38,   231, -1,  14
734384,20100904,    93, -1,  49,   119,  1,  48
734384,20100904,   138,  1,  49,   240, -1,  10
734384,20100904,   239, -1,  41,   218,  1,  21
734384,20100904,   158,  1,  72,   141, -1,   0
734384,20100904,   137,  1,  48,   229, -1,   7
734384,20100904,   150, -1,  23,   224,  1,  21
734384,20100904,   152,  1,  23,   167, -1,  12
734384,20100904,   153,  1,  33,   241, -1,  10
734384,20100904,   155,  1,  31,   221, -1,  24
734384,20100904,   156,  1,  65,   235, -1,  17
734384,20100904,   197,  0,  30,   159,  0,  21
734384,20100904,   161,  1,  44,   244, -1,  14
734384,20100904,   202, -1,  34,   169,  1,  17
734384,20100904,   180,  1,  47,   143, -1,   0
734384,20100904,   189,  1,  59,   195, -1,  14
734384,20100904,   194,  1,  52,    47, -1,  17
734384,20100904,   199,  1,  50,   206, -1,   0
734384,20100904,   203,  1,  48,   185, -1,   7
734384,20100904,   222,  1,  31,    11, -1,  10
734384,20100904,   226,  1,  34,   170, -1,  13
734384,20100904,   237,  1,  31,    40, -1,   0
734384,20100904,   242,  1,  28,   192, -1,  20
734384,20100904,     5,  1,  34,   128, -1,   6
734384,20100904,    24,  1,  44,    67, -1,  30
734384,20100904,     8, -1,  42,    36,  1,  41
734384,20100904,    41,  1,  30,   123, -1,  29
734384,20100904,    72, -1,  20,    49,  1,  10
734384,20100904,    50,  1,  28,   171, -1,  14
734384,20100904,   101, -1,  28,    53,  1,  14
734384,20100904,    55,  1,  17,    25, -1,  13
734384,20100904,    70,  1,  48,   182, -1,   3
734384,20100904,    80,  1,  38,    82, -1,   7
734384,20100904,    94,  1,  48,   126, -1,   7
734384,20100904,   102,  1,  52,   193, -1,   7
734384,20100904,   111,  1,  27,   238, -1,  23
734384,20100904,   140,  1,  33,    34, -1,   3
734384,20100904,    92, -1,  35,   157,  1,  25
734384,20100904,   200,  1,  27,     4, -1,  14
734384,20100904,   112,  1,  30,   100, -1,  27
734385,20100905,    60,  1,  51,   211, -1,  49
734385,20100905,   205,  1,  35,   186, -1,  27
734385,20100905,   191,  0,  37,    52,  0,  27
734385,20100905,   164, -1,  16,   212,  1,  14
734386,20100906,    20,  0,  33,   227,  0,  30
734386,20100906,   110,  0,  17,   134,  0,  14
734389,20100909,    15, -1,  17,   120,  1,  14
734389,20100909,   198,  1,  13,    29, -1,  10
734390,20100910,    81,  1,  54,   222, -1,  24
734390,20100910,   237, -1,  24,   109,  1,  21
734391,20100911,     1,  1,  35,    28, -1,  14
734391,20100911,    71, -1,  38,     2,  1,  37
734391,20100911,     3,  1,  24,   161, -1,   3
734391,20100911,   186,  1,  28,   213, -1,   7
734391,20100911,     9,  1,  52,    38, -1,   6
734391,20100911,    10,  1,  41,   148, -1,  20
734391,20100911,    12,  0,  31,   217,  0,   7
734391,20100911,   103,  1,  31,    13, -1,  24
734391,20100911,    79, -1,  31,    14,  1,  28
734391,20100911,   102, -1,  27,    17,  1,  23
734391,20100911,    18,  1,  34,    26, -1,   6
734391,20100911,    21,  1,  26,    97, -1,  13
734391,20100911,   211,  1,  33,    22, -1,  20
734391,20100911,    31,  1,  52,    42, -1,   7
734391,20100911,   137, -1,  28,   215,  1,  21
734391,20100911,    37,  1,  40,    88, -1,   7
734391,20100911,    39,  1,  58,   165, -1,  21
734391,20100911,   139,  1,  51,    43, -1,   6
734391,20100911,    45,  1,  62,   212, -1,   3
734391,20100911,   233,  1,  54,    54, -1,  48
734391,20100911,    60,  1,  49,   113, -1,  27
734391,20100911,   115,  1,  28,    58, -1,  21
734391,20100911,    63,  1,  38,   189, -1,  14
734391,20100911,   117,  0,  30,    62,  0,  17
734391,20100911,   172, -1,  19,    65,  1,  14
734391,20100911,   155,  1,  47,    66, -1,  17
734391,20100911,   187,  1,  17,    73, -1,   6
734391,20100911,    95,  1,  28,    75, -1,  25
734391,20100911,   138,  1,  38,    83, -1,  17
734391,20100911,    85,  1,  35,   175, -1,   3
734391,20100911,    89,  1,  35,    90, -1,   7
734391,20100911,    96,  1,  48,   122, -1,  24
734391,20100911,    98,  1,  63,   240, -1,  28
734391,20100911,   106, -1,  27,   224,  1,   3
734391,20100911,   203,  1,  48,   104, -1,  16
734391,20100911,   105,  1,  23,    57, -1,  13
734391,20100911,   110,  1,  62,   127, -1,   3
734391,20100911,   154,  1,  36,   114, -1,  24
734391,20100911,   116, -1,  28,   152,  1,  24
734391,20100911,   129,  1,  56,    16, -1,  33
734391,20100911,   188, -1,  41,   118,  1,  38
734391,20100911,   119, -1,  27,   210,  1,  13
734391,20100911,   121,  1,  50,   112, -1,   6
734391,20100911,   134,  1,  13,    70, -1,   7
734391,20100911,   220,  1,  38,   218, -1,  10
734391,20100911,   205, -1,  52,   141,  1,  17
734391,20100911,   180, -1,  41,   142,  1,  21
734391,20100911,   169, -1,  32,   147,  1,  31
734391,20100911,   133,  1,  23,   146, -1,  17
734391,20100911,   150,  1,  37,    86, -1,   3
734391,20100911,   207, -1,  20,   153,  1,  13
734391,20100911,   156,  1,  41,   209, -1,  38
734391,20100911,   158, -1,  48,   199,  1,  13
734391,20100911,   162,  1,  38,   140, -1,  16
734391,20100911,   167,  1,  31,   230, -1,  21
734391,20100911,   239,  1,  27,   181, -1,  14
734391,20100911,   219,  1,  17,   226, -1,  14
734391,20100911,   190,  1,  34,   164, -1,   7
734391,20100911,   194, -1,  35,   216,  1,   0
734391,20100911,   234,  1,  41,   196, -1,  20
734391,20100911,   202,  1,  34,   242, -1,   7
734391,20100911,   197,  1,  62,   201, -1,   7
734391,20100911,   221,  1,  38,    84, -1,  17
734391,20100911,    94, -1,  21,   227,  1,  16
734391,20100911,   235,  1,  23,   125, -1,  22
734391,20100911,   231,  1,  49,   143, -1,  14
734391,20100911,     5,  1,  38,    11, -1,  31
734391,20100911,     8,  1,  45,    92, -1,  14
734391,20100911,    30,  1,  35,   124, -1,  33
734391,20100911,   157, -1,  44,    32,  1,  13
734391,20100911,   241, -1,  34,    35,  1,  23
734391,20100911,    51,  1,  26,   174, -1,   3
734391,20100911,    64, -1,  17,    52,  1,  14
734391,20100911,    55,  1,  35,    50, -1,  31
734391,20100911,    33, -1,  37,    56,  1,   7
734391,20100911,    67,  1,  27,   168, -1,  25
734391,20100911,    69,  1,  45,    41, -1,  15
734391,20100911,    77, -1,  31,    82,  1,  21
734391,20100911,    93,  1,  21,    36, -1,  17
734391,20100911,    72, -1,  28,    99,  1,  24
734391,20100911,   225, -1,  35,   101,  1,   0
734391,20100911,   108,  1,  14,    25, -1,   3
734391,20100911,   111,  1,  31,    80, -1,   7
734391,20100911,   107, -1,  31,   123,  1,  23
734391,20100911,   126,  1,  31,   193, -1,  21
734391,20100911,   184, -1,  30,   130,  1,  17
734391,20100911,   144,  1,  23,   135, -1,  14
734391,20100911,   149,  1,  16,   132, -1,   9
734391,20100911,   178, -1,  19,   151,  1,   7
734391,20100911,   171, -1,  35,   176,  1,  31
734391,20100911,   183,  1,  24,   206, -1,  10
734391,20100911,   173,  1,  44,   128, -1,   0
734391,20100911,   192,  1,  32,   179, -1,   3
734391,20100911,   185,  1,  59,     6, -1,  14
734391,20100911,    91,  0,  33,   200,  0,  26
734391,20100911,   208,  1,  47,    40, -1,  45
734391,20100911,   163, -1,  41,   214,  1,  33
734391,20100911,   236,  1,  50,   131, -1,  47
734391,20100911,   238,  1,  45,   228, -1,   0
734391,20100911,   244,  1,  31,    27, -1,   7
734396,20100916,   137,  1,  30,    37, -1,  19
734397,20100917,   139,  1,  52,    31, -1,  31
734397,20100917,   190,  1,  31,    95, -1,  16
734398,20100918,   155,  1,  27,     1, -1,  24
734398,20100918,    98,  1,  47,     2, -1,  10
734398,20100918,     3, -1,  62,    54,  1,  13
734398,20100918,   213,  1,  34,   209, -1,  33
734398,20100918,     9,  1,  34,    89, -1,  27
734398,20100918,   239,  1,  20,    10, -1,  19
734398,20100918,    12, -1,  31,    73,  1,  24
734398,20100918,    13,  1,  34,   217, -1,  20
734398,20100918,    14,  1,  24,   147, -1,   0
734398,20100918,    15,  1,  27,    39, -1,  24
734398,20100918,   167,  1,  24,    17, -1,  13
734398,20100918,   197,  1,  45,    18, -1,  10
734398,20100918,    20, -1,  51,   242,  1,   6
734398,20100918,    22,  1,  44,   109, -1,  28
734398,20100918,    66,  1,  34,    28, -1,  10
734398,20100918,   215, -1,  24,    26,  1,  10
734398,20100918,    29, -1,  52,    58,  1,  14
734398,20100918,    42,  1,  31,    79, -1,  13
734398,20100918,   115,  1,  31,    43, -1,  10
734398,20100918,   198,  1,  30,    45, -1,  16
734398,20100918,   227,  1,  49,    60, -1,  27
734398,20100918,    63, -1,  31,   199,  1,  17
734398,20100918,   203,  1,  27,    65, -1,  20
734398,20100918,    68, -1,  41,   221,  1,  24
734398,20100918,    75, -1,  30,   145,  1,  24
734398,20100918,   216,  1,  31,    81, -1,  13
734398,20100918,    83,  1,  30,   218, -1,   7
734398,20100918,    85,  1,  28,   133, -1,  22
734398,20100918,    87, -1,  38,   240,  1,  21
734398,20100918,    96,  0,  27,    90,  0,  20
734398,20100918,   161,  1,  24,    97, -1,   0
734398,20100918,   106,  1,  29,   120, -1,   7
734398,20100918,   134, -1,  37,   104,  1,  23
734398,20100918,   159,  1,  35,   105, -1,  28
734398,20100918,   237,  1,  31,   110, -1,  17
734398,20100918,   113,  1,  24,   129, -1,  17
734398,20100918,   116,  1,  42,   111, -1,  37
734398,20100918,   117,  1,  34,   152, -1,  31
734398,20100918,   219, -1,  32,   118,  1,  21
734398,20100918,   224, -1,  28,   119,  1,  14
734398,20100918,   121,  1,  27,   180, -1,  24
734398,20100918,   138, -1,  56,   234,  1,  21
734398,20100918,   220, -1,  56,   141,  1,  14
734398,20100918,   222,  1,  42,   142, -1,  10
734398,20100918,   150, -1,  30,   169,  1,  13
734398,20100918,   154,  1,  43,   153, -1,   7
734398,20100918,   156,  1,  65,   211, -1,  28
734398,20100918,   158,  1,  69,   163, -1,   0
734398,20100918,   181,  1,  16,   192, -1,  11
734398,20100918,   187,  1,  38,    69, -1,  19
734398,20100918,   186,  1,  35,   235, -1,  21
734398,20100918,   194,  1,  68,   233, -1,  24
734398,20100918,   196,  1,  38,   107, -1,  14
734398,20100918,   202, -1,  24,   205,  1,  14
734398,20100918,   207, -1,  37,   231,  1,  24
734398,20100918,     8,  1,  44,   136, -1,  16
734398,20100918,    19,  1,  42,   182, -1,   7
734398,20100918,    23,  1,  33,   195, -1,  30
734398,20100918,    48, -1,  43,    25,  1,  20
734398,20100918,    49, -1,  28,    32,  1,  27
734398,20100918,    33,  1,  21,   130, -1,  20
734398,20100918,    36,  1,  42,    57, -1,  24
734398,20100918,    70, -1,  43,    40,  1,  26
734398,20100918,    67, -1,  16,    44,  1,   9
734398,20100918,    50,  1,  34,   126, -1,  28
734398,20100918,    51,  1,  30,    55, -1,   6
734398,20100918,    59,  1,  36,   124, -1,  27
734398,20100918,   229, -1,  28,    71,  1,  14
734398,20100918,    76,  1,  28,    91, -1,  21
734398,20100918,    77,  1,  35,   135, -1,  21
734398,20100918,    78,  1,  34,    80, -1,   6
734398,20100918,    64, -1,  50,    82,  1,   7
734398,20100918,   101,  1,  35,   166, -1,  22
734398,20100918,     7, -1,  27,   128,  1,   9
734398,20100918,   125,  1,  48,    53, -1,  21
734398,20100918,   132,  1,  35,   127, -1,   9
734398,20100918,   131,  1,  35,    84, -1,  21
734398,20100918,   185, -1,  22,   149,  1,  20
734398,20100918,   238, -1,  21,   157,  1,  17
734398,20100918,   160,  1,  19,    99, -1,  14
734398,20100918,     5, -1,  18,   164,  1,  15
734398,20100918,   168,  1,  28,   140, -1,  25
734398,20100918,   170,  1,  27,    61, -1,  21
734398,20100918,   171,  1,  30,   102, -1,  23
734398,20100918,    47,  1,  24,   236, -1,  17
734398,20100918,   214, -1,  38,   179,  1,  24
734398,20100918,    86, -1,  24,   174,  1,  14
734398,20100918,   184, -1,  24,   175,  1,  21
734398,20100918,   193,  1,  41,   176, -1,   0
734398,20100918,    16, -1,  26,   200,  1,  23
734398,20100918,   206,  1,  20,    56, -1,  10
734398,20100918,   204,  1,  21,    30, -1,  12
734398,20100918,    38,  1,  26,   165, -1,  14
734398,20100918,   225,  1,  43,   208, -1,   7
734398,20100918,   232,  1,  41,    46, -1,   7
734398,20100918,   230,  1,  56,   177, -1,  14
734398,20100918,   243,  1,  40,    72, -1,  35
734398,20100918,   244,  1,  63,    34, -1,  24
734398,20100918,   100, -1,  29,   183,  1,  28
734398,20100918,    93, -1,  34,    74,  1,  27
734398,20100918,   212,  1,  32,     4, -1,   9
734403,20100923,   114, -1,  31,   162,  1,   3
734404,20100924,   197, -1,  41,   186,  1,  24
734405,20100925,     1, -1,  20,   242,  1,  14
734405,20100925,    87,  1,  35,     2, -1,  20
734405,20100925,     3, -1,  24,    12,  1,  20
734405,20100925,   199,  1,  32,   213, -1,  29
734405,20100925,     9,  1,  10,    31, -1,   9
734405,20100925,   158, -1,  42,    10,  1,  31
734405,20100925,   209,  1,  35,    13, -1,  28
734405,20100925,    14, -1,  35,    54,  1,  21
734405,20100925,    15,  1,  35,   187, -1,  27
734405,20100925,    89,  1,  45,    17, -1,   0
734405,20100925,    18, -1,  30,   169,  1,  13
734405,20100925,    20,  1,  37,   159, -1,  24
734405,20100925,   227, -1,  19,    21,  1,   0
734405,20100925,   116,  1,  65,    22, -1,  21
734405,20100925,   139, -1,  27,    28,  1,  13
734405,20100925,    45,  1,  45,    26, -1,  21
734405,20100925,    96,  1,  17,   215, -1,  13
734405,20100925,   150,  1,  30,    29, -1,  25
734405,20100925,   155, -1,  31,    37,  1,  29
734405,20100925,    43,  1,  36,    83, -1,  34
734405,20100925,   154,  1,  73,    58, -1,  20
734405,20100925,    63,  1,  48,    98, -1,  14
734405,20100925,   147, -1,  21,    62,  1,  17
734405,20100925,   110,  1,  42,    65, -1,  28
734405,20100925,    66,  1,  31,   233, -1,   0
734405,20100925,   119,  1,  55,    68, -1,  38
734405,20100925,   120,  1,  24,    73, -1,  12
734405,20100925,   137, -1,  45,    75,  1,  28
734405,20100925,    79,  1,  66,    35, -1,   7
734405,20100925,    81,  1,  42,   210, -1,  23
734405,20100925,    90,  1,  27,   149, -1,   0
734405,20100925,    95,  1,  42,   142, -1,  16
734405,20100925,   106,  1,  20,   237, -1,  14
734405,20100925,   190, -1,  13,   104,  1,  12
734405,20100925,   129, -1,  34,   103,  1,  14
734405,20100925,   217,  1,  21,   183, -1,  20
734405,20100925,   109,  1,  24,   153, -1,  23
734405,20100925,   222,  1,  16,   113, -1,  13
734405,20100925,   121,  1,  51,   115, -1,  13
734405,20100925,   117,  1,  45,   131, -1,   7
734405,20100925,   133, -1,  34,   118,  1,  23
734405,20100925,   138,  1,  17,   174, -1,   3
734405,20100925,   218,  1,  45,   141, -1,  10
734405,20100925,   145, -1,  17,   172,  1,  13
734405,20100925,   194, -1,  37,   152,  1,  14
734405,20100925,   161,  1,  22,   198, -1,  13
734405,20100925,   207, -1,  31,   167,  1,  20
734405,20100925,   180,  1,  41,   221, -1,   7
734405,20100925,   220,  1,  56,   181, -1,   3
734405,20100925,   189,  1,  24,   240, -1,  12
734405,20100925,   219, -1,  50,   235,  1,  16
734405,20100925,   196,  1,  42,    41, -1,   7
734405,20100925,   216, -1,  34,   202,  1,  12
734405,20100925,   211,  1,  41,    33, -1,  14
734405,20100925,   226,  1,  48,   228, -1,   7
734405,20100925,   239,  1,  70,    16, -1,   3
734405,20100925,     4,  1,  34,   191, -1,  14
734405,20100925,     7,  1,  41,     5, -1,  21
734405,20100925,    19,  1,  21,   144, -1,   7
734405,20100925,    23,  1,  29,    78, -1,  14
734405,20100925,    34,  1,  41,    24, -1,  24
734405,20100925,    40,  1,  34,    52, -1,  14
734405,20100925,    44,  1,  24,   208, -1,  10
734405,20100925,   243, -1,  21,    46,  1,   7
734405,20100925,    48,  1,  21,   176, -1,  19
734405,20100925,    92, -1,  42,    49,  1,  15
734405,20100925,    55,  1,  28,     6, -1,  17
734405,20100925,    93, -1,  28,    56,  1,  23
734405,20100925,    69,  1,  31,    38, -1,  14
734405,20100925,    72,  1,  17,    80, -1,   7
734405,20100925,    70,  1,  38,    61, -1,  21
734405,20100925,   148, -1,  32,    84,  1,   7
734405,20100925,    86,  1,  44,   122, -1,  41
734405,20100925,    91,  1,  43,   128, -1,   7
734405,20100925,    94,  1,  10,   102, -1,   3
734405,20100925,   238, -1,  24,   107,  1,  21
734405,20100925,   126, -1,  45,   108,  1,  39
734405,20100925,    30, -1,  40,   112,  1,  14
734405,20100925,   157, -1,  35,   123,  1,  21
734405,20100925,   124,  1,  28,    47, -1,  25
734405,20100925,   125,  1,  30,    59, -1,   7
734405,20100925,   127,  0,  20,    82,  0,   3
734405,20100925,   130,  1,  52,   206, -1,  16
734405,20100925,   140,  1,  31,   101, -1,  10
734405,20100925,   136,  1,  27,   135, -1,  16
734405,20100925,   146,  1,  49,   151, -1,  24
734405,20100925,   132,  1,  38,   188, -1,  16
734405,20100925,    76,  0,  34,   164,  0,  17
734405,20100925,   166,  1,  36,    99, -1,  33
734405,20100925,    51, -1,  34,   170,  1,  13
734405,20100925,   177,  1,  30,    71, -1,  14
734405,20100925,     8, -1,  35,   178,  1,  17
734405,20100925,   179,  1,  24,    27, -1,   0
734405,20100925,   184,  1,  23,   201, -1,  21
734405,20100925,   111, -1,  26,   195,  1,  21
734405,20100925,   200,  0,  29,    64,  0,  18
734405,20100925,   204,  1,  42,   192, -1,  28
734405,20100925,    53, -1,  21,   223,  1,  19
734405,20100925,   225,  1,  22,   160, -1,  10
734405,20100925,   171, -1,  30,   232,  1,   9
734405,20100925,   236,  1,  20,   214, -1,   9
734405,20100925,    36, -1,  27,   229,  1,  21
734405,20100925,   230,  1,  40,    88, -1,   7
734405,20100925,   244,  1,  31,   175, -1,  28
734405,20100925,   185,  1,  71,   100, -1,   3
734405,20100925,    74, -1,  24,    32,  1,  21
734410,20100930,   156,  1,  38,   203, -1,  35
734410,20100930,   206, -1,  27,   201,  1,  24
734410,20100930,    77, -1,  20,    52,  1,  14
734411,20101001,   221,  1,  31,    28, -1,  16
734412,20101002,     1,  1,  14,   134, -1,   6
734412,20101002,   133, -1,  50,     2,  1,  14
734412,20101002,     3,  1,  31,    63, -1,   6
734412,20101002,   159,  1,  31,    10, -1,  28
734412,20101002,   105, -1,  34,    13,  1,  24
734412,20101002,   198, -1,  42,    14,  1,  35
734412,20101002,    15,  1,  52,   217, -1,   3
734412,20101002,    17, -1,  31,    29,  1,  17
734412,20101002,    18,  1,  55,    95, -1,   7
734412,20101002,    20, -1,  59,   142,  1,   0
734412,20101002,   152, -1,  31,    21,  1,  13
734412,20101002,    26, -1,  28,    22,  1,  26
734412,20101002,   114, -1,  30,    39,  1,  21
734412,20101002,    42,  1,  29,    73, -1,  27
734412,20101002,   197, -1,  27,    43,  1,   0
734412,20101002,    45,  1,  40,   224, -1,  21
734412,20101002,   110,  1,  21,    54, -1,  16
734412,20101002,   145,  1,  42,    60, -1,  17
734412,20101002,   153, -1,  30,    58,  1,  17
734412,20101002,   189,  1,  31,    62, -1,   3
734412,20101002,   162,  1,  44,    65, -1,  17
734412,20101002,    66, -1,  34,   226,  1,  14
734412,20101002,    68,  1,  38,    30, -1,  17
734412,20101002,    75, -1,  24,   233,  1,  20
734412,20101002,    79,  1,  41,   104, -1,  21
734412,20101002,    83, -1,  33,   231,  1,  13
734412,20101002,   154, -1,  24,    85,  1,  13
734412,20101002,   116, -1,  42,    87,  1,  35
734412,20101002,    89,  1,  24,   161, -1,   3
734412,20101002,    90,  1,  52,   205, -1,  38
734412,20101002,   115,  1,  27,    97, -1,  21
734412,20101002,   119,  1,  42,    98, -1,  35
734412,20101002,   106,  1,  16,   199, -1,  14
734412,20101002,   103, -1,  28,   147,  1,  27
734412,20101002,   190,  1,  41,   109, -1,  16
734412,20101002,   211, -1,  48,   113,  1,   7
734412,20101002,   117,  1,  34,   239, -1,  24
734412,20101002,   150, -1,  29,   118,  1,  28
734412,20101002,   120,  1,  49,     7, -1,  16
734412,20101002,   139, -1,  44,   218,  1,  26
734412,20101002,   222, -1,  38,   141,  1,  20
734412,20101002,   227, -1,  41,   137,  1,  30
734412,20101002,   155,  0,  28,   202,  0,  20
734412,20101002,   158,  1,  52,   194, -1,  31
734412,20101002,   186, -1,  42,   169,  1,  31
734412,20101002,   210, -1,  17,   172,  1,  14
734412,20101002,   214, -1,  14,   181,  1,  13
734412,20101002,   234, -1,  32,   219,  1,  31
734412,20101002,   242, -1,  20,   207,  1,  15
734412,20101002,   216,  1,  42,   235, -1,  28
734412,20101002,    76, -1,  25,     4,  1,  22
734412,20101002,   212, -1,  21,     5,  1,   7
734412,20101002,    46, -1,  21,    25,  1,  12
734412,20101002,    32, -1,  27,    27,  1,  10
734412,20101002,    41,  1,  34,    72, -1,   3
734412,20101002,    44,  1,  42,   166, -1,  14
734412,20101002,    50,  1,  48,   223, -1,  14
734412,20101002,    53,  1,  42,   108, -1,   0
734412,20101002,   123, -1,  44,    55,  1,  17
734412,20101002,   184, -1,  28,    56,  1,  13
734412,20101002,    61,  1,  24,   178, -1,  19
734412,20101002,   173, -1,  19,    64,  1,   0
734412,20101002,    80,  1,  36,    67, -1,  31
734412,20101002,   175, -1,  38,    86,  1,  17
734412,20101002,    92,  1,  35,   179, -1,  28
734412,20101002,    93,  1,  40,   130, -1,  34
734412,20101002,    51, -1,  13,    94,  1,  10
734412,20101002,    78, -1,  35,    99,  1,  10
734412,20101002,   102,  1,  52,   182, -1,  14
734412,20101002,   107,  1,  16,   140, -1,  13
734412,20101002,   164, -1,  34,   128,  1,  13
734412,20101002,   122,  1,  35,   244, -1,  25
734412,20101002,    19, -1,  69,   127,  1,  32
734412,20101002,   230, -1,  28,   132,  1,  16
734412,20101002,   124, -1,  30,   131,  1,   7
734412,20101002,   149,  1,  24,   174, -1,  14
734412,20101002,   112, -1,  24,   151,  1,   7
734412,20101002,   157,  1,  14,    71, -1,   7
734412,20101002,   160,  1,  35,    48, -1,  28
734412,20101002,   163,  1,  38,    84, -1,   3
734412,20101002,   168,  1,  27,    23, -1,  24
734412,20101002,   170,  1,  41,    40, -1,  19
734412,20101002,   125, -1,  64,    47,  1,  61
734412,20101002,    34, -1,  24,   176,  1,  14
734412,20101002,   188,  1,  27,   146, -1,  17
734412,20101002,    11, -1,  41,   191,  1,  23
734412,20101002,   148, -1,  26,   192,  1,  23
734412,20101002,   171, -1,  35,   193,  1,  14
734412,20101002,   200,  0,  37,   135,  0,   7
734412,20101002,   229, -1,  24,    38,  1,  13
734412,20101002,   111, -1,  27,   208,  1,  14
734412,20101002,   228,  1,  24,   165, -1,  13
734412,20101002,   232,  1,  29,    24, -1,  21
734412,20101002,    59, -1,  35,   236,  1,  24
734412,20101002,   238,  1,  31,   225, -1,  24
734412,20101002,   241,  1,  38,    69, -1,  17
734412,20101002,     6, -1,  23,   243,  1,  20
734412,20101002,   177, -1,  38,   100,  1,  10
734412,20101002,    74,  1,  37,   126, -1,  10
734415,20101005,   209, -1,  42,   129,  1,  13
734416,20101006,   215,  1,  42,   213, -1,   7
734417,20101007,   138, -1,  48,    96,  1,  13
734417,20101007,   164, -1,  21,    11,  1,   6
734418,20101008,   172,  1,  27,    45, -1,  24
734418,20101008,   156, -1,  54,   103,  1,  28
734419,20101009,     1,  1,  49,    43, -1,  27
734419,20101009,    97,  1,  28,     2, -1,  17
734419,20101009,   187,  1,  35,     3, -1,  21
734419,20101009,   159, -1,  29,     9,  1,  27
734419,20101009,    10, -1,  24,   234,  1,  14
734419,20101009,    12,  0,  24,   203,  0,  17
734419,20101009,    13, -1,  24,   147,  1,  19
734419,20101009,    14, -1,  41,   210,  1,  23
734419,20101009,    15, -1,  37,    98,  1,  34
734419,20101009,   231, -1,  45,    17,  1,  16
734419,20101009,   205,  0,  45,    18,  0,  38
734419,20101009,    20,  1,  57,   207, -1,  14
734419,20101009,   137,  1,  44,    21, -1,  17
734419,20101009,   153,  1,  49,    22, -1,  25
734419,20101009,    28,  1,  24,   180, -1,  21
734419,20101009,    31,  1,  35,   216, -1,   7
734419,20101009,   227,  1,  45,    29, -1,  21
734419,20101009,    37,  1,  45,   115, -1,   3
734419,20101009,   145,  1,  21,    39, -1,  16
734419,20101009,   121,  1,  26,    42, -1,   0
734419,20101009,    60, -1,  44,   190,  1,  43
734419,20101009,   224,  1,  52,    58, -1,   6
734419,20101009,   106, -1,  33,    63,  1,  29
734419,20101009,   217,  1,  20,    62, -1,  17
734419,20101009,    65,  1,  28,   240, -1,  21
734419,20101009,    66, -1,  45,   114,  1,  17
734419,20101009,    79, -1,  49,    68,  1,  27
734419,20101009,    73,  1,  41,   199, -1,  14
734419,20101009,    75,  1,  33,   226, -1,  21
734419,20101009,   120, -1,  47,    81,  1,  24
734419,20101009,    85, -1,  33,   161,  1,  13
734419,20101009,   154,  1,  38,    87, -1,  10
734419,20101009,   220, -1,  68,    90,  1,  27
734419,20101009,   104,  1,  24,   221, -1,   6
734419,20101009,   105,  1,  56,   113, -1,   0
734419,20101009,   117, -1,  34,   116,  1,  17
734419,20101009,   239,  1,  41,   118, -1,  23
734419,20101009,   134, -1,  28,   233,  1,  27
734419,20101009,   139,  1,  35,   181, -1,  13
734419,20101009,   237,  1,  49,   218, -1,  10
734419,20101009,   142,  1,  16,   141, -1,  14
734419,20101009,   133,  1,  31,   198, -1,  17
734419,20101009,   167, -1,  20,   150,  1,  17
734419,20101009,   152,  1,  23,   162, -1,  17
734419,20101009,   158, -1,  43,   235,  1,  23
734419,20101009,   222,  1,  44,   169, -1,  24
734419,20101009,   196, -1,  13,   189,  1,   9
734419,20101009,   194,  1,  37,   219, -1,  35
734419,20101009,   186,  1,  21,   211, -1,  18
734419,20101009,   197,  1,  45,   242, -1,   0
734419,20101009,     6,  1,  48,   193, -1,   0
734419,20101009,   212, -1,  30,     7,  1,  20
734419,20101009,     8,  1,  34,    61, -1,  31
734419,20101009,   201, -1,  34,    16,  1,  21
734419,20101009,    19,  1,  47,    52, -1,  24
734419,20101009,    24,  1,  25,   176, -1,  24
734419,20101009,   160, -1,  31,    25,  1,  10
734419,20101009,   151, -1,  24,    33,  1,  19
734419,20101009,    34,  1,  31,    55, -1,  29
734419,20101009,    44,  1,  42,    99, -1,  28
734419,20101009,   243, -1,  23,    48,  1,  20
734419,20101009,    27, -1,  24,    49,  1,   8
734419,20101009,    51,  1,  26,   107, -1,   7
734419,20101009,    57,  1,  35,    56, -1,   7
734419,20101009,    59,  1,  21,   148, -1,  14
734419,20101009,    69,  1,  56,    82, -1,  14
734419,20101009,   232, -1,  22,    72,  1,  16
734419,20101009,   241, -1,  33,    70,  1,  31
734419,20101009,    76,  1,  22,     5, -1,   7
734419,20101009,    78,  1,  31,    46, -1,  17
734419,20101009,    80,  1,  17,    23, -1,  13
734419,20101009,    88,  1,  59,    86, -1,  24
734419,20101009,    91,  1,  30,     4, -1,  14
734419,20101009,    92,  1,  39,    53, -1,  34
734419,20101009,   101,  1,  21,    67, -1,  17
734419,20101009,   102,  1,  44,    35, -1,  20
734419,20101009,   185, -1,  32,   112,  1,  27
734419,20101009,   124,  1,  47,    84, -1,  28
734419,20101009,   125,  1,  44,   163, -1,  31
734419,20101009,   130,  1,  72,   122, -1,  59
734419,20101009,   140,  1,  17,   170, -1,   0
734419,20101009,   177, -1,  26,   143,  1,   7
734419,20101009,   127, -1,  27,   135,  1,  14
734419,20101009,    77, -1,  27,   136,  1,  13
734419,20101009,   192, -1,  31,   146,  1,  21
734419,20101009,    30, -1,  50,   157,  1,  37
734419,20101009,    41, -1,  44,   166,  1,  10
734419,20101009,   171,  1,  17,   123, -1,  16
734419,20101009,    47,  1,  42,   131, -1,   7
734419,20101009,    50, -1,  21,   179,  1,  20
734419,20101009,   183,  1,  49,   204, -1,  24
734419,20101009,   184,  1,  19,   200, -1,  17
734419,20101009,   173,  1,  34,   144, -1,  13
734419,20101009,   174,  1,  33,   230, -1,  29
734419,20101009,   175,  1,  45,   149, -1,  38
734419,20101009,   191,  1,  38,   128, -1,  20
734419,20101009,   195,  1,  27,   228, -1,   9
734419,20101009,    93, -1,  30,   206,  1,  20
734419,20101009,    36, -1,  28,    38,  1,  10
734419,20101009,    94, -1,  17,   208,  1,  13
734419,20101009,   214,  1,  17,   188, -1,  13
734419,20101009,   108, -1,  51,   223,  1,   7
734419,20101009,   178, -1,  38,   229,  1,   7
734419,20101009,   238,  1,  26,   168, -1,   7
734419,20101009,   132, -1,  34,   244,  1,  29
734419,20101009,    74,  1,  55,   182, -1,  21
734423,20101013,   215, -1,  35,   109,  1,  14
734424,20101014,   237,  1,  20,   189, -1,   6
734424,20101014,    96, -1,  59,    95,  1,   7
734425,20101015,    37, -1,  35,   105,  1,  27
734426,20101016,   180,  1,  27,     1, -1,  25
734426,20101016,   153,  1,  38,     2, -1,  10
734426,20101016,     3,  1,  23,   119, -1,  10
734426,20101016,   213,  1,  21,   222, -1,   6
734426,20101016,     9, -1,  24,   235,  1,   7
734426,20101016,    15,  1,  65,    12, -1,  43
734426,20101016,    87,  1,  36,    13, -1,  34
734426,20101016,   172,  0,  23,    14,  0,  20
734426,20101016,    58, -1,  41,    17,  1,  38
734426,20101016,    18, -1,  31,    42,  1,  25
734426,20101016,    20, -1,  48,   181,  1,   0
734426,20101016,    66,  1,  24,    21, -1,  19
734426,20101016,   198,  1,  28,    22, -1,  27
734426,20101016,   197,  1,  31,    28, -1,   3
734426,20101016,   133,  1,  45,    26, -1,  14
734426,20101016,   219,  1,  48,    31, -1,  14
734426,20101016,   115, -1,  27,    29,  1,  20
734426,20101016,    39,  1,  31,   110, -1,   7
734426,20101016,    43,  1,  43,   218, -1,  10
734426,20101016,   114, -1,  28,    54,  1,  13
734426,20101016,    60,  1,  33,   137, -1,  27
734426,20101016,   120, -1,  10,    63,  1,   7
734426,20101016,    65, -1,  34,   147,  1,  10
734426,20101016,    68,  1,  33,   142, -1,  10
734426,20101016,    73,  1,  43,   224, -1,   0
734426,20101016,    75,  1,  42,   129, -1,  14
734426,20101016,    79,  1,  27,   139, -1,  21
734426,20101016,   169,  1,  34,    81, -1,  31
734426,20101016,   104,  1,  48,    83, -1,  35
734426,20101016,   117,  1,  26,    85, -1,   6
734426,20101016,    89, -1,  38,   116,  1,  28
734426,20101016,   155,  1,  52,    90, -1,   0
734426,20101016,   207,  1,  34,    97, -1,  21
734426,20101016,    98,  1,  31,   187, -1,  28
734426,20101016,   106,  1,  32,   112, -1,  10
734426,20101016,   209,  1,  31,   103, -1,  24
734426,20101016,   217, -1,  35,   240,  1,  30
734426,20101016,   190, -1,  41,   113,  1,  19
734426,20101016,   167,  1,  28,   118, -1,  17
734426,20101016,   121, -1,  30,   203,  1,   9
734426,20101016,   134,  1,  28,   186, -1,  21
734426,20101016,   202, -1,  20,   138,  1,  13
734426,20101016,   145, -1,  44,   226,  1,  10
734426,20101016,   152,  1,  44,   231, -1,  20
734426,20101016,   239,  1,  31,   154, -1,  18
734426,20101016,   156, -1,  34,   205,  1,  17
734426,20101016,   234,  1,  35,   159, -1,  34
734426,20101016,   162, -1,  45,   196,  1,  14
734426,20101016,   211,  1,  52,   210, -1,  24
734426,20101016,   220, -1,  30,   242,  1,   6
734426,20101016,   227,  1,  52,   233, -1,  21
734426,20101016,     8,  1,  39,    38, -1,  10
734426,20101016,    11,  1,  21,     4, -1,  14
734426,20101016,   184, -1,  41,    16,  1,  24
734426,20101016,    50, -1,  33,    27,  1,  13
734426,20101016,    53, -1,  14,    32,  1,  12
734426,20101016,    71, -1,  35,    35,  1,  25
734426,20101016,    36,  1,  35,    70, -1,  27
734426,20101016,    41, -1,  44,    46,  1,   3
734426,20101016,    48,  1,  27,    80, -1,  19
734426,20101016,    51,  1,  24,   168, -1,  17
734426,20101016,    52,  1,  31,   135, -1,  26
734426,20101016,    55,  1,  37,   176, -1,  17
734426,20101016,    64,  1,  31,   182, -1,   0
734426,20101016,    25, -1,  24,    72,  1,  21
734426,20101016,    76,  1,  38,     7, -1,  28
734426,20101016,    77,  1,   7,   144, -1,   6
734426,20101016,   101, -1,  21,    78,  1,  19
734426,20101016,   236, -1,  16,    84,  1,  13
734426,20101016,    86,  1,  34,   132, -1,  24
734426,20101016,    88,  1,  38,   122, -1,  35
734426,20101016,    91,  1,  49,   191, -1,  45
734426,20101016,    93,  1,  24,   200, -1,   0
734426,20101016,   140, -1,  28,    94,  1,  14
734426,20101016,    99,  1,  28,   195, -1,  21
734426,20101016,   225, -1,  48,   107,  1,  18
734426,20101016,   179, -1,  14,   108,  1,  10
734426,20101016,   170, -1,  11,   111,  1,  10
734426,20101016,   123,  1,  21,    24, -1,  12
734426,20101016,    49, -1,  17,   126,  1,  10
734426,20101016,   148,  1,  34,   125, -1,   7
734426,20101016,    59, -1,  35,   131,  1,  28
734426,20101016,   160,  1,  27,    44, -1,  13
734426,20101016,   124, -1,  23,   163,  1,  21
734426,20101016,    40, -1,  35,   165,  1,   7
734426,20101016,    23, -1,  17,   166,  1,  13
734426,20101016,   171,  1,  38,     6, -1,   0
734426,20101016,   177,  1,  57,   183, -1,   7
734426,20101016,    69, -1,  27,   178,  1,  10
734426,20101016,    19, -1,  14,   173,  1,   0
734426,20101016,   149, -1,  19,   188,  1,  14
734426,20101016,   174, -1,  31,   175,  1,  10
734426,20101016,   192,  1,  20,    30, -1,   7
734426,20101016,   232, -1,  22,   193,  1,  14
734426,20101016,   185,  1,  30,    33, -1,   7
734426,20101016,   201,  1,  34,    56, -1,  20
734426,20101016,   206,  1,  10,    57, -1,   7
734426,20101016,   143, -1,  47,   204,  1,  45
734426,20101016,    92, -1,  86,   223,  1,   7
734426,20101016,   102, -1,  41,   228,  1,   7
734426,20101016,   230,  1,  40,   244, -1,  38
734426,20101016,   241,  1,  45,   229, -1,  14
734426,20101016,   243,  1,   7,    67, -1,   6
734426,20101016,    74,  1,  20,   136, -1,  17
734431,20101021,   158,  1,  60,   216, -1,  13
734431,20101021,    11, -1,  39,     7,  1,  35
734432,20101022,   189, -1,  38,    37,  1,  30
734432,20101022,    34, -1,  30,     6,  1,  27
734433,20101023,   197,  1,  38,     1, -1,   7
734433,20101023,   231, -1,  56,     2,  1,  10
734433,20101023,     3, -1,  41,   199,  1,  10
734433,20101023,   120,  1,  29,   213, -1,  24
734433,20101023,     9,  1,  44,   234, -1,  14
734433,20101023,    31,  1,  50,    10, -1,  17
734433,20101023,    12,  1,  38,   119, -1,  24
734433,20101023,    13,  1,  37,    62, -1,  16
734433,20101023,    15,  1,  24,   106, -1,  17
734433,20101023,   207,  1,  31,    17, -1,  24
734433,20101023,    18,  1,  47,    96, -1,  42
734433,20101023,   110, -1,  24,    21,  1,  21
734433,20101023,    97, -1,  30,    22,  1,   6
734433,20101023,    28,  1,  25,   242, -1,  20
734433,20101023,   198, -1,  42,    26,  1,   0
734433,20101023,   215,  1,  41,   169, -1,  14
734433,20101023,   133,  1,  33,    29, -1,   7
734433,20101023,    39,  1,  27,    75, -1,  13
734433,20101023,   205, -1,  27,    42,  1,  24
734433,20101023,   220,  1,  59,    43, -1,   6
734433,20101023,   105,  1,  26,    45, -1,   0
734433,20101023,   227,  1,  44,    54, -1,   7
734433,20101023,    60,  1,  37,   109, -1,  10
734433,20101023,   226,  1,  48,    58, -1,  21
734433,20101023,    68, -1,  33,   181,  1,  18
734433,20101023,    73, -1,  44,    98,  1,  31
734433,20101023,    79, -1,  45,   221,  1,   7
734433,20101023,    81, -1,  45,   186,  1,  20
734433,20101023,    83,  1,  37,   142, -1,  14
734433,20101023,    85,  1,  43,    87, -1,  13
734433,20101023,   239, -1,  31,    89,  1,  30
734433,20101023,    90, -1,  28,   202,  1,  21
734433,20101023,   203, -1,  45,    95,  1,  10
734433,20101023,   240, -1,  54,   103,  1,  21
734433,20101023,   129,  1,  38,   217, -1,  10
734433,20101023,   114,  1,  33,   145, -1,  10
734433,20101023,   153, -1,  34,   115,  1,  13
734433,20101023,   117, -1,  35,   150,  1,  27
734433,20101023,   161, -1,  33,   118,  1,  21
734433,20101023,   121,  1,  36,   155, -1,  27
734433,20101023,   134,  0,  35,   152,  0,  17
734433,20101023,   138, -1,  51,   156,  1,  41
734433,20101023,   180, -1,  30,   141,  1,  20
734433,20101023,   154,  1,  49,   167, -1,   0
734433,20101023,   162,  1,  41,   172, -1,  21
734433,20101023,   187, -1,  21,   224,  1,   7
734433,20101023,   194,  1,  38,   235, -1,  28
734433,20101023,   196, -1,  19,   237,  1,  14
734433,20101023,   210, -1,  34,   222,  1,  24
734433,20101023,     5,  1,  24,   182, -1,   0
734433,20101023,    23,  1,  27,    46, -1,  14
734433,20101023,   126, -1,  21,    27,  1,  20
734433,20101023,    30,  1,  22,   146, -1,  21
734433,20101023,   228, -1,  34,    35,  1,  16
734433,20101023,   195, -1,  38,    40,  1,  28
734433,20101023,    80, -1,  31,    41,  1,  24
734433,20101023,    48, -1,  24,    44,  1,  21
734433,20101023,    50,  1,  41,    32, -1,  23
734433,20101023,    53,  1,  42,    49, -1,  10
734433,20101023,   130, -1,  38,    56,  1,  28
734433,20101023,    59,  1,  28,    47, -1,  24
734433,20101023,   241, -1,  28,    61,  1,  21
734433,20101023,    67,  1,  14,    99, -1,  10
734433,20101023,    36, -1,  36,    69,  1,  28
734433,20101023,   165, -1,  26,    71,  1,  24
734433,20101023,    92,  1,  56,   108, -1,  14
734433,20101023,    93,  1,  56,    16, -1,   3
734433,20101023,   101,  1,  32,    25, -1,  10
734433,20101023,   140,  0,  39,   111,  0,  13
734433,20101023,    76, -1,  35,   128,  1,  14
734433,20101023,   122,  1,  31,   230, -1,  28
734433,20101023,   123,  1,  19,   193, -1,   7
734433,20101023,   124,  1,  24,   148, -1,  21
734433,20101023,   125,  1,  37,   131, -1,  35
734433,20101023,   127,  1,  34,    52, -1,  24
734433,20101023,    33, -1,  31,   143,  1,   7
734433,20101023,    64, -1,  17,   144,  1,  13
734433,20101023,   135,  1,  52,    82, -1,  32
734433,20101023,    19, -1,  23,   136,  1,  10
734433,20101023,   132,  1,  27,    88, -1,  15
734433,20101023,   149,  1,  42,    86, -1,  14
734433,20101023,    78, -1,  45,   166,  1,  28
734433,20101023,   107, -1,  28,   168,  1,  23
734433,20101023,   170,  1,  28,   208, -1,   6
734433,20101023,   176,  1,  33,    72, -1,  20
734433,20101023,   185,  0,  31,   177,  0,  28
734433,20101023,   179,  1,  30,   223, -1,  10
734433,20101023,   112, -1,  13,   183,  1,  10
734433,20101023,   184,  1,  40,    57, -1,  21
734433,20101023,   173,  1,  10,    77, -1,   7
734433,20101023,   174,  1,  30,   244, -1,  20
734433,20101023,   164,  0,  30,   191,  0,  16
734433,20101023,   192,  1,  31,   188, -1,  13
734433,20101023,   201, -1,  21,   200,  1,  10
734433,20101023,   212,  1,  21,    91, -1,  18
734433,20101023,   151, -1,  16,   204,  1,   3
734433,20101023,    70, -1,  20,    38,  1,   0
734433,20101023,   225,  1,  14,    94, -1,   7
734433,20101023,    55, -1,  21,   232,  1,  20
734433,20101023,   236,  1,  44,   163, -1,  41
734433,20101023,     8, -1,  37,   229,  1,  14
734433,20101023,   238,  1,  17,    51, -1,  16
734433,20101023,   160, -1,  27,   243,  1,  20
734433,20101023,   157,  1,  34,    74, -1,  20
734436,20101026,    20,  1,  49,   104, -1,  20
734438,20101028,   137,  1,  28,    66, -1,  24
734438,20101028,    19,  1,  67,   135, -1,  17
734439,20101029,    45,  1,  16,   237, -1,  13
734440,20101030,   220, -1,  28,     1,  1,  23
734440,20101030,   198,  1,  30,     2, -1,   0
734440,20101030,   213, -1,  50,   190,  1,  49
734440,20101030,     9, -1,  29,   216,  1,  21
734440,20101030,    10,  1,  42,   235, -1,   0
734440,20101030,    12,  1,  49,   224, -1,  14
734440,20101030,    14,  1,  29,   228, -1,   7
734440,20101030,    15, -1,  51,   119,  1,  31
734440,20101030,    97,  1,  33,    17, -1,  14
734440,20101030,    18, -1,  30,   202,  1,  22
734440,20101030,    21,  1,  16,    39, -1,  10
734440,20101030,    22, -1,  17,    29,  1,  14
734440,20101030,   115, -1,  21,    26,  1,   9
734440,20101030,   159,  1,  35,    31, -1,   7
734440,20101030,   215,  1,  49,    60, -1,  35
734440,20101030,   196, -1,  31,    37,  1,   7
734440,20101030,   155,  1,  43,    42, -1,  10
734440,20101030,    43,  1,  38,   141, -1,  14
734440,20101030,    54, -1,  34,   134,  1,  31
734440,20101030,   207, -1,  42,    58,  1,   7
734440,20101030,    63,  0,  34,    73,  0,  31
734440,20101030,    62,  1,  21,    65, -1,   9
734440,20101030,    79,  1,  45,    83, -1,  10
734440,20101030,    81, -1,  56,   113,  1,  17
734440,20101030,    85,  1,  44,   167, -1,  10
734440,20101030,   150, -1,  20,    87,  1,  17
734440,20101030,    89,  1,  37,   117, -1,   6
734440,20101030,    90,  1,  28,    95, -1,  16
734440,20101030,   156, -1,  24,    96,  1,  14
734440,20101030,   120,  1,  24,    98, -1,  17
734440,20101030,   153,  1,  38,   103, -1,  31
734440,20101030,   217,  1,  28,   209, -1,  14
734440,20101030,   162,  1,  20,   105, -1,   3
734440,20101030,   109,  1,  16,   222, -1,  12
734440,20101030,   110,  1,  62,   233, -1,  14
734440,20101030,   226,  1,  24,   114, -1,  19
734440,20101030,   161,  1,  41,   116, -1,  31
734440,20101030,   154, -1,  52,   118,  1,  10
734440,20101030,   138,  1,  31,   121, -1,  17
734440,20101030,   139,  1,  56,   221, -1,  42
734440,20101030,   197, -1,  48,   218,  1,   6
734440,20101030,   142,  1,  29,   181, -1,  27
734440,20101030,   145,  1,  21,   238, -1,  17
734440,20101030,   147, -1,  33,   240,  1,   6
734440,20101030,   133, -1,  28,   231,  1,  21
734440,20101030,   211, -1,  28,   152,  1,  27
734440,20101030,   158, -1,  53,   219,  1,  32
734440,20101030,   180, -1,  48,   242,  1,  38
734440,20101030,   187,  1,  38,   199, -1,  24
734440,20101030,   186, -1,  31,   210,  1,  17
734440,20101030,   194, -1,  41,   234,  1,   0
734440,20101030,   203,  1,  45,   205, -1,  27
734440,20101030,     5,  0,  31,     4,  0,  10
734440,20101030,     7,  1,  27,   191, -1,  20
734440,20101030,     8,  1,  37,    69, -1,  26
734440,20101030,    76,  0,  35,    11,  0,  25
734440,20101030,    24,  1,  24,     6, -1,   7
734440,20101030,    99, -1,  33,    25,  1,  22
734440,20101030,    30,  1,  41,   193, -1,  33
734440,20101030,   108, -1,  42,    32,  1,  14
734440,20101030,    33,  1,  30,   183, -1,  23
734440,20101030,    34,  1,  38,   232, -1,  20
734440,20101030,    61, -1,  49,    36,  1,  35
734440,20101030,    46,  1,  21,   166, -1,  19
734440,20101030,    78, -1,  30,    48,  1,  14
734440,20101030,    50, -1,  37,    49,  1,  13
734440,20101030,   173, -1,  38,    52,  1,  21
734440,20101030,    53,  1,  38,   179, -1,  17
734440,20101030,    56,  1,  28,    16, -1,  10
734440,20101030,    57,  1,  28,   130, -1,  21
734440,20101030,    64,  1,  31,   127, -1,  17
734440,20101030,    67,  1,  24,    72, -1,  19
734440,20101030,    40, -1,  30,    71,  1,  27
734440,20101030,   178, -1,  20,    70,  1,  13
734440,20101030,   157, -1,  28,    77,  1,  14
734440,20101030,   144, -1,  10,    82,  1,   9
734440,20101030,   125, -1,  23,    84,  1,  20
734440,20101030,    88,  1,  41,   174, -1,  30
734440,20101030,    91,  1,  30,   164, -1,  13
734440,20101030,   111, -1,  21,    94,  1,  14
734440,20101030,   101,  1,  44,    41, -1,  14
734440,20101030,   112,  1,  24,   143, -1,  14
734440,20101030,   122,  1,  51,   175, -1,  41
734440,20101030,   176, -1,  26,   123,  1,  25
734440,20101030,    92, -1,  61,   126,  1,  17
734440,20101030,    47, -1,  40,   148,  1,  10
734440,20101030,   151,  1,  23,   177, -1,  20
734440,20101030,   160,  1,  24,    23, -1,   7
734440,20101030,    59, -1,  50,   163,  1,  17
734440,20101030,   102, -1,  34,   165,  1,  24
734440,20101030,   171,  1,  34,    55, -1,  11
734440,20101030,   184,  1,  24,   206, -1,  17
734440,20101030,   188,  1,  34,   131, -1,   6
734440,20101030,   204, -1,  27,   185,  1,  24
734440,20101030,   195,  1,  41,    35, -1,  21
734440,20101030,   212,  1,  38,   128, -1,   7
734440,20101030,   168, -1,  30,   208,  1,  20
734440,20101030,   192, -1,  55,   214,  1,  24
734440,20101030,    27, -1,  48,   223,  1,   0
734440,20101030,   225,  1,  28,   170, -1,   7
734440,20101030,   236,  1,  30,   124, -1,  21
734440,20101030,   230,  1,  65,    86, -1,  38
734440,20101030,   241,  1,  35,    38, -1,   0
734440,20101030,   243,  1,  31,    44, -1,  28
734440,20101030,   149, -1,  34,   244,  1,  30
734440,20101030,   146,  1,  31,   100, -1,   6
734443,20101102,    13,  1,  51,   129, -1,  24
734444,20101103,   189,  1,  28,   172, -1,  27
734445,20101104,   153,  1,  34,    26, -1,  17
734445,20101104,   227,  1,  28,    75, -1,  21
734446,20101105,   215, -1,  40,    81,  1,  33
734446,20101105,    29,  1,  26,   231, -1,  22
734447,20101106,     1, -1,  42,    14,  1,  22
734447,20101106,    17,  1,  37,     2, -1,  30
734447,20101106,   106,  1,  24,     3, -1,  21
734447,20101106,   109, -1,  31,   213,  1,  17
734447,20101106,   194,  1,  42,     9, -1,  17
734447,20101106,   219,  1,  34,    10, -1,  33
734447,20101106,    12, -1,  41,   187,  1,  20
734447,20101106,    15,  1,  62,    36, -1,  24
734447,20101106,   156,  1,  55,    18, -1,  28
734447,20101106,    20,  1,  42,    79, -1,   7
734447,20101106,    21, -1,  23,   233,  1,  13
734447,20101106,    28,  1,  55,   218, -1,   7
734447,20101106,    31, -1,  20,   235,  1,  13
734447,20101106,    39,  1,  14,   137, -1,  13
734447,20101106,    95,  1,  52,    42, -1,  45
734447,20101106,   180,  1,  24,    43, -1,  19
734447,20101106,    54,  1,  55,   226, -1,  48
734447,20101106,   134, -1,  76,    60,  1,  35
734447,20101106,    63, -1,  55,   224,  1,  14
734447,20101106,    62, -1,  17,   240,  1,  16
734447,20101106,    65,  1,  42,   217, -1,  35
734447,20101106,   145, -1,  37,    66,  1,  35
734447,20101106,    68, -1,  40,   104,  1,  34
734447,20101106,    73,  1,  55,    84, -1,   7
734447,20101106,   139, -1,  63,    83,  1,  17
734447,20101106,   116,  1,  67,    85, -1,  65
734447,20101106,    89, -1,  18,    87,  1,  13
734447,20101106,   138, -1,  31,    90,  1,  30
734447,20101106,    96,  1,  39,   202, -1,  14
734447,20101106,   198, -1,  28,    97,  1,  10
734447,20101106,    98,  1,  49,    35, -1,  21
734447,20101106,   119,  1,  43,   103, -1,  21
734447,20101106,   105, -1,  28,   196,  1,  20
734447,20101106,   114,  1,  26,   110, -1,  20
734447,20101106,   199, -1,  50,   113,  1,  14
734447,20101106,   117,  1,  31,   118, -1,   8
734447,20101106,   205,  1,  24,   121, -1,  17
734447,20101106,   141,  1,  34,   242, -1,  31
734447,20101106,   221,  1,  27,   142, -1,  22
734447,20101106,   209, -1,  41,   147,  1,  35
734447,20101106,   161,  1,  35,   150, -1,  21
734447,20101106,   203,  1,  33,   155, -1,  19
734447,20101106,   158,  1,  53,   234, -1,  16
734447,20101106,   216,  1,  17,   159, -1,  14
734447,20101106,   239, -1,  34,   167,  1,  13
734447,20101106,   211,  1,  64,   169, -1,  27
734447,20101106,   222,  1,  28,   186, -1,  14
734447,20101106,   190, -1,  46,   210,  1,  30
734447,20101106,   197, -1,  47,   220,  1,   7
734447,20101106,     7, -1,  41,     4,  1,  24
734447,20101106,     5,  1,  32,    91, -1,  30
734447,20101106,    11,  1,  49,   128, -1,  20
734447,20101106,   206, -1,  28,    16,  1,  12
734447,20101106,   243, -1,  27,    23,  1,  24
734447,20101106,    67, -1,  33,    25,  1,  21
734447,20101106,    92, -1,  24,    27,  1,  16
734447,20101106,    32,  1,  56,   223, -1,  14
734447,20101106,    41,  1,  24,    99, -1,  14
734447,20101106,    48, -1,  28,    46,  1,  10
734447,20101106,    50,  1,  31,    53, -1,  25
734447,20101106,    51,  1,  48,   208, -1,   0
734447,20101106,    52,  1,  29,   136, -1,   7
734447,20101106,    57,  1,  49,    93, -1,  37
734447,20101106,    69,  1,  31,   229, -1,  17
734447,20101106,    70,  1,  21,     8, -1,  14
734447,20101106,    19, -1,  23,    77,  1,  18
734447,20101106,    78,  1,  23,    44, -1,   7
734447,20101106,   101, -1,  34,    80,  1,  17
734447,20101106,    86,  1,  41,   244, -1,  39
734447,20101106,   149, -1,  30,    88,  1,  20
734447,20101106,   102,  1,  40,    71, -1,  14
734447,20101106,    49, -1,  28,   108,  1,  21
734447,20101106,   111,  1,  39,   107, -1,  24
734447,20101106,   125,  1,  24,   236, -1,  10
734447,20101106,   130,  1,  44,   201, -1,  13
734447,20101106,   238, -1,  13,   140,  1,   3
734447,20101106,   185, -1,  48,   143,  1,  13
734447,20101106,   144,  1,  37,   127, -1,  25
734447,20101106,    64, -1,  22,   135,  1,  19
734447,20101106,   214, -1,  35,   146,  1,  16
734447,20101106,   132,  1,  20,   175, -1,   6
734447,20101106,   148, -1,  21,   131,  1,  14
734447,20101106,   157,  1,  57,   182, -1,   9
734447,20101106,   195, -1,  37,   165,  1,   7
734447,20101106,   160, -1,  52,   166,  1,  10
734447,20101106,   168,  1,  17,   225, -1,  14
734447,20101106,   170,  1,  13,    94, -1,  10
734447,20101106,   171,  1,  42,    34, -1,  24
734447,20101106,    47,  1,  28,   163, -1,  15
734447,20101106,     6, -1,  35,   176,  1,  23
734447,20101106,   112, -1,  33,   177,  1,  28
734447,20101106,   241, -1,  10,   178,  1,   3
734447,20101106,   179,  1,  34,   126, -1,   0
734447,20101106,   151, -1,  35,   183,  1,  16
734447,20101106,   173,  1,  54,    82, -1,  14
734447,20101106,    30, -1,  38,   188,  1,  24
734447,20101106,   174,  1,  31,   122, -1,  10
734447,20101106,   212, -1,  54,   191,  1,   7
734447,20101106,    24, -1,  48,   193,  1,  10
734447,20101106,    56, -1,  31,   200,  1,  28
734447,20101106,    33, -1,  49,   204,  1,  17
734447,20101106,    61, -1,  27,    38,  1,  16
734447,20101106,    40, -1,  31,   228,  1,   3
734447,20101106,   232,  1,  31,   123, -1,  20
734447,20101106,    74,  1,  23,   100, -1,  17
734450,20101109,   133,  1,  65,   207, -1,  30
734451,20101110,   115, -1,  24,    22,  1,  21
734452,20101111,    45,  1,  30,   162, -1,  28
734452,20101111,   173, -1,  32,   127,  1,  10
734452,20101111,   212,  1,  41,    76, -1,  34
734452,20101111,    60, -1,  54,   213,  1,  42
734453,20101112,    17, -1,  20,    26,  1,   3
734453,20101112,    20, -1,  52,    83,  1,  14
734454,20101113,     1,  1,  48,   141, -1,  23
734454,20101113,     3,  1,  30,   120, -1,  10
734454,20101113,   219, -1,  24,     9,  1,  21
734454,20101113,   194, -1,  17,    10,  1,  13
734454,20101113,    12,  1,  58,   222, -1,  21
734454,20101113,   240, -1,  36,    13,  1,  35
734454,20101113,    14, -1,  45,    97,  1,  28
734454,20101113,    15,  1,  49,    73, -1,  31
734454,20101113,   203, -1,  42,    18,  1,  30
734454,20101113,    21, -1,  21,    54,  1,  16
734454,20101113,    28, -1,  49,    43,  1,  10
734454,20101113,   158, -1,  15,    31,  1,  13
734454,20101113,   190, -1,  31,   215,  1,  21
734454,20101113,   134,  1,  38,    29, -1,  37
734454,20101113,   237,  1,  37,    37, -1,  10
734454,20101113,    66,  1,  16,    39, -1,  13
734454,20101113,    42,  1,  34,    90, -1,  14
734454,20101113,   231,  1,  45,    58, -1,  30
734454,20101113,   187, -1,  36,    63,  1,  14
734454,20101113,    62,  1,  24,   103, -1,  23
734454,20101113,    65, -1,  52,   209,  1,  35
734454,20101113,   139, -1,  35,    68,  1,  34
734454,20101113,   114, -1,  35,    75,  1,  10
734454,20101113,   211, -1,  28,    81,  1,  25
734454,20101113,   118, -1,  38,    85,  1,  34
734454,20101113,   239,  1,  83,    87, -1,  20
734454,20101113,   150,  1,  21,    89, -1,  17
734454,20101113,   138,  1,  20,    95, -1,   3
734454,20101113,   121,  1,  38,    96, -1,  28
734454,20101113,    98,  1,  38,   224, -1,  20
734454,20101113,   106,  1,  51,   217, -1,   0
734454,20101113,   104, -1,  41,   142,  1,  20
734454,20101113,   189, -1,  24,   105,  1,  21
734454,20101113,   109,  1,  28,   113, -1,  13
734454,20101113,   110, -1,  42,   226,  1,  23
734454,20101113,   116, -1,  27,   167,  1,  16
734454,20101113,   147, -1,  23,   129,  1,  17
734454,20101113,   199,  1,  52,   119, -1,  14
734454,20101113,   218,  1,  42,   242, -1,  16
734454,20101113,   227, -1,  26,   145,  1,  10
734454,20101113,   137,  1,  38,   233, -1,   3
734454,20101113,   152,  1,  28,   220, -1,   3
734454,20101113,   154,  1,  38,   161, -1,  14
734454,20101113,   155,  1,  45,   205, -1,   7
734454,20101113,   156, -1,  33,   202,  1,  16
734454,20101113,   235, -1,  31,   159,  1,  14
734454,20101113,   210,  1,  54,   169, -1,  49
734454,20101113,   196, -1,  13,   172,  1,  10
734454,20101113,   197,  1,  40,   180, -1,  35
734454,20101113,   221, -1,  38,   181,  1,  34
734454,20101113,     6,  1,  24,   232, -1,  14
734454,20101113,     8,  1,  43,   241, -1,  13
734454,20101113,    91, -1,  52,    11,  1,  30
734454,20101113,   130, -1,  61,    16,  1,  35
734454,20101113,    19,  1,  35,    82, -1,  20
734454,20101113,    24,  1,  27,   171, -1,  21
734454,20101113,    41, -1,  31,    25,  1,   7
734454,20101113,   214, -1,  22,    30,  1,  21
734454,20101113,   177, -1,  20,    33,  1,  13
734454,20101113,    35,  1,  42,   165, -1,  39
734454,20101113,    36,  1,  48,   178, -1,  14
734454,20101113,    40,  1,  45,   102, -1,  31
734454,20101113,    44,  1,  20,    46, -1,  17
734454,20101113,    23, -1,  35,    48,  1,  28
734454,20101113,   179, -1,  29,    49,  1,  15
734454,20101113,    53,  1,  10,    27, -1,   7
734454,20101113,    55,  1,  41,   193, -1,  17
734454,20101113,    59,  1,  31,   192, -1,  24
734454,20101113,    61,  1,  30,    69, -1,  25
734454,20101113,    64,  1,  17,    77, -1,  12
734454,20101113,   101, -1,  24,    72,  1,   7
734454,20101113,    47, -1,  45,    84,  1,  17
734454,20101113,    86,  1,  27,    56, -1,  23
734454,20101113,    92,  1,  31,    32, -1,  24
734454,20101113,    93,  1,  29,   184, -1,  27
734454,20101113,    94,  1,  30,   238, -1,  24
734454,20101113,    80, -1,  37,    99,  1,  27
734454,20101113,    50, -1,  41,   108,  1,  34
734454,20101113,    51, -1,  45,   111,  1,  27
734454,20101113,   112,  1,  36,   204, -1,   6
734454,20101113,     4, -1,  21,   128,  1,   7
734454,20101113,    34, -1,  49,   123,  1,  48
734454,20101113,   124,  1,  27,   146, -1,  17
734454,20101113,   126,  1,  37,   223, -1,  15
734454,20101113,   144,  1,  31,    52, -1,  21
734454,20101113,   132,  1,  31,   174, -1,  24
734454,20101113,   236, -1,  27,   148,  1,  26
734454,20101113,   149,  1,  38,   122, -1,  14
734454,20101113,   143, -1,  37,   151,  1,   7
734454,20101113,   157,  1,  45,   228, -1,  28
734454,20101113,   160,  1,  34,    78, -1,  14
734454,20101113,   131, -1,  35,   163,  1,  30
734454,20101113,   164,  1,  35,     7, -1,  27
734454,20101113,   170,  1,  15,   168, -1,   6
734454,20101113,   182,  1,  28,   136, -1,  21
734454,20101113,   175,  1,  20,   230, -1,  10
734454,20101113,     5, -1,  21,   191,  1,  19
734454,20101113,   185,  1,  51,   183, -1,  14
734454,20101113,   195,  1,  55,    71, -1,   3
734454,20101113,    57, -1,  42,   201,  1,  29
734454,20101113,   206,  1,  37,   200, -1,   0
734454,20101113,   107, -1,  28,   208,  1,  18
734454,20101113,   140, -1,  31,   225,  1,  24
734454,20101113,    70, -1,  28,   229,  1,   6
734454,20101113,   243,  1,  14,   166, -1,  13
734454,20101113,    88, -1,  30,   244,  1,  24
734454,20101113,   100,  1,  24,   188, -1,  20
734457,20101116,   153, -1,  31,   198,  1,  23
734458,20101117,   115, -1,  19,     2,  1,  14
734458,20101117,   207,  1,  33,    22, -1,  14
734459,20101118,     1, -1,  35,   218,  1,  20
734459,20101118,   143,  1,  27,   183, -1,  25
734459,20101118,   234,  1,  24,   216, -1,   7
734459,20101118,     3,  1,  63,    74, -1,   7
734460,20101119,    20,  1,  51,    68, -1,   0
734461,20101120,   213,  1,  31,   113, -1,  15
734461,20101120,    12, -1,  38,   120,  1,  31
734461,20101120,   134,  1,  35,    13, -1,  19
734461,20101120,   152,  0,  27,    14,  0,   3
734461,20101120,   133, -1,  59,    17,  1,  21
734461,20101120,   155, -1,  53,    18,  1,  24
734461,20101120,    21,  1,  17,   226, -1,  13
734461,20101120,    28,  1,  40,   141, -1,   7
734461,20101120,    58, -1,  21,    26,  1,  17
734461,20101120,   194, -1,  48,    31,  1,  14
734461,20101120,   215, -1,  61,   210,  1,  14
734461,20101120,    37,  1,  69,   172, -1,  38
734461,20101120,    39, -1,  30,   233,  1,  10
734461,20101120,    42,  1,  44,    96, -1,  36
734461,20101120,   242,  1,  44,    43, -1,   0
734461,20101120,    45, -1,  23,   196,  1,   6
734461,20101120,    75,  1,  30,    54, -1,  20
734461,20101120,   169,  1,  62,    60, -1,  38
734461,20101120,    63,  1,  48,     8, -1,  10
734461,20101120,   202,  1,  51,    62, -1,  17
734461,20101120,    65, -1,  38,   103,  1,  17
734461,20101120,    66, -1,  30,   110,  1,  16
734461,20101120,    79,  1,  41,   181, -1,   7
734461,20101120,   190,  1,  59,    81, -1,  41
734461,20101120,    83, -1,  28,   221,  1,   6
734461,20101120,    85, -1,  48,   150,  1,  27
734461,20101120,   161,  0,  41,    87,  0,  24
734461,20101120,   154, -1,  20,    89,  1,  17
734461,20101120,   121, -1,  14,    90,  1,   0
734461,20101120,   156, -1,  48,    95,  1,  14
734461,20101120,   231,  1,  38,    97, -1,   3
734461,20101120,   106,  1,  43,   119, -1,  36
734461,20101120,   217,  1,  49,   147, -1,  37
734461,20101120,   237, -1,  17,   105,  1,  10
734461,20101120,   186,  1,  31,   109, -1,  17
734461,20101120,   227, -1,  31,   114,  1,  17
734461,20101120,   239, -1,  48,   116,  1,  28
734461,20101120,   117,  1,  35,   167, -1,  31
734461,20101120,   129, -1,  27,   240,  1,  26
734461,20101120,   203,  1,   9,   138, -1,   6
734461,20101120,   139,  1,  52,   142, -1,   6
734461,20101120,   137, -1,  29,   145,  1,  25
734461,20101120,   159,  1,  36,   219, -1,   7
734461,20101120,   162, -1,  17,   189,  1,  10
734461,20101120,   220, -1,  38,   180,  1,  34
734461,20101120,   187,  1,  69,   209, -1,  24
734461,20101120,   199, -1,  24,   224,  1,  10
734461,20101120,   205,  1,  64,   236, -1,  21
734461,20101120,   211,  1,  31,   222, -1,  28
734461,20101120,   164, -1,  35,     4,  1,  14
734461,20101120,     6,  1,  28,   123, -1,  19
734461,20101120,    64,  0,  38,    19,  0,  27
734461,20101120,    23,  1,  38,    44, -1,  16
734461,20101120,    55, -1,  37,    24,  1,  29
734461,20101120,    33,  1,  28,   112, -1,  24
734461,20101120,    34,  1,  23,   193, -1,  13
734461,20101120,    40,  1,  70,    35, -1,   3
734461,20101120,   160, -1,  31,    46,  1,   7
734461,20101120,   225, -1,  28,    51,  1,  21
734461,20101120,    57,  1,  17,    16, -1,   3
734461,20101120,    59,  1,  34,    84, -1,   7
734461,20101120,    61,  1,  45,   229, -1,  14
734461,20101120,    41, -1,  47,    67,  1,  12
734461,20101120,    70, -1,  32,    69,  1,  28
734461,20101120,    71,  1,  10,   228, -1,   7
734461,20101120,    72,  1,  14,   108, -1,   7
734461,20101120,    78,  1,  28,   243, -1,  21
734461,20101120,    80,  1,  34,    25, -1,   9
734461,20101120,    52, -1,  53,    82,  1,  43
734461,20101120,    91,  1,  27,     7, -1,  14
734461,20101120,   101, -1,  20,    99,  1,  13
734461,20101120,   102,  1,  54,   195, -1,  28
734461,20101120,    94, -1,  14,   107,  1,  10
734461,20101120,   122,  1,   3,   132, -1,   0
734461,20101120,   125, -1,  21,   124,  1,  16
734461,20101120,   126,  1,  30,    32, -1,  24
734461,20101120,    77, -1,  21,   127,  1,  16
734461,20101120,   130,  1,  28,   200, -1,  23
734461,20101120,   140,  1,  38,   208, -1,  19
734461,20101120,   173, -1,  48,   135,  1,   3
734461,20101120,   157, -1,  33,   136,  1,  21
734461,20101120,   148,  1,  62,   163, -1,  14
734461,20101120,   165,  1,  42,    49, -1,   6
734461,20101120,    48, -1,  31,   166,  1,   0
734461,20101120,   168,  1,  37,   111, -1,  34
734461,20101120,   176,  1,  38,   232, -1,  22
734461,20101120,   177,  1,  31,   204, -1,  29
734461,20101120,    38, -1,  13,   178,  1,  12
734461,20101120,   144, -1,  42,   182,  1,   6
734461,20101120,   174,  1,  21,   146, -1,   0
734461,20101120,   175,  1,  49,    88, -1,  21
734461,20101120,   185,  1,  36,   151, -1,  13
734461,20101120,   201,  1,  35,    93, -1,  24
734461,20101120,   212,  1,  20,    11, -1,  13
734461,20101120,   214,  1,  17,    47, -1,  16
734461,20101120,   230,  1,  30,   149, -1,  14
734461,20101120,   238,  1,  41,   170, -1,   3
734461,20101120,   241,  1,  45,    36, -1,  14
734464,20101123,   115,  1,  23,   198, -1,   3
734466,20101125,   203, -1,  24,   202,  1,  17
734467,20101126,     2,  1,  22,    26, -1,  14
734467,20101126,    15, -1,  28,     3,  1,  27
734467,20101126,   158,  1,  48,     9, -1,  29
734467,20101126,    10,  1,  55,   216, -1,  34
734467,20101126,   139,  1,  34,    20, -1,  31
734467,20101126,   231, -1,  41,    22,  1,   7
734467,20101126,   207,  1,  42,    29, -1,  31
734467,20101126,   138,  1,  45,    42, -1,  17
734467,20101126,   186, -1,  45,    60,  1,  38
734467,20101126,   133, -1,  71,    58,  1,   3
734467,20101126,    97,  1,  28,   153, -1,   6
734467,20101126,   105, -1,  40,   172,  1,  13
734467,20101126,   237, -1,  35,   162,  1,  10
734467,20101126,   211,  1,  56,   190, -1,  50
734468,20101127,   169,  1,  28,   213, -1,  23
734468,20101127,    12,  0,  31,   106,  0,  23
734468,20101127,    65,  1,  31,    13, -1,  24
734468,20101127,    21, -1,  16,   196,  1,   7
734468,20101127,   220,  1,  17,    28, -1,  16
734468,20101127,   234, -1,  16,    31,  1,  13
734468,20101127,   215, -1,  37,   113,  1,  17
734468,20101127,    45,  1,  38,    37, -1,  17
734468,20101127,   187, -1,  29,    39,  1,   7
734468,20101127,   145, -1,  24,    54,  1,  19
734468,20101127,    66,  1,  31,    63, -1,   7
734468,20101127,   129,  1,  38,    62, -1,  14
734468,20101127,    68,  1,  23,    83, -1,  20
734468,20101127,    73,  1,  42,    75, -1,  34
734468,20101127,    79, -1,  59,   142,  1,  24
734468,20101127,   205,  1,  35,    81, -1,  20
734468,20101127,    87, -1,  34,   167,  1,  31
734468,20101127,   118,  1,  27,    89, -1,  24
734468,20101127,   121,  0,  35,    95,  0,   7
734468,20101127,    96, -1,  49,   147,  1,  41
734468,20101127,   199,  1,  24,    98, -1,  14
734468,20101127,   104, -1,  45,   181,  1,  38
734468,20101127,   103, -1,  23,   217,  1,  22
734468,20101127,   109,  1,  38,   210, -1,  23
734468,20101127,   110,  1,  38,   137, -1,  31
734468,20101127,   189, -1,  23,   114,  1,  20
734468,20101127,   154,  1,  37,   116, -1,   7
734468,20101127,   117, -1,  28,   161,  1,  22
734468,20101127,   120, -1,  31,   119,  1,  23
734468,20101127,   180,  1,  48,   218, -1,  14
734468,20101127,   197, -1,  66,   141,  1,  17
734468,20101127,   239,  1,  70,   150, -1,  23
734468,20101127,   152, -1,  20,   219,  1,  16
734468,20101127,   155, -1,  47,   156,  1,  41
734468,20101127,   194,  1,  38,   159, -1,   0
734468,20101127,   209,  1,  28,   240, -1,  14
734468,20101127,   233, -1,  34,   224,  1,  13
734468,20101127,   227,  1,  37,   226, -1,   7
734468,20101127,    76,  0,  38,   191,  0,  17
734468,20101127,   230, -1,  17,    40,  1,  10
734468,20101127,    70,  1,  41,   173, -1,  16
734468,20101127,   132,  1,  43,   171, -1,  17
734468,20101127,   101, -1,  14,   149,  1,   7
734473,20101202,    10, -1,  30,     9,  1,  29
734474,20101203,    68,  1,  25,    85, -1,  23
734474,20101203,   115,  0,  26,   133,  0,  21
734475,20101204,    20,  1,  50,   221, -1,  14
734475,20101204,   162, -1,  28,    37,  1,  10
734475,20101204,    45, -1,  19,   189,  1,  16
734475,20101204,   209, -1,  44,    62,  1,   7
734475,20101204,   129, -1,  28,    65,  1,  27
734475,20101204,    79,  1,  59,   218, -1,  21
734475,20101204,    83,  1,  26,   181, -1,  23
734475,20101204,   139, -1,  35,   104,  1,  17
734475,20101204,   158, -1,  37,   159,  1,  20
734475,20101204,   237,  1,  35,   172, -1,  14
734475,20101204,   219, -1,  28,   216,  1,  14
734475,20101204,   234, -1,  35,   235,  1,  28
734475,20101204,   140, -1,  45,    19,  1,  20
734475,20101204,    59,  1,  37,   184, -1,  17
734475,20101204,   241, -1,  17,    93,  1,  14
734475,20101204,   225, -1,  54,   185,  1,  24
734475,20101204,   227,  0,  44,    66,  0,  33
734475,20101204,     8,  1,  42,   230, -1,  14
734475,20101204,    15,  0,  56,   187,  0,  17
734475,20101204,   215,  1,  17,   186, -1,   7
734475,20101204,    51,  1,  42,   101, -1,  20
734475,20101204,   132, -1,  42,   125,  1,  17
734475,20101204,    70, -1,  31,   238,  1,  15
734475,20101204,   155,  0,  23,   138,  0,  20
734481,20101210,    51,  1,  16,   140, -1,   3
734482,20101211,   134,  0,  31,    14,  0,  17
734482,20101211,   212,  0,  11,     5,  0,   6
734482,20101211,   225, -1,  42,     8,  1,  24
734482,20101211,    59,  1,  38,   132, -1,  31
734482,20101211,    70, -1,  23,   241,  1,  20
734488,20101217,    59,  1,  41,   225, -1,  31
734489,20101218,   133,  0,  40,    68,  0,  17
734489,20101218,   209,  0,  48,   153,  0,  21
734489,20101218,    28,  0,  52,   222,  0,  24
734489,20101218,    51,  1,  27,    70, -1,  10
734492,20101221,   105,  0,  31,   190,  0,  28
734493,20101222,    20,  0,  26,   220,  0,   3
734494,20101223,   180,  1,  35,   134, -1,  14
734495,20101224,   211, -1,  62,    79,  1,  35
734497,20101226,    65,  0,  34,   207,  0,  32
734498,20101227,     1,  0,  14,    75,  0,   7
734499,20101228,    89,  0,  27,   121,  0,  24
734499,20101228,   137,  0,  23,   237,  0,   7
734500,20101229,    85,  0,  38,    18,  0,  14
734500,20101229,   110,  0,  51,    60,  0,  20
734500,20101229,   156,  0,  36,     9,  0,  10
734501,20101230,    14,  0,  16,   186,  0,  14
734501,20101230,   196,  0,  36,    96,  0,  34
734501,20101230,   145,  0,  30,   199,  0,  27
734501,20101230,   234,  0,  19,   138,  0,   7
734502,20101231,   189,  0,  31,    39,  0,  26
734502,20101231,   215,  0,  10,    73,  0,   6
734502,20101231,   152,  0,  33,   114,  0,  17
734502,20101231,    66,  0,  26,   187,  0,  17
734503,20110101,     3,  0,  49,   117,  0,   7
734503,20110101,    63,  0,  37,   161,  0,  24
734503,20110101,   120,  0,  52,   116,  0,  14
734503,20110101,   155,  0,  48,    45,  0,  20
734503,20110101,   197,  0,  21,   239,  0,  19
734503,20110101,   205,  0,  45,   150,  0,  38
734505,20110103,   194,  0,  40,   227,  0,  12
734506,20110104,   154,  0,  31,    12,  0,  26
734508,20110106,   115,  0,  35,   129,  0,  21
734509,20110107,   106,  0,  41,   203,  0,  24
734509,20110107,    59,  0,  20,    51,  0,  19
734510,20110108,   162,  0,  27,    98,  0,  10
734511,20110109,   139,  0,  20,    21,  0,  13
734512,20110110,    15,  0,  22,   158,  0,  19
