737296,20180825,   117,  1,  63,    57, -1,  15
737296,20180825,    82, -1,  43,    45,  1,  34
737296,20180825,   177,  1,  31,   172, -1,  28
737296,20180825,   253, -1,  29,   149,  1,   7
737296,20180825,   142,  0,  20,    98,  0,  17
737301,20180830,   213,  1,  59,   159, -1,   7
737301,20180830,    18,  1,  42,    35, -1,   6
737301,20180830,    77,  1,  24,   102, -1,  20
737301,20180830,   125,  1,  48,   149, -1,  10
737301,20180830,   158, -1,  31,   175,  1,  27
737301,20180830,   223,  1,  52,   190, -1,   0
737301,20180830,   224, -1,  44,   189,  1,  38
737301,20180830,   225, -1,  56,    47,  1,  17
737301,20180830,   244, -1,  23,   220,  1,  17
737301,20180830,   231,  1,  41,   247, -1,  10
737301,20180830,   164,  1,  58,   129, -1,  17
737301,20180830,   227,  1,  34,   191, -1,  31
737301,20180830,    38,  1,  34,   211, -1,  10
737301,20180830,    59,  1,  49,   133, -1,  23
737301,20180830,   113,  1,  35,   147, -1,   7
737301,20180830,   183, -1,  49,   137,  1,  10
737301,20180830,   176, -1,  21,    53,  1,  19
737301,20180830,   132,  1,  26,   241, -1,  23
737301,20180830,   154,  1,  35,   135, -1,   7
737302,20180831,   203,  1,  31,   188, -1,  10
737302,20180831,   206, -1,  55,   242,  1,  42
737302,20180831,   124,  1,  38,   232, -1,  31
737302,20180831,   250,  1,  34,   251, -1,   3
737302,20180831,    56,  1,  34,    15, -1,  14
737302,20180831,    60,  1,  51,   130, -1,  17
737302,20180831,   146,  1,  72,   171, -1,  19
737302,20180831,    44,  0,  45,    45,  0,  13
737303,20180901,   160,  1,  24,   123, -1,  17
737303,20180901,    19,  1,  55,     1, -1,  27
737303,20180901,   170,  1,  33,     7, -1,   7
737303,20180901,    78,  1,  41,     8, -1,   0
737303,20180901,   169,  1,  45,     9, -1,  38
737303,20180901,    76,  1,  45,    17, -1,   0
737303,20180901,    21, -1,  56,   219,  1,  20
737303,20180901,   166,  1,  58,    23, -1,  24
737303,20180901,    29, -1,  28,    10,  1,  23
737303,20180901,   221,  1,  38,    34, -1,  27
737303,20180901,   104,  1,  35,    30, -1,  20
737303,20180901,    66,  1,  53,    36, -1,   6
737303,20180901,    39, -1,  26,   226,  1,  17
737303,20180901,   196,  1,  49,    42, -1,  15
737303,20180901,    27,  1,  48,    54, -1,  10
737303,20180901,    13,  1,  55,    58, -1,  20
737303,20180901,   198,  1,  34,    63, -1,  14
737303,20180901,   163,  1,  63,    65, -1,  14
737303,20180901,    37,  1,  34,    70, -1,  10
737303,20180901,    41,  1,  48,    72, -1,   7
737303,20180901,   109,  1,  49,    79, -1,  17
737303,20180901,    84, -1,  45,   177,  1,  27
737303,20180901,   161,  1,  38,    86, -1,  32
737303,20180901,    71,  1,  79,    87, -1,  13
737303,20180901,   148,  1,  62,    91, -1,  30
737303,20180901,    92, -1,  38,    68,  1,  28
737303,20180901,   199,  1,  55,    96, -1,   7
737303,20180901,   144,  1,  24,    99, -1,  13
737303,20180901,    89,  1,  31,   103, -1,  24
737303,20180901,   110, -1,  30,   195,  1,  26
737303,20180901,   115, -1,  35,   122,  1,  28
737303,20180901,   119,  1,  66,   120, -1,  14
737303,20180901,   235,  1,  35,   136, -1,   7
737303,20180901,    82,  1,  59,   141, -1,  41
737303,20180901,   150, -1,  26,   100,  1,  23
737303,20180901,    94,  1,  33,   140, -1,   7
737303,20180901,    32,  1,  24,   153, -1,  17
737303,20180901,   108,  1,  52,   165, -1,  10
737303,20180901,   162,  1,  77,   167, -1,  31
737303,20180901,   237,  1,  42,   178, -1,  13
737303,20180901,   155,  1,  46,   194, -1,  23
737303,20180901,    73,  1,  37,   181, -1,   6
737303,20180901,   101,  1,  27,   197, -1,  24
737303,20180901,    14,  1,  48,   192, -1,  21
737303,20180901,   207,  1,  55,   200, -1,   7
737303,20180901,   127,  1,  63,   193, -1,   6
737303,20180901,     2,  1,  38,   205, -1,   0
737303,20180901,   180,  1,  35,   214, -1,   7
737303,20180901,    22,  1,  55,   117, -1,  21
737303,20180901,   229,  1,  43,   228, -1,  21
737303,20180901,   128,  1,  51,   216, -1,  14
737303,20180901,    11,  1,  49,   230, -1,   7
737303,20180901,   236, -1,  19,   208,  1,  17
737303,20180901,   217,  1,  66,   239, -1,   3
737303,20180901,   246, -1,  41,   253,  1,  19
737303,20180901,   248,  0,  40,   209,  0,  14
737303,20180901,   116,  1,  34,   212, -1,  29
737303,20180901,     4,  0,  51,   111,  0,  14
737303,20180901,    16,  0,  21,   245,  0,  16
737303,20180901,   126,  0,  47,   215,  0,  27
737303,20180901,   249, -1,  14,    26,  1,   7
737303,20180901,    28, -1,  23,   255,  1,  21
737303,20180901,   139,  1,  49,    31, -1,   3
737303,20180901,   252,  1,  28,    40, -1,  21
737303,20180901,    43,  1,  24,    83, -1,  17
737303,20180901,   184,  1,  35,   105, -1,   6
737303,20180901,   107,  1,  21,   202, -1,  19
737303,20180901,   118, -1,  17,   138,  1,  14
737303,20180901,   131,  1,  26,   157, -1,  23
737303,20180901,   218, -1,  36,   134,  1,  10
737303,20180901,   156, -1,  30,   233,  1,  10
737303,20180901,    52,  1,  49,   179, -1,  28
737303,20180901,    75, -1,  39,   114,  1,  14
737303,20180901,   152, -1,  34,   201,  1,  30
737303,20180901,   210,  1,  34,    20, -1,   3
737304,20180902,   142, -1,  28,    62,  1,  23
737304,20180902,   112,  0,  33,   121,  0,  17
737304,20180902,   172,  0,  40,   143,  0,  24
737305,20180903,   238, -1,  24,    69,  1,   3
737308,20180906,   102, -1,  49,   211,  1,  10
737309,20180907,   207, -1,  42,   194,  1,  12
737310,20180908,    65,  1,  33,     2, -1,  27
737310,20180908,    16,  1,  63,     6, -1,   9
737310,20180908,     9, -1,  45,    37,  1,   9
737310,20180908,    84,  1,  45,    10, -1,  18
737310,20180908,    45,  1,  34,    13, -1,  27
737310,20180908,     4,  1,  57,    14, -1,   7
737310,20180908,   160,  1,  24,    18, -1,  16
737310,20180908,    19, -1,  37,   230,  1,  20
737310,20180908,    27, -1,  36,   208,  1,  29
737310,20180908,    32, -1,  21,    29,  1,  18
737310,20180908,    41, -1,  28,   213,  1,  26
737310,20180908,    44, -1,  33,   145,  1,  28
737310,20180908,    56, -1,  21,   158,  1,   7
737310,20180908,    60, -1,  20,   175,  1,  19
737310,20180908,   209,  1,  59,    64, -1,   3
737310,20180908,    68, -1,  28,   165,  1,  20
737310,20180908,   219,  1,  59,    67, -1,   7
737310,20180908,   125,  1,  21,    71, -1,  14
737310,20180908,    76, -1,  41,   196,  1,  17
737310,20180908,   144,  1,  41,    77, -1,   7
737310,20180908,   198,  1,  49,    78, -1,  38
737310,20180908,    22,  1,  62,    83, -1,  14
737310,20180908,   103,  1,  54,    86, -1,  14
737310,20180908,   155,  1,  58,    91, -1,  16
737310,20180908,   111,  1,  31,    93, -1,   7
737310,20180908,    94,  1,  13,    95, -1,   3
737310,20180908,   100, -1,  31,    30,  1,   7
737310,20180908,   104, -1,  27,    66,  1,  16
737310,20180908,   215,  1,  77,   106, -1,   0
737310,20180908,    15,  1,  38,   108, -1,  14
737310,20180908,   113, -1,  31,   251,  1,  28
737310,20180908,   116, -1,  45,    23,  1,  14
737310,20180908,   141,  1,  22,   119, -1,  21
737310,20180908,    11,  1,  16,   124, -1,  13
737310,20180908,   127, -1,  31,   101,  1,  10
737310,20180908,     3,  1,  41,   134, -1,   7
737310,20180908,   235,  1,  41,   146, -1,  10
737310,20180908,   250,  1,  45,   148, -1,  14
737310,20180908,   232,  1,  60,   149, -1,  13
737310,20180908,   220,  1,  42,   150, -1,  17
737310,20180908,    62,  1,  41,   153, -1,  19
737310,20180908,   245,  1,  45,   154, -1,   3
737310,20180908,   169, -1,  51,   170,  1,   6
737310,20180908,   166,  1,  62,   171, -1,  14
737310,20180908,    82,  1,  43,   177, -1,  29
737310,20180908,   162,  1,  52,   180, -1,   3
737310,20180908,   188,  1,  28,    49, -1,  14
737310,20180908,    69,  1,  36,   186, -1,  26
737310,20180908,   246,  1,  31,   189, -1,   0
737310,20180908,   121,  1,  77,   190, -1,   0
737310,20180908,   164,  1,  55,   195, -1,  13
737310,20180908,   225,  1,  38,   181, -1,   0
737310,20180908,   112,  1,  31,   191, -1,   0
737310,20180908,   110,  1,  54,   200, -1,  17
737310,20180908,   126,  1,  76,   183, -1,  41
737310,20180908,   167,  1,  48,   201, -1,  25
737310,20180908,   214,  1,  36,   222, -1,  20
737310,20180908,   244,  1,  51,   218, -1,  20
737310,20180908,   212,  1,  28,   221, -1,  21
737310,20180908,    42,  1,  47,   223, -1,  24
737310,20180908,   163,  1,  49,   226, -1,  21
737310,20180908,    21,  1,  62,    47, -1,   7
737310,20180908,   227, -1,  21,   199,  1,  20
737310,20180908,    73,  1,  34,   117, -1,  13
737310,20180908,   203,  1,  17,   229, -1,   3
737310,20180908,   136,  1,  61,   216, -1,  37
737310,20180908,   231, -1,  17,   140,  1,   6
737310,20180908,   228,  1,  52,   233, -1,  24
737310,20180908,    92,  1,  20,   237, -1,  16
737310,20180908,   206,  1,  62,   243, -1,  10
737310,20180908,    89,  1,  34,   241, -1,  14
737310,20180908,   123,  1,  49,   242, -1,   3
737310,20180908,   238,  1,  62,   249, -1,  17
737310,20180908,   128,  1,  40,   253, -1,  13
737310,20180908,   248,  1,  52,   255, -1,  17
737310,20180908,   115,  1,  32,    59, -1,  16
737310,20180908,    39,  1,  21,   122, -1,   0
737310,20180908,   152, -1,  25,     5,  1,  20
737310,20180908,   176,  1,  45,     7, -1,  26
737310,20180908,    17,  1,  24,   173, -1,   0
737310,20180908,   184, -1,  30,    26,  1,  14
737310,20180908,   247, -1,  24,    31,  1,  17
737310,20180908,    38, -1,  29,    40,  1,  28
737310,20180908,    43, -1,  10,   147,  1,   3
737310,20180908,   192,  1,  40,    52, -1,  21
737310,20180908,   202,  1,  45,    54, -1,  14
737310,20180908,   131,  1,  48,    55, -1,  16
737310,20180908,    90,  1,  48,    58, -1,  10
737310,20180908,    63,  1,  45,    72, -1,   7
737310,20180908,    61, -1,  31,   156,  1,  26
737310,20180908,   178,  1,  52,    70, -1,   7
737310,20180908,   159,  1,  34,    79, -1,   7
737310,20180908,   118, -1,  51,    85,  1,  34
737310,20180908,   120,  1,  45,    97, -1,   3
737310,20180908,    99, -1,  17,   151,  1,   0
737310,20180908,   236, -1,  31,   107,  1,   9
737310,20180908,   182,  1,  45,   132, -1,  14
737310,20180908,   197,  1,  43,   138, -1,  28
737310,20180908,   185,  1,  41,   172, -1,  32
737310,20180908,   224,  1,  54,   187, -1,  21
737310,20180908,    33, -1,  13,    75,  1,   8
737310,20180908,   142,  1,  45,    74, -1,   6
737310,20180908,   252,  1,  59,   239, -1,  14
737310,20180908,    34,  1,  26,   137, -1,  13
737310,20180908,   130,  1,  56,    80, -1,  28
737310,20180908,    53,  1,  37,   105, -1,   0
737310,20180908,    57,  1,  23,   234, -1,  21
737310,20180908,    98,  1,  71,   135, -1,   0
737310,20180908,   205,  1,  50,    25, -1,  21
737314,20180912,    42, -1,  58,    33,  1,  21
737315,20180913,    22, -1,  41,   244,  1,  34
737315,20180913,   232,  1,  73,   211, -1,  12
737315,20180913,    37,  1,  28,   165, -1,  25
737315,20180913,   178, -1,  35,   202,  1,  27
737315,20180913,    99,  1,  73,   179, -1,   7
737316,20180914,   119,  1,  59,    77, -1,  22
737316,20180914,    31,  1,  44,    24, -1,  15
737316,20180914,   240, -1,  28,    74,  1,  10
737316,20180914,    64, -1,  27,   239,  1,  24
737317,20180915,     3, -1,  39,   158,  1,  34
737317,20180915,     4, -1,  62,   126,  1,   7
737317,20180915,    39,  1,  63,     5, -1,   7
737317,20180915,   188,  1,  28,    11, -1,  21
737317,20180915,    14, -1,  29,   221,  1,  20
737317,20180915,    92,  1,  38,    18, -1,  10
737317,20180915,    65,  1,  49,    20, -1,  28
737317,20180915,   164,  1,  44,    21, -1,  21
737317,20180915,    29, -1,  24,   250,  1,  21
737317,20180915,   140,  1,  24,    30, -1,  16
737317,20180915,    66,  1,  48,    45, -1,  10
737317,20180915,   242,  1,  68,    54, -1,   0
737317,20180915,    56, -1,  40,    19,  1,  27
737317,20180915,    27,  1,  35,    60, -1,  28
737317,20180915,   246,  1,  59,    61, -1,  24
737317,20180915,   206,  1,  30,    69, -1,   7
737317,20180915,    71, -1,  38,   226,  1,  14
737317,20180915,    41,  1,  38,    73, -1,   7
737317,20180915,   170,  1,  24,    78, -1,  19
737317,20180915,    15,  1,  28,    82, -1,  21
737317,20180915,   215,  1,  63,    84, -1,  49
737317,20180915,    32,  1,  45,    88, -1,  23
737317,20180915,   169,  1,  63,   103, -1,  10
737317,20180915,   141,  1,  51,   107, -1,  21
737317,20180915,   127,  1,  56,   109, -1,  10
737317,20180915,   112, -1,  22,    16,  1,  21
737317,20180915,   121, -1,  49,   217,  1,  24
737317,20180915,   125,  1,  26,   122, -1,   3
737317,20180915,    76,  1,  49,   136, -1,   7
737317,20180915,   128, -1,  40,   175,  1,  37
737317,20180915,   104,  1,  48,   137, -1,  10
737317,20180915,    44,  1,  45,   147, -1,  14
737317,20180915,   148, -1,  42,   149,  1,  25
737317,20180915,   155, -1,  44,    13,  1,  17
737317,20180915,    94,  1,  38,   157, -1,  14
737317,20180915,   237,  0,  45,   161,  0,  31
737317,20180915,   162, -1,  40,   207,  1,  28
737317,20180915,   163, -1,  37,    95,  1,  27
737317,20180915,   146,  1,  37,   167, -1,  35
737317,20180915,    47,  1,  56,   176, -1,  49
737317,20180915,   100,  1,  55,   180, -1,  14
737317,20180915,   166,  1,  35,   189, -1,  22
737317,20180915,   123,  1,  45,   194, -1,  20
737317,20180915,    10,  1,  62,   201, -1,  31
737317,20180915,   208, -1,  35,   116,  1,  14
737317,20180915,   195,  1,  41,   214, -1,  31
737317,20180915,   219, -1,  24,   145,  1,  19
737317,20180915,   223,  1,  31,   220, -1,  24
737317,20180915,   203,  1,  30,   224, -1,  10
737317,20180915,   213,  1,  48,   227, -1,  10
737317,20180915,    68,  1,  63,   117, -1,  24
737317,20180915,   212,  1,  37,   229, -1,  14
737317,20180915,   209,  1,  24,   233, -1,   0
737317,20180915,   101,  1,  41,   230, -1,  17
737317,20180915,   160,  1,  22,   235, -1,  17
737317,20180915,   245, -1,  21,   231,  1,   7
737317,20180915,   111,  1,  20,   251, -1,  17
737317,20180915,   253,  1,  17,   252, -1,  14
737317,20180915,    23,  1,  42,    59, -1,  35
737317,20180915,   198, -1,  25,    89,  1,  19
737317,20180915,   102,  1,  62,     6, -1,  13
737317,20180915,     7,  1,  30,   134, -1,  27
737317,20180915,    17, -1,  78,   133,  1,  40
737317,20180915,    25,  1,  37,   114, -1,  27
737317,20180915,   174, -1,  50,    28,  1,   7
737317,20180915,    46, -1,  41,    35,  1,  24
737317,20180915,    49, -1,  28,   138,  1,  25
737317,20180915,    57,  1,  31,    52, -1,  26
737317,20180915,    93, -1,  55,    58,  1,  41
737317,20180915,    81,  1,  36,   187, -1,  14
737317,20180915,    83,  1,  31,   254, -1,  28
737317,20180915,   130, -1,  24,   105,  1,  20
737317,20180915,   159, -1,  49,   106,  1,  48
737317,20180915,   118,  1,  20,   150, -1,  10
737317,20180915,   120, -1,  30,   186,  1,  24
737317,20180915,   241,  1,  31,   131, -1,  27
737317,20180915,   139,  1,  38,   152, -1,   7
737317,20180915,   154, -1,  24,   185,  1,  23
737317,20180915,   228,  1,  46,   172, -1,  17
737317,20180915,   192, -1,  48,   183,  1,  44
737317,20180915,   247,  1,  27,   197, -1,  10
737317,20180915,   218, -1,  45,   236,  1,  35
737317,20180915,   182,  1,  90,    12, -1,   6
737317,20180915,   168,  1,  34,    26, -1,  17
737317,20180915,    50,  1,  41,    75, -1,   0
737317,20180915,   129,  1,  40,   156, -1,   8
737317,20180915,    34, -1,  33,   191,  1,  25
737317,20180915,     8,  1,  27,   222, -1,  15
737317,20180915,    53,  1,  27,    48, -1,  10
737317,20180915,   205, -1,  28,    70,  1,   6
737317,20180915,     1, -1,  38,    85,  1,  13
737317,20180915,    91,  1,  31,   193, -1,   7
737317,20180915,   132,  1,  47,   243, -1,  24
737317,20180915,    38, -1,  34,   216,  1,  24
737317,20180915,   255,  1,  42,   234, -1,   7
737317,20180915,    96, -1,  18,    67,  1,  16
737322,20180920,   208,  1,  31,   221, -1,  17
737323,20180921,    81, -1,  31,    24,  1,  17
737323,20180921,   225,  1,  56,    65, -1,  36
737323,20180921,   169, -1,  63,    89,  1,  24
737323,20180921,   229,  1,  39,   246, -1,  36
737324,20180922,   193,  1,  24,     1, -1,  21
737324,20180922,   232,  1,  42,     2, -1,  32
737324,20180922,    95,  1,  26,     3, -1,  13
737324,20180922,     4,  1,  45,   213, -1,  23
737324,20180922,    79,  1,  34,     6, -1,   0
737324,20180922,     7,  1,  35,   202, -1,  28
737324,20180922,     9,  1,  72,    74, -1,   7
737324,20180922,    10, -1,  35,   167,  1,  14
737324,20180922,   245,  1,  27,    11, -1,  20
737324,20180922,   251, -1,  28,    18,  1,  20
737324,20180922,    19,  1,  26,   100, -1,   7
737324,20180922,   175,  1,  30,    22, -1,  13
737324,20180922,   236,  1,  49,    26, -1,   7
737324,20180922,    27, -1,  42,   180,  1,  13
737324,20180922,    61,  1,  70,    31, -1,  17
737324,20180922,    35, -1,  24,    70,  1,  13
737324,20180922,    63, -1,  31,    36,  1,  22
737324,20180922,   117,  1,  49,    37, -1,  31
737324,20180922,    38,  1,  27,   186, -1,  20
737324,20180922,    39,  1,  34,   161, -1,  30
737324,20180922,    40, -1,  38,   120,  1,  31
737324,20180922,    30,  1,  17,   113, -1,   5
737324,20180922,    42, -1,  30,   109,  1,  28
737324,20180922,    90, -1,  35,    45,  1,  19
737324,20180922,   206,  1,  51,    47, -1,  21
737324,20180922,   254, -1,  30,    48,  1,  24
737324,20180922,   131,  1,  41,    49, -1,  34
737324,20180922,    52,  1,  42,    51, -1,  21
737324,20180922,    56,  1,  55,   143, -1,  13
737324,20180922,    82,  1,  42,    57, -1,  21
737324,20180922,   198,  1,  20,    62, -1,  13
737324,20180922,    59,  1,  23,   192, -1,  14
737324,20180922,   188,  1,  23,    60, -1,  20
737324,20180922,    67,  1,  31,   190, -1,  13
737324,20180922,    76, -1,  43,   128,  1,  29
737324,20180922,   242, -1,  34,    77,  1,  15
737324,20180922,   224,  1,  44,    87, -1,  21
737324,20180922,   124, -1,  35,    92,  1,  21
737324,20180922,   250, -1,  28,    94,  1,  17
737324,20180922,    99,  1,  51,   249, -1,   0
737324,20180922,   126,  1,  38,   103, -1,  17
737324,20180922,   104,  1,  28,   127, -1,   7
737324,20180922,   191, -1,  30,   106,  1,  24
737324,20180922,   112,  1,  38,   110, -1,  21
737324,20180922,   204,  1,  19,   114, -1,  14
737324,20180922,   144, -1,  37,   115,  1,  20
737324,20180922,   116,  1,  42,   125, -1,  13
737324,20180922,   119,  1,  52,   195, -1,  35
737324,20180922,   123,  1,  56,   145, -1,  10
737324,20180922,   174,  1,  51,   130, -1,   9
737324,20180922,   132, -1,  43,   171,  1,  23
737324,20180922,   194,  1,  31,   141, -1,  30
737324,20180922,   247,  1,  45,   138, -1,  28
737324,20180922,   217,  1,  63,   146, -1,  44
737324,20180922,   149, -1,  27,   233,  1,  20
737324,20180922,   150,  1,  27,   185, -1,   7
737324,20180922,   151, -1,  17,   181,  1,   7
737324,20180922,   153,  1,  38,   170, -1,  35
737324,20180922,   162,  1,  49,   220, -1,   6
737324,20180922,   215, -1,  41,   164,  1,  17
737324,20180922,   203, -1,  38,   166,  1,  31
737324,20180922,   199,  1,  40,   177, -1,  22
737324,20180922,   184, -1,  41,   243,  1,  14
737324,20180922,   196, -1,  37,   235,  1,  14
737324,20180922,   212,  1,  31,   207, -1,  16
737324,20180922,   230,  1,  25,   214, -1,  21
737324,20180922,    14,  1,  27,   228, -1,  20
737324,20180922,    16,  1,  34,    13, -1,   3
737324,20180922,   122, -1,  38,    23,  1,  23
737324,20180922,    29,  1,  30,   118, -1,   3
737324,20180922,    69,  1,  37,   140, -1,  19
737324,20180922,    41, -1,  49,    78,  1,  21
737324,20180922,    84,  1,  70,   222, -1,  14
737324,20180922,   155, -1,  47,   108,  1,   7
737324,20180922,   219, -1,  35,   227,  1,  27
737324,20180922,   121,  1,  31,    68, -1,  17
737324,20180922,   163,  1,  28,    15, -1,  21
737324,20180922,   165,  1,  49,   238, -1,  35
737324,20180922,    66, -1,  47,   209,  1,  21
737324,20180922,   237,  1,  27,   111, -1,   3
737324,20180922,   160, -1,  56,   244,  1,  27
737324,20180922,   248,  1,  35,   101, -1,   6
737324,20180922,   172, -1,  62,    12,  1,  13
737324,20180922,    86,  0,  41,    20,  0,  35
737324,20180922,    25,  1,  49,   179, -1,  46
737324,20180922,    46, -1,  23,    75,  1,  15
737324,20180922,    50, -1,  34,    83,  1,  14
737324,20180922,   168,  1,  30,   107, -1,  10
737324,20180922,   134, -1,  16,   142,  1,  13
737324,20180922,   157,  1,  44,    80, -1,   0
737324,20180922,     8, -1,  56,   135,  1,  20
737324,20180922,   200,  0,  29,     5,  0,  27
737324,20180922,    43,  1,  45,   105, -1,   0
737324,20180922,    64,  1,  29,    72, -1,  27
737324,20180922,   210, -1,  41,    58,  1,  40
737324,20180922,    98,  1,  48,   211, -1,  20
737324,20180922,    88, -1,  25,   154,  1,  21
737324,20180922,   139,  1,  38,    53, -1,  10
737324,20180922,   156,  1,  31,   201, -1,  23
737324,20180922,   205,  1,  36,   178, -1,  10
737324,20180922,   216,  1,  37,    17, -1,   7
737324,20180922,   240,  1,  52,   239, -1,  50
737329,20180927,   157, -1,  33,    93,  1,   0
737329,20180927,   121,  1,  47,   153, -1,  10
737329,20180927,   142,  1,  31,   181, -1,  16
737330,20180928,    44,  1,  38,   226, -1,  16
737330,20180928,   174, -1,  45,    46,  1,  10
737330,20180928,   176, -1,  23,    81,  1,  16
737330,20180928,   220,  1,  40,   119, -1,  24
737331,20180929,    91, -1,  44,     1,  1,  34
737331,20180929,   146, -1,  28,     2,  1,  25
737331,20180929,     4,  1,  56,   109, -1,  14
737331,20180929,     9,  1,  52,   195, -1,   7
737331,20180929,   229, -1,  24,    10,  1,  20
737331,20180929,    11,  1,  52,   167, -1,  24
737331,20180929,    73,  1,  28,    14, -1,  21
737331,20180929,    15, -1,  42,    27,  1,  13
737331,20180929,    16,  1,  24,   199, -1,  13
737331,20180929,    98,  1,  48,    17, -1,  32
737331,20180929,    18,  1,  52,   103, -1,  24
737331,20180929,    20, -1,  35,   190,  1,  20
737331,20180929,    22,  1,  45,   208, -1,  35
737331,20180929,    26, -1,  19,    83,  1,  16
737331,20180929,    28,  1,  24,   133, -1,  21
737331,20180929,   166, -1,  42,    32,  1,  24
737331,20180929,   131, -1,  48,    31,  1,  28
737331,20180929,    33,  1,  30,   152, -1,   7
737331,20180929,   105,  1,  31,    35, -1,  24
737331,20180929,   223,  1,  28,    37, -1,   7
737331,20180929,    39, -1,  49,    47,  1,   7
737331,20180929,   218,  1,  44,    40, -1,  27
737331,20180929,    41,  1,  27,   206, -1,  23
737331,20180929,   124,  1,  31,    30, -1,  20
737331,20180929,   219,  1,  45,    42, -1,  21
737331,20180929,    48,  1,  43,   184, -1,  24
737331,20180929,   114,  1,  28,    52, -1,  17
737331,20180929,   151,  1,  54,    54, -1,  28
737331,20180929,    55, -1,  41,    97,  1,   9
737331,20180929,    62,  1,  37,   165, -1,  35
737331,20180929,    58, -1,  52,   211,  1,  38
737331,20180929,    63,  1,  30,   147, -1,   9
737331,20180929,   140, -1,  26,    60,  1,  23
737331,20180929,    61, -1,  34,   132,  1,  17
737331,20180929,   136,  1,  25,    65, -1,  24
737331,20180929,    66, -1,  13,   127,  1,   6
737331,20180929,    67, -1,  55,   143,  1,  14
737331,20180929,    71,  1,  49,   217, -1,  27
737331,20180929,    72,  1,  44,   240, -1,  38
737331,20180929,   252, -1,  45,    74,  1,  14
737331,20180929,   172,  0,  22,    79,  0,  16
737331,20180929,    82, -1,  44,   189,  1,  41
737331,20180929,    87,  1,  20,   171, -1,   7
737331,20180929,    88,  1,  56,   156, -1,  42
737331,20180929,    92, -1,  24,   180,  1,  17
737331,20180929,   207,  1,  17,    95, -1,  14
737331,20180929,    99, -1,  63,   178,  1,  10
737331,20180929,   164, -1,  48,   100,  1,  28
737331,20180929,   102,  1,  24,   186, -1,  10
737331,20180929,   104,  1,  24,   196, -1,  10
737331,20180929,   150,  1,  50,   106, -1,  27
737331,20180929,   110, -1,  29,   155,  1,  27
737331,20180929,   112,  1,  45,   126, -1,  16
737331,20180929,   254,  1,  35,   113, -1,  14
737331,20180929,   115, -1,  20,   251,  1,  17
737331,20180929,   161,  1,  58,   117, -1,  42
737331,20180929,   118,  1,  17,   193, -1,  10
737331,20180929,   123, -1,  20,   158,  1,  17
737331,20180929,   130,  1,  54,   243, -1,  47
737331,20180929,   154, -1,  38,   138,  1,  13
737331,20180929,   175, -1,  42,   145,  1,  28
737331,20180929,   191,  1,  24,   159, -1,  17
737331,20180929,   162, -1,  27,   169,  1,  26
737331,20180929,   225,  1,  45,   170, -1,  14
737331,20180929,   187,  1,  49,   204, -1,  10
737331,20180929,   197, -1,  31,   183,  1,  24
737331,20180929,   246,  1,  28,   231, -1,  24
737331,20180929,   230,  1,  30,   233, -1,  21
737331,20180929,   241,  1,  45,   255, -1,  38
737331,20180929,   238, -1,  31,    56,  1,  14
737331,20180929,    68,  1,  55,    12, -1,   9
737331,20180929,    76,  1,  38,   209, -1,  12
737331,20180929,    77,  1,  46,   227, -1,  14
737331,20180929,    78,  1,  63,    23, -1,  17
737331,20180929,   212, -1,  19,   101,  1,  14
737331,20180929,    69, -1,  28,   111,  1,  24
737331,20180929,   242, -1,  40,   122,  1,  39
737331,20180929,   108, -1,  52,   148,  1,  43
737331,20180929,   144,  1,  35,   237, -1,  21
737331,20180929,   160,  1,  38,   203, -1,  17
737331,20180929,   163,  1,  66,    19, -1,  33
737331,20180929,   194,  1,  63,    85, -1,  27
737331,20180929,   213,  0,  24,    13,  0,  17
737331,20180929,   248, -1,  42,   215,  1,  34
737331,20180929,   235,  1,  31,   210, -1,  27
737331,20180929,   244,  1,  56,   177, -1,  24
737331,20180929,   245,  1,  35,    29, -1,   7
737331,20180929,    21, -1,  34,   253,  1,  14
737331,20180929,    24,  1,  35,    75, -1,   7
737331,20180929,   120, -1,  48,   239,  1,  38
737331,20180929,    50,  1,  37,   168, -1,  14
737331,20180929,   129,  1,  24,    90, -1,  21
737331,20180929,   185,  1,  34,    34, -1,  31
737331,20180929,    36, -1,  48,    80,  1,  14
737331,20180929,    64,  1,  17,    38, -1,  14
737331,20180929,     5, -1,  21,    96,  1,  16
737331,20180929,   139,  1,  21,   182, -1,  17
737331,20180929,     8, -1,  20,   200,  1,   3
737331,20180929,   205,  1,  29,   236, -1,  27
737331,20180929,    51, -1,  40,   234,  1,  35
737331,20180929,    43, -1,  23,   249,  1,   0
737331,20180929,   137,  1,  45,   216, -1,  38
737336,20181004,   219,  1,  37,    77, -1,  20
737336,20181004,    84,  1,  41,   221, -1,  26
737337,20181005,    78, -1,  66,   111,  1,  31
737337,20181005,   136, -1,  34,   115,  1,  24
737337,20181005,   232, -1,  45,    29,  1,  20
737337,20181005,    50, -1,  41,   254,  1,  18
737338,20181006,   118,  1,  24,     1, -1,  21
737338,20181006,     2,  1,  35,   141, -1,   7
737338,20181006,     6, -1,  28,     8,  1,  25
737338,20181006,   249,  1,  25,     7, -1,  22
737338,20181006,    10,  1,  24,    32, -1,  17
737338,20181006,    44,  1,  28,    11, -1,  21
737338,20181006,   127,  1,  23,    16, -1,   9
737338,20181006,   140, -1,  24,    18,  1,  16
737338,20181006,   188, -1,  19,    21,  1,  13
737338,20181006,   144,  1,  28,    22, -1,  23
737338,20181006,   217,  1,  52,    23, -1,  36
737338,20181006,   176,  1,  48,    24, -1,   0
737338,20181006,    25, -1,  21,    57,  1,  20
737338,20181006,    43, -1,  27,    26,  1,   3
737338,20181006,    27, -1,  34,    30,  1,  24
737338,20181006,    55,  1,  36,    28, -1,   6
737338,20181006,    31, -1,  41,    49,  1,  27
737338,20181006,    33,  1,  49,   243, -1,   3
737338,20181006,   190,  1,  23,    36, -1,   3
737338,20181006,   252, -1,  21,    38,  1,  10
737338,20181006,    39,  1,  37,   220, -1,  21
737338,20181006,    41, -1,  63,   244,  1,   3
737338,20181006,    45, -1,  42,   189,  1,  30
737338,20181006,    46,  1,  34,   114, -1,  24
737338,20181006,   119,  1,  55,    47, -1,  14
737338,20181006,    48,  1,  28,    81, -1,  24
737338,20181006,    51,  1,  44,    97, -1,  37
737338,20181006,   208,  1,  49,    62, -1,   6
737338,20181006,   137, -1,  48,    58,  1,  41
737338,20181006,    98, -1,  56,    59,  1,   7
737338,20181006,   242,  1,  27,    60, -1,  24
737338,20181006,    65,  1,  52,   165, -1,  33
737338,20181006,    66,  1,  27,   112, -1,  19
737338,20181006,    67,  1,  17,   151, -1,   0
737338,20181006,    71, -1,  21,   146,  1,   3
737338,20181006,    73,  1,  48,   195, -1,  13
737338,20181006,    76,  1,  41,   235, -1,  13
737338,20181006,    82,  1,  17,   253, -1,  13
737338,20181006,   147,  1,  28,    83, -1,   0
737338,20181006,    88,  1,  62,    87, -1,  28
737338,20181006,    89, -1,  38,   180,  1,  17
737338,20181006,    90,  1,  33,   241, -1,  16
737338,20181006,    91,  1,  52,   191, -1,  34
737338,20181006,   162,  1,  49,    92, -1,  26
737338,20181006,   182,  1,  54,    93, -1,  51
737338,20181006,    94, -1,  48,   125,  1,  31
737338,20181006,    95, -1,  48,   164,  1,  42
737338,20181006,   102,  1,  56,   173, -1,   0
737338,20181006,   161, -1,  27,   103,  1,  26
737338,20181006,   213,  1,  20,   104, -1,  14
737338,20181006,   174,  1,  66,   107, -1,   7
737338,20181006,   223, -1,  28,   110,  1,   7
737338,20181006,   113,  1,  13,   236, -1,  10
737338,20181006,   123,  1,  42,   116, -1,  21
737338,20181006,   198, -1,  58,   117,  1,  42
737338,20181006,   158, -1,  29,   124,  1,  19
737338,20181006,   196,  1,  37,   128, -1,  35
737338,20181006,   171, -1,  22,   131,  1,  20
737338,20181006,   187, -1,  51,   133,  1,  34
737338,20181006,   181, -1,  21,   134,  1,  18
737338,20181006,   224, -1,  49,   138,  1,  36
737338,20181006,   250,  1,  41,   145, -1,  24
737338,20181006,   148, -1,  50,   228,  1,  14
737338,20181006,   150, -1,  28,   159,  1,  10
737338,20181006,   156,  1,  28,   247, -1,  24
737338,20181006,   155, -1,  27,   233,  1,  24
737338,20181006,   246, -1,  56,   167,  1,  37
737338,20181006,   170,  1,  44,   206, -1,  37
737338,20181006,   230, -1,  20,   177,  1,   3
737338,20181006,   186,  1,  66,   240, -1,  28
737338,20181006,   185,  0,  54,   193,  0,  21
737338,20181006,   192, -1,  70,   211,  1,  38
737338,20181006,   255,  1,  17,   183, -1,  14
737338,20181006,   225,  1,  48,   194, -1,  20
737338,20181006,   231, -1,  40,   203,  1,  21
737338,20181006,   109, -1,  42,   214,  1,  27
737338,20181006,   245, -1,  31,   226,  1,  24
737338,20181006,   122, -1,  41,     3,  1,  17
737338,20181006,     4, -1,  65,    13,  1,  31
737338,20181006,    19,  1,  37,   101, -1,  34
737338,20181006,   121,  1,  28,    69, -1,  27
737338,20181006,   149,  1,  49,   108, -1,  41
737338,20181006,   212,  0,  48,   163,  0,  45
737338,20181006,   126,  1,  70,   227, -1,  21
737338,20181006,   160, -1,  45,   238,  1,  23
737338,20181006,   248,  1,  38,   100, -1,  22
737338,20181006,    35, -1,  56,   179,  1,  35
737338,20181006,    75, -1,  23,    70,  1,  11
737338,20181006,   143,  1,  40,    86, -1,  35
737338,20181006,   142, -1,  34,    54,  1,   6
737338,20181006,   197,  1,  35,   129, -1,  28
737338,20181006,   168, -1,  31,   184,  1,  27
737338,20181006,    34,  1,  66,    85, -1,  35
737338,20181006,    20,  1,  41,   135, -1,  27
737338,20181006,    96, -1,  30,    12,  1,  27
737338,20181006,    17,  1,  49,   210, -1,  34
737338,20181006,    52,  1,  53,   234, -1,  20
737338,20181006,    64,  1,  45,    74, -1,   0
737338,20181006,    61,  1,  55,   201, -1,  17
737338,20181006,    63, -1,  27,    99,  1,  24
737338,20181006,   139, -1,  56,   157,  1,  31
737338,20181006,    53, -1,  43,   178,  1,  28
737338,20181006,     5, -1,  42,   222,  1,  21
737338,20181006,   218,  1,  52,   205, -1,  28
737341,20181009,     9, -1,  35,    14,  1,   9
737343,20181011,    73, -1,  15,   214,  1,  13
737343,20181011,   215, -1,  17,   207,  1,  14
737344,20181012,   188,  1,  21,     2, -1,  17
737344,20181012,   231,  1,  42,    10, -1,  10
737344,20181012,    81,  1,  33,    83, -1,  31
737344,20181012,   198, -1,  25,   221,  1,  24
737345,20181013,     1,  1,  28,   150, -1,  12
737345,20181013,    27,  1,  24,     3, -1,   6
737345,20181013,     4,  1,  39,   128, -1,  10
737345,20181013,     8, -1,  35,     5,  1,  26
737345,20181013,   195,  1,  45,     6, -1,   7
737345,20181013,   178, -1,  27,     7,  1,  24
737345,20181013,    15, -1,  52,   189,  1,   3
737345,20181013,   192,  1,  31,    17, -1,  27
737345,20181013,    18, -1,  24,    30,  1,  23
737345,20181013,   212,  1,  23,    19, -1,  17
737345,20181013,    20, -1,  28,   181,  1,  26
737345,20181013,    21, -1,  31,   146,  1,  27
737345,20181013,    22,  1,  38,   111, -1,  20
737345,20181013,   242, -1,  42,    23,  1,  35
737345,20181013,   174,  1,  48,    24, -1,  10
737345,20181013,    35, -1,  48,    25,  1,  14
737345,20181013,   130,  1,  36,    26, -1,  19
737345,20181013,   226, -1,  37,    32,  1,   7
737345,20181013,    37,  1,  40,   251, -1,  14
737345,20181013,    38, -1,  26,   240,  1,   6
737345,20181013,    43,  1,  31,    48, -1,   0
737345,20181013,   229,  1,  31,    44, -1,  20
737345,20181013,    45,  1,  20,   148, -1,  18
737345,20181013,   133, -1,  35,    51,  1,  28
737345,20181013,   187,  1,  36,    52, -1,  34
737345,20181013,   204, -1,  23,    55,  1,  21
737345,20181013,    56, -1,  28,    78,  1,  14
737345,20181013,    84, -1,  42,    62,  1,  20
737345,20181013,    60,  1,  28,   217, -1,  26
737345,20181013,   247,  1,  14,    61, -1,   6
737345,20181013,    66, -1,  37,   235,  1,  27
737345,20181013,    68,  1,  24,   136, -1,  21
737345,20181013,    70, -1,  43,   107,  1,  14
737345,20181013,    71,  1,  27,   253, -1,   3
737345,20181013,    72,  1,  34,   252, -1,  14
737345,20181013,   102, -1,  56,    74,  1,  17
737345,20181013,   112,  1,  36,    76, -1,  16
737345,20181013,   191,  1,  62,    85, -1,  52
737345,20181013,   132,  1,  24,    87, -1,  23
737345,20181013,   224,  1,  44,    88, -1,  37
737345,20181013,   175, -1,  46,    89,  1,   7
737345,20181013,    90,  1,  51,   183, -1,   3
737345,20181013,   106,  1,  27,    91, -1,  21
737345,20181013,    94, -1,  42,    92,  1,  16
737345,20181013,   114, -1,  20,    97,  1,  17
737345,20181013,    99, -1,  37,   236,  1,   0
737345,20181013,   110, -1,  31,   230,  1,   3
737345,20181013,   113, -1,  38,   176,  1,  36
737345,20181013,   115, -1,  42,   165,  1,  20
737345,20181013,   116,  1,  34,   180, -1,   7
737345,20181013,   225, -1,  31,   119,  1,  30
737345,20181013,   254,  1,  35,   120, -1,  28
737345,20181013,   123,  1,  38,   250, -1,  13
737345,20181013,   124, -1,  21,   169,  1,  17
737345,20181013,   162,  1,  30,   125, -1,  14
737345,20181013,   134, -1,  18,   190,  1,  11
737345,20181013,   208, -1,  24,   141,  1,  17
737345,20181013,   171,  1,  35,   138, -1,  14
737345,20181013,   139, -1,  34,   241,  1,   7
737345,20181013,   158,  1,  34,   145, -1,  31
737345,20181013,   109,  1,  66,   149, -1,  38
737345,20181013,   140,  1,  24,   161, -1,  21
737345,20181013,   157, -1,  42,   197,  1,  28
737345,20181013,   155,  1,  30,   199, -1,   7
737345,20181013,   185, -1,  42,   159,  1,  28
737345,20181013,   166,  1,  30,   245, -1,  27
737345,20181013,   223, -1,  42,   177,  1,   0
737345,20181013,   182,  1,  36,   255, -1,   7
737345,20181013,   213, -1,  26,   196,  1,  23
737345,20181013,   218,  1,  29,   249, -1,  13
737345,20181013,   232,  1,  59,   228, -1,  28
737345,20181013,   126, -1,  37,    13,  1,  33
737345,20181013,   209, -1,  30,    16,  1,  24
737345,20181013,    29,  1,  49,    82, -1,  23
737345,20181013,   227, -1,  45,    42,  1,  20
737345,20181013,    95,  1,  30,   248, -1,  14
737345,20181013,   101,  1,  31,   164, -1,  12
737345,20181013,   108,  1,  22,   219, -1,  16
737345,20181013,   122,  1,  31,   103, -1,   6
737345,20181013,   238, -1,  22,   153,  1,  19
737345,20181013,   160,  1,  19,   170, -1,  14
737345,20181013,   237,  1,  16,   121, -1,  13
737345,20181013,    86,  1,  55,    54, -1,  13
737345,20181013,    57,  1,  48,   179, -1,  24
737345,20181013,    75, -1,  13,   105,  1,   6
737345,20181013,   186,  1,  73,   239, -1,  22
737345,20181013,   168,  1,  13,    46, -1,  10
737345,20181013,    50,  1,  42,   184, -1,   0
737345,20181013,    67, -1,  22,   142,  1,  21
737345,20181013,   129, -1,  29,    93,  1,  26
737345,20181013,    34, -1,  27,   193,  1,  17
737345,20181013,    80, -1,  24,   173,  1,  23
737345,20181013,   243,  1,  23,   202, -1,  22
737345,20181013,    64, -1,  26,    40,  1,  23
737345,20181013,    53,  1,  28,    63, -1,  16
737345,20181013,    96,  1,  23,   135, -1,   7
737345,20181013,    98,  1,  49,    58, -1,  22
737345,20181013,   137,  1,  45,   210, -1,  21
737345,20181013,   205, -1,  35,   147,  1,   7
737345,20181013,   154,  1,  41,   131, -1,  14
737345,20181013,   200, -1,  38,   172,  1,   0
737345,20181013,   201,  1,  48,    49, -1,  27
737345,20181013,    59, -1,  35,   216,  1,  34
737345,20181013,    79, -1,  34,   222,  1,  21
737345,20181013,   234,  1,  35,    28, -1,  17
737350,20181018,   203, -1,  20,    11,  1,  13
737350,20181018,    14,  1,  51,    77, -1,  35
737351,20181019,     2, -1,  41,   228,  1,  35
737351,20181019,    21,  1,  56,    45, -1,  28
737351,20181019,   254, -1,  23,   168,  1,  10
737352,20181020,     1, -1,  48,   191,  1,  27
737352,20181020,     3, -1,  24,   103,  1,  23
737352,20181020,   218, -1,  56,     7,  1,  28
737352,20181020,     8,  1,  33,    79, -1,  26
737352,20181020,     9,  1,  27,   109, -1,  17
737352,20181020,   226,  1,  31,    10, -1,  30
737352,20181020,    15,  1,  31,   122, -1,  30
737352,20181020,    16, -1,  31,   126,  1,  16
737352,20181020,    60, -1,  42,    18,  1,  20
737352,20181020,   161,  1,  49,    23, -1,  14
737352,20181020,    48, -1,  34,    24,  1,  16
737352,20181020,    25, -1,  42,    70,  1,  41
737352,20181020,   105, -1,  29,    26,  1,  27
737352,20181020,    27, -1,  31,   217,  1,  17
737352,20181020,   187, -1,  42,    28,  1,  13
737352,20181020,    32, -1,  49,   167,  1,   7
737352,20181020,   224, -1,  52,    31,  1,  10
737352,20181020,   130,  1,  38,    33, -1,  21
737352,20181020,   184, -1,  28,    35,  1,  25
737352,20181020,    36,  1,  41,   173, -1,   7
737352,20181020,   136,  1,  21,    37, -1,  13
737352,20181020,   208,  1,  24,    39, -1,  17
737352,20181020,    41,  1,  41,   144, -1,   7
737352,20181020,   242, -1,  35,    30,  1,  10
737352,20181020,    42, -1,  24,   117,  1,  13
737352,20181020,   245,  1,  27,    44, -1,  13
737352,20181020,   198,  1,  38,    47, -1,  30
737352,20181020,   154, -1,  41,    49,  1,  15
737352,20181020,   114,  1,  48,    51, -1,  41
737352,20181020,    55, -1,  28,    52,  1,  17
737352,20181020,   181,  1,  30,    54, -1,  19
737352,20181020,   237, -1,  28,    56,  1,  14
737352,20181020,    57, -1,  27,   202,  1,  20
737352,20181020,   225, -1,  37,    62,  1,  10
737352,20181020,    63,  1,  38,   178, -1,  28
737352,20181020,   115,  1,  31,    65, -1,   7
737352,20181020,    68,  1,  36,   177, -1,  17
737352,20181020,    71, -1,  38,   148,  1,   7
737352,20181020,   186, -1,  38,    72,  1,  25
737352,20181020,    73, -1,  48,   149,  1,  31
737352,20181020,   174, -1,  29,    81,  1,  21
737352,20181020,   146, -1,  40,    82,  1,  22
737352,20181020,    84, -1,  49,   141,  1,  36
737352,20181020,   193, -1,  42,    85,  1,  14
737352,20181020,   250,  1,  49,    89, -1,  20
737352,20181020,   139,  1,  28,    90, -1,  14
737352,20181020,    91,  1,  45,   118, -1,  17
737352,20181020,   169, -1,  33,    92,  1,  28
737352,20181020,    93, -1,  24,   183,  1,  21
737352,20181020,    94,  1,  23,   116, -1,   0
737352,20181020,   204,  1,  38,    97, -1,  35
737352,20181020,   192,  1,  37,    98, -1,  14
737352,20181020,   215,  1,  48,   100, -1,  16
737352,20181020,   104,  1,  14,   235, -1,   7
737352,20181020,   106,  1,  41,   185, -1,  23
737352,20181020,   110,  1,  31,   233, -1,  24
737352,20181020,   112,  1,  19,   127, -1,   3
737352,20181020,   128,  1,  65,   119, -1,  33
737352,20181020,   120,  1,  59,   240, -1,  46
737352,20181020,   123, -1,  21,   124,  1,   7
737352,20181020,   145,  1,  53,   125, -1,  28
737352,20181020,   247,  1,  34,   132, -1,  24
737352,20181020,   143, -1,  36,   151,  1,   6
737352,20181020,   138,  1,  42,   156, -1,  14
737352,20181020,   206,  1,  40,   153, -1,  37
737352,20181020,   157,  1,  24,   182, -1,   9
737352,20181020,   223,  1,  29,   155, -1,  21
737352,20181020,   175,  1,  49,   162, -1,  20
737352,20181020,   165, -1,  37,   251,  1,  34
737352,20181020,   246,  1,  34,   166, -1,  20
737352,20181020,   188,  1,  16,   189, -1,  13
737352,20181020,   194, -1,  27,   220,  1,  23
737352,20181020,   255,  1,  29,   197, -1,  17
737352,20181020,   199,  1,  27,   230, -1,  17
737352,20181020,   231,  1,  41,   229, -1,  28
737352,20181020,   232, -1,  24,   253,  1,  16
737352,20181020,    13,  1,  23,   221, -1,   0
737352,20181020,    69,  1,  38,   244, -1,  17
737352,20181020,   227,  1,  20,   214, -1,  14
737352,20181020,   158, -1,  18,   180,  1,  15
737352,20181020,   163, -1,  52,   207,  1,  27
737352,20181020,     4, -1,  58,   209,  1,  21
737352,20181020,    87,  1,  31,   201, -1,  12
737352,20181020,    40, -1,  34,   239,  1,  32
737352,20181020,    86, -1,  35,   134,  1,  26
737352,20181020,   142, -1,  35,    20,  1,  10
737352,20181020,    50, -1,  28,    46,  1,  12
737352,20181020,   241, -1,  31,   129,  1,  14
737352,20181020,    34,  1,  38,   159, -1,  17
737352,20181020,   135,  1,  48,    12, -1,  47
737352,20181020,   108,  1,  48,    88, -1,  41
737352,20181020,    58,  1,  24,   216, -1,  21
737352,20181020,   137, -1,  34,    59,  1,   6
737352,20181020,    75,  1,  22,   107, -1,  16
737352,20181020,   152, -1,  24,    96,  1,   7
737352,20181020,   133,  1,  31,   234, -1,  24
737352,20181020,    53, -1,  38,   147,  1,  14
737352,20181020,   205,  1,  52,   176, -1,  14
737352,20181020,   210,  1,  41,   211, -1,  14
737352,20181020,   249,  1,  27,   113, -1,  20
737352,20181020,   252,  1,  30,    64, -1,  17
737352,20181020,   200,  0,  21,   222,  0,   7
737355,20181023,   219, -1,  38,   195,  1,  17
737357,20181025,    73,  1,  34,     9, -1,  14
737357,20181025,   161,  1,  52,    18, -1,  14
737357,20181025,   217, -1,  51,   242,  1,  24
737357,20181025,    78, -1,  49,   238,  1,  28
737357,20181025,   248,  1,  58,    19, -1,  14
737358,20181026,    22,  1,  27,   121, -1,  14
737358,20181026,   253, -1,  34,    45,  1,  21
737358,20181026,   110, -1,  21,    65,  1,  13
737358,20181026,   125,  1,  38,    92, -1,  31
737358,20181026,   231, -1,  41,   226,  1,  10
737359,20181027,    21, -1,  48,     2,  1,  38
737359,20181027,     3,  1,  17,    30, -1,  10
737359,20181027,     5,  0,  27,     6,  0,  10
737359,20181027,   113,  1,  28,     7, -1,   9
737359,20181027,     8, -1,  27,   172,  1,  13
737359,20181027,    10,  1,  44,   166, -1,  15
737359,20181027,    11, -1,  38,   229,  1,  35
737359,20181027,   109,  1,  47,    14, -1,  43
737359,20181027,    15, -1,  37,    60,  1,  22
737359,20181027,    17,  1,  41,   211, -1,  10
737359,20181027,   184,  1,  49,    25, -1,  26
737359,20181027,    52, -1,  38,    28,  1,  28
737359,20181027,    32,  1,  12,   245, -1,  10
737359,20181027,    31, -1,  38,   156,  1,  28
737359,20181027,    74, -1,  35,    33,  1,   7
737359,20181027,    35,  1,  49,   243, -1,  24
737359,20181027,   102, -1,  38,    36,  1,  10
737359,20181027,    37,  1,  20,   199, -1,  17
737359,20181027,    39, -1,  26,   194,  1,  20
737359,20181027,    72, -1,  28,    40,  1,  17
737359,20181027,    42, -1,  37,    77,  1,  34
737359,20181027,   167, -1,  41,    44,  1,  34
737359,20181027,    46,  1,  17,   254, -1,  10
737359,20181027,   117, -1,  22,    47,  1,  17
737359,20181027,   174,  1,  66,    48, -1,   0
737359,20181027,   171, -1,  41,    49,  1,  14
737359,20181027,   204, -1,  56,    51,  1,  53
737359,20181027,    54,  1,  28,   143, -1,  13
737359,20181027,   170,  1,  54,    56, -1,  45
737359,20181027,    59,  1,  31,    58, -1,  23
737359,20181027,    61,  1,  38,    87, -1,  14
737359,20181027,    76,  0,  36,    66,  0,  17
737359,20181027,    67,  1,  38,   134, -1,   3
737359,20181027,    68, -1,  38,   251,  1,  17
737359,20181027,   105, -1,  21,    70,  1,  13
737359,20181027,    71,  1,  50,    82, -1,  20
737359,20181027,    83,  1,  56,   107, -1,   0
737359,20181027,    84,  1,  57,   198, -1,  36
737359,20181027,   159,  1,  31,    85, -1,  28
737359,20181027,    88,  1,  24,   132, -1,  17
737359,20181027,   116,  1,  63,    89, -1,  33
737359,20181027,   182, -1,  38,    90,  1,  28
737359,20181027,    93, -1,  43,   255,  1,  17
737359,20181027,   169,  1,  30,    94, -1,  24
737359,20181027,    95,  1,  40,   215, -1,  31
737359,20181027,   187,  1,  59,    97, -1,  35
737359,20181027,    98, -1,  42,   137,  1,  15
737359,20181027,   100,  1,  27,   207, -1,  26
737359,20181027,   104, -1,  15,   128,  1,  14
737359,20181027,   106, -1,  24,   193,  1,  17
737359,20181027,   244, -1,  56,   111,  1,  35
737359,20181027,   114, -1,  48,   133,  1,  21
737359,20181027,   252,  1,  42,   120, -1,  21
737359,20181027,   124,  1,  23,   175, -1,  13
737359,20181027,   127,  1,  28,   213, -1,  13
737359,20181027,   224, -1,  49,   131,  1,  21
737359,20181027,   136, -1,  51,   165,  1,  17
737359,20181027,   206,  1,  51,   144, -1,  41
737359,20181027,   139, -1,  59,   197,  1,  14
737359,20181027,   146,  1,  28,   188, -1,  24
737359,20181027,   147, -1,  34,   236,  1,   0
737359,20181027,   232,  1,  61,   148, -1,  19
737359,20181027,   214,  1,  27,   149, -1,  20
737359,20181027,   190,  1,  32,   151, -1,   3
737359,20181027,   241,  1,  37,   157, -1,  17
737359,20181027,   155,  1,  41,   177, -1,  17
737359,20181027,   164,  1,  38,   212, -1,  35
737359,20181027,   176,  1,  21,   249, -1,  10
737359,20181027,   185,  1,  28,   191, -1,  25
737359,20181027,   189,  1,  50,   228, -1,  37
737359,20181027,   246, -1,  41,   203,  1,  38
737359,20181027,   220, -1,  24,   221,  1,  17
737359,20181027,   223, -1,  19,   233,  1,   0
737359,20181027,   235, -1,  45,    13,  1,  31
737359,20181027,   140, -1,   7,    29,  1,   6
737359,20181027,    41, -1,  59,    69,  1,  10
737359,20181027,   158,  1,  31,   250, -1,  17
737359,20181027,   160,  0,  44,   141,  0,  22
737359,20181027,   163,  1,  51,   101, -1,  14
737359,20181027,   196,  1,  27,   209, -1,  24
737359,20181027,   237,  1,  31,   153, -1,  21
737359,20181027,    79,  1,  45,    12, -1,  38
737359,20181027,    38,  1,  34,   239, -1,  27
737359,20181027,    43,  1,  38,    75, -1,   0
737359,20181027,   181, -1,  27,    86,  1,  21
737359,20181027,   202, -1,  20,   179,  1,   7
737359,20181027,   168, -1,  13,    24,  1,   7
737359,20181027,    50,  1,  24,    81, -1,  17
737359,20181027,   183, -1,  49,   129,  1,  35
737359,20181027,   118,  1,  23,    34, -1,  21
737359,20181027,    53,  1,  40,   218, -1,  36
737359,20181027,    64,  1,  45,   240, -1,  43
737359,20181027,    99,  1,  13,   205, -1,  10
737359,20181027,   150,  1,  48,    91, -1,  21
737359,20181027,   247, -1,  35,   154,  1,  30
737359,20181027,   130, -1,  24,   173,  1,  14
737359,20181027,   138, -1,  42,   201,  1,  39
737359,20181027,   192, -1,  56,   216,  1,  33
737359,20181027,   222,  1,  42,   135, -1,  14
737359,20181027,    55, -1,  42,   234,  1,  25
737359,20181027,   200,  1,  41,    96, -1,   7
737359,20181027,   145,  1,  45,    20, -1,   9
737362,20181030,   103, -1,  35,    23,  1,  28
737362,20181030,    27,  1,  51,   122, -1,  42
737363,20181031,   217,  1,  45,    18, -1,  13
737364,20181101,   140, -1,  36,     3,  1,  26
737364,20181101,   161, -1,  59,   242,  1,  14
737364,20181101,   225,  1,  52,   208, -1,  40
737365,20181102,    10,  1,  42,    44, -1,  34
737365,20181102,   136,  1,  29,   251, -1,  10
737365,20181102,   170, -1,  23,   237,  1,  13
737365,20181102,   168, -1,  20,    48,  1,   7
737366,20181103,     1,  1,  49,   159, -1,  47
737366,20181103,    15,  1,  17,     2, -1,  14
737366,20181103,     4, -1,  29,   112,  1,   0
737366,20181103,   149,  1,  52,     8, -1,  42
737366,20181103,     9, -1,  23,    42,  1,   7
737366,20181103,    11,  1,  38,   231, -1,  20
737366,20181103,    14,  1,  38,   195, -1,  14
737366,20181103,    16,  1,  28,   213, -1,  24
737366,20181103,    59, -1,  17,    17,  1,  13
737366,20181103,    19,  1,  35,   164, -1,  31
737366,20181103,    20, -1,  30,   134,  1,  28
737366,20181103,   254,  1,  46,    24, -1,  16
737366,20181103,   202,  1,  27,    25, -1,  14
737366,20181103,   107,  1,  45,    26, -1,  17
737366,20181103,    97,  1,  48,    28, -1,  44
737366,20181103,   246,  1,  19,    32, -1,  13
737366,20181103,   102,  1,  49,    33, -1,   0
737366,20181103,   130,  1,  37,    36, -1,   3
737366,20181103,    72,  1,  16,    38, -1,  10
737366,20181103,    39,  1,  42,   141, -1,   0
737366,20181103,    41,  1,  77,   111, -1,  16
737366,20181103,    60,  1,  17,    30, -1,   7
737366,20181103,    43, -1,  41,    70,  1,   0
737366,20181103,    81,  1,  52,    46, -1,  18
737366,20181103,   221,  1,  49,    47, -1,  19
737366,20181103,   247,  1,  26,    49, -1,  14
737366,20181103,    54,  1,  25,   190, -1,   6
737366,20181103,   187, -1,  27,    55,  1,  10
737366,20181103,    56, -1,  20,   121,  1,  12
737366,20181103,    57, -1,  47,   243,  1,  30
737366,20181103,   119, -1,  59,    62,  1,  41
737366,20181103,    63,  1,  24,   176, -1,  21
737366,20181103,    61, -1,  48,   138,  1,  13
737366,20181103,   128, -1,  38,    66,  1,  17
737366,20181103,    71, -1,  48,   228,  1,   3
737366,20181103,    74,  1,  38,   173, -1,  20
737366,20181103,    76, -1,  34,   104,  1,  17
737366,20181103,   214, -1,  40,    77,  1,  31
737366,20181103,    78, -1,  38,   153,  1,  28
737366,20181103,   232, -1,  56,    82,  1,  17
737366,20181103,    83, -1,  40,   105,  1,  14
737366,20181103,   194,  1,  45,    84, -1,  31
737366,20181103,    87,  1,  31,   154, -1,  27
737366,20181103,    88, -1,  48,   171,  1,  45
737366,20181103,    89,  1,  55,   125, -1,  31
737366,20181103,    91,  1,  43,   185, -1,  26
737366,20181103,    93,  1,  51,   197, -1,  48
737366,20181103,   175,  1,  38,    94, -1,  36
737366,20181103,    95, -1,  27,   100,  1,   3
737366,20181103,   147,  1,  35,    99, -1,  24
737366,20181103,   113, -1,  35,   218,  1,  28
737366,20181103,   199,  1,  26,   115, -1,  24
737366,20181103,   124, -1,  24,   116,  1,   3
737366,20181103,   191,  1,  23,   118, -1,   6
737366,20181103,   123,  1,  42,   169, -1,   7
737366,20181103,   196, -1,  48,   126,  1,  44
737366,20181103,   204,  1,  48,   133, -1,  24
737366,20181103,   211,  1,  27,   137, -1,  24
737366,20181103,   162,  1,  36,   145, -1,  31
737366,20181103,   188, -1,  31,   148,  1,  23
737366,20181103,   224,  1,  42,   156, -1,  20
737366,20181103,   166,  1,  42,   226, -1,  21
737366,20181103,   229, -1,  38,   167,  1,  21
737366,20181103,   233, -1,  34,   177,  1,  26
737366,20181103,   236, -1,  45,   178,  1,  21
737366,20181103,   250,  1,  31,   180, -1,  17
737366,20181103,   186,  1,  35,   252, -1,  20
737366,20181103,   253,  1,  24,   189, -1,   9
737366,20181103,   241, -1,  34,   183,  1,  31
737366,20181103,   220, -1,  41,   198,  1,  15
737366,20181103,   245,  1,  27,   203, -1,  23
737366,20181103,   206, -1,  41,   244,  1,  24
737366,20181103,   219,  1,  26,   109, -1,  16
737366,20181103,   223,  1,  52,   230, -1,   3
737366,20181103,    21,  1,  21,    29, -1,  16
737366,20181103,    65, -1,  49,    68,  1,  14
737366,20181103,   227,  1,  44,    73, -1,  25
737366,20181103,   117,  1,  62,   108, -1,  59
737366,20181103,   127,  1,  45,   110, -1,   3
737366,20181103,   144,  1,  47,    69, -1,  28
737366,20181103,   160, -1,  31,   158,  1,  21
737366,20181103,   207,  1,  14,   101, -1,  13
737366,20181103,   209,  1,  14,    37, -1,   3
737366,20181103,   248, -1,  42,   212,  1,  41
737366,20181103,   163, -1,  51,   215,  1,  46
737366,20181103,    22, -1,  31,   238,  1,  21
737366,20181103,     5, -1,  45,    12,  1,  14
737366,20181103,    86,  1,  31,    67, -1,  23
737366,20181103,   184,  1,  38,   179, -1,   7
737366,20181103,   174,  1,  14,    50, -1,   9
737366,20181103,   182,  1,  59,   129, -1,   7
737366,20181103,   142,  1,  37,   151, -1,  20
737366,20181103,   106, -1,  38,    34,  1,  24
737366,20181103,    79,  1,  24,   135, -1,  19
737366,20181103,     6,  1,  30,   222, -1,  21
737366,20181103,    53, -1,  21,     7,  1,  16
737366,20181103,   150, -1,  41,    85,  1,  20
737366,20181103,    96,  1,  34,   172, -1,  28
737366,20181103,   114,  1,  35,   234, -1,  24
737366,20181103,    64, -1,  21,   120,  1,  18
737366,20181103,   132,  1,  49,    31, -1,  42
737366,20181103,   139,  1,  17,   255, -1,   7
737366,20181103,   157,  1,  26,    90, -1,  16
737366,20181103,   192,  1,  38,   210, -1,  21
737366,20181103,   131, -1,  57,   201,  1,  14
737366,20181103,    40, -1,  38,   240,  1,  24
737366,20181103,    98,  1,  21,   216, -1,  14
737369,20181106,    27,  1,  48,   103, -1,  14
737370,20181107,   140,  1,  38,   217, -1,  15
737370,20181107,   122,  1,  30,   161, -1,  28
737371,20181108,    20,  1,  28,   143, -1,  25
737371,20181108,   244, -1,  27,   144,  1,  23
737372,20181109,    21,  1,  24,    71, -1,  17
737372,20181109,   206,  1,  54,   111, -1,  23
737373,20181110,     1, -1,  17,   185,  1,  10
737373,20181110,     2,  1,  42,   148, -1,  24
737373,20181110,    60,  1,  27,     3, -1,   7
737373,20181110,     4,  1,  24,   127, -1,   0
737373,20181110,    79, -1,  29,     5,  1,  16
737373,20181110,   147,  1,  24,     7, -1,  10
737373,20181110,     9, -1,  38,   214,  1,   7
737373,20181110,    11,  1,  31,   226, -1,  28
737373,20181110,    14, -1,  44,    42,  1,  16
737373,20181110,    15,  1,  31,   105, -1,  13
737373,20181110,    76,  1,  27,    16, -1,  10
737373,20181110,    58,  1,  52,    17, -1,  21
737373,20181110,    95,  1,  28,    19, -1,  14
737373,20181110,    41, -1,  27,    22,  1,   7
737373,20181110,    23, -1,  24,    30,  1,  13
737373,20181110,    46, -1,  42,    24,  1,  20
737373,20181110,   243, -1,  52,    25,  1,  36
737373,20181110,    28,  1,  28,   204, -1,  23
737373,20181110,    32, -1,  15,   229,  1,  14
737373,20181110,    31,  1,  37,    88, -1,  14
737373,20181110,    33, -1,  34,   173,  1,   6
737373,20181110,    35, -1,  30,   202,  1,  14
737373,20181110,    36,  1,  16,    74, -1,   0
737373,20181110,   115,  1,  30,    37, -1,  13
737373,20181110,   120, -1,  13,    38,  1,   9
737373,20181110,    39,  1,  35,   198, -1,  23
737373,20181110,    40,  1,  42,   186, -1,  27
737373,20181110,    43, -1,  48,   107,  1,   6
737373,20181110,   246, -1,  31,    44,  1,   7
737373,20181110,   146,  1,  49,    45, -1,  10
737373,20181110,   194, -1,  62,    47,  1,  50
737373,20181110,   187,  1,  56,    51, -1,  52
737373,20181110,    52,  1,  63,   133, -1,  20
737373,20181110,   134,  1,   9,    54, -1,   0
737373,20181110,    55,  1,  13,   114, -1,  10
737373,20181110,    56,  1,  42,   153, -1,  35
737373,20181110,    57,  1,  28,   184, -1,  24
737373,20181110,   220,  1,  24,    62, -1,  18
737373,20181110,   218, -1,  41,    63,  1,  10
737373,20181110,    61,  1,  59,   224, -1,  20
737373,20181110,    65,  1,  34,   251, -1,  15
737373,20181110,    66,  1,  35,   196, -1,  31
737373,20181110,    68, -1,  45,   230,  1,   7
737373,20181110,    83,  1,  17,    70, -1,  13
737373,20181110,   219, -1,  35,    73,  1,  21
737373,20181110,   109,  1,  36,    77, -1,  22
737373,20181110,   208, -1,  59,    84,  1,  49
737373,20181110,   106,  1,  38,    85, -1,   9
737373,20181110,   131, -1,  46,    87,  1,  27
737373,20181110,   145,  1,  54,    89, -1,  35
737373,20181110,    93,  1,  28,    90, -1,  23
737373,20181110,    92,  1,  34,   116, -1,  32
737373,20181110,   158, -1,  14,    94,  1,  10
737373,20181110,    99,  1,  48,   176, -1,  31
737373,20181110,   102, -1,  51,   130,  1,  14
737373,20181110,   110,  1,  28,   177, -1,  13
737373,20181110,   113, -1,  28,   178,  1,   9
737373,20181110,   159,  1,  37,   118, -1,  34
737373,20181110,   119,  1,  47,   221, -1,  21
737373,20181110,   123, -1,  42,   180,  1,   7
737373,20181110,   125,  1,  41,   175, -1,  10
737373,20181110,   213,  1,  38,   126, -1,  24
737373,20181110,   128,  1,  33,   235, -1,  28
737373,20181110,   136, -1,  48,   233,  1,  32
737373,20181110,   137,  1,  40,   192, -1,  38
737373,20181110,   225,  1,  35,   141, -1,  24
737373,20181110,   150,  1,  47,   193, -1,  14
737373,20181110,   255,  1,  31,   157, -1,  10
737373,20181110,   165,  1,  34,   155, -1,  31
737373,20181110,   231,  1,  32,   166, -1,  25
737373,20181110,   203,  1,  48,   167, -1,  17
737373,20181110,   169,  1,  22,   250, -1,  10
737373,20181110,   174, -1,  59,   254,  1,  43
737373,20181110,   228, -1,  27,   188,  1,  24
737373,20181110,   232,  1,  62,   189, -1,  24
737373,20181110,   182, -1,  57,   183,  1,  38
737373,20181110,   197,  1,  17,   241, -1,  12
737373,20181110,   223,  1,  26,   199, -1,  23
737373,20181110,   212, -1,  41,   215,  1,  34
737373,20181110,   249, -1,  24,   236,  1,  17
737373,20181110,   252, -1,  38,   240,  1,  23
737373,20181110,   160,  1,  42,    69, -1,  13
737373,20181110,   112, -1,  24,    13,  1,  17
737373,20181110,    78,  1,  27,   121, -1,  21
737373,20181110,   101,  1,  21,   100, -1,  17
737373,20181110,    29, -1,  35,   117,  1,  16
737373,20181110,   162, -1,  26,   124,  1,   6
737373,20181110,   163,  1,  48,   164, -1,  47
737373,20181110,   170,  1,  52,   238, -1,  22
737373,20181110,   227, -1,  38,   195,  1,  10
737373,20181110,   209,  1,  24,   104, -1,   7
737373,20181110,   237,  1,  45,   108, -1,  24
737373,20181110,   248,  1,  47,   207, -1,  10
737373,20181110,    75,  1,  14,    26, -1,   3
737373,20181110,    59,  1,  40,   179, -1,  39
737373,20181110,    72, -1,  49,   239,  1,  13
737373,20181110,   151,  1,  29,    86, -1,  17
737373,20181110,    50, -1,  35,    48,  1,  24
737373,20181110,    81, -1,  29,   168,  1,   7
737373,20181110,   139, -1,  48,   129,  1,   7
737373,20181110,   142, -1,  28,   190,  1,  12
737373,20181110,    91, -1,  40,    34,  1,  27
737373,20181110,    80, -1,  54,   135,  1,  39
737373,20181110,    96, -1,  20,     6,  1,   2
737373,20181110,   181, -1,  44,    67,  1,  21
737373,20181110,   132,  1,  35,   138, -1,   7
737373,20181110,   154,  1,  17,   171, -1,  10
737373,20181110,   200,  1,  56,    12, -1,  24
737373,20181110,   247, -1,  31,   201,  1,  18
737373,20181110,    98, -1,  41,   210,  1,  14
737373,20181110,   216,  1,  38,   211, -1,  13
737373,20181110,   234,  1,  48,    97, -1,  30
737373,20181110,   205,  1,  17,    53, -1,   3
737376,20181113,    18,  1,  42,   242, -1,  41
737377,20181114,   161,  1,  52,    27, -1,  17
737377,20181114,   122, -1,  13,   140,  1,   7
737378,20181115,   155,  1,  41,    65, -1,  38
737378,20181115,    84,  1,  48,   220, -1,  17
737378,20181115,   217, -1,  56,   103,  1,  34
737378,20181115,   150,  1,  44,   191, -1,   0
737378,20181115,   159, -1,  35,   193,  1,  23
737379,20181116,    21, -1,  45,   148,  1,  14
737379,20181116,    61, -1,  74,   171,  1,  23
737379,20181116,   119, -1,  28,   194,  1,  18
737380,20181117,   253,  1,  35,     2, -1,  27
737380,20181117,    23, -1,  21,     3,  1,   6
737380,20181117,     4,  1,  50,    40, -1,  17
737380,20181117,   172,  1,  66,     6, -1,  13
737380,20181117,     9,  1,  45,    77, -1,  17
737380,20181117,   246,  1,  69,    10, -1,  28
737380,20181117,   166,  1,  31,    11, -1,  29
737380,20181117,    15,  1,  28,    43, -1,  14
737380,20181117,    17,  1,  48,   137, -1,  23
737380,20181117,   207, -1,  16,    19,  1,   9
737380,20181117,    20,  0,  33,    67,  0,  19
737380,20181117,    70, -1,  17,    26,  1,  14
737380,20181117,    51,  1,  41,    28, -1,  38
737380,20181117,    36, -1,  12,    33,  1,   7
737380,20181117,    57, -1,  38,    35,  1,  31
737380,20181117,    68, -1,  42,    37,  1,  35
737380,20181117,   196,  1,  49,    38, -1,   9
737380,20181117,   225,  1,  38,    39, -1,  13
737380,20181117,    41,  1,  35,    56, -1,   6
737380,20181117,    73, -1,  41,    42,  1,  17
737380,20181117,   231, -1,  30,    44,  1,   7
737380,20181117,   232, -1,  29,    45,  1,  24
737380,20181117,    46,  1,  24,    48, -1,  21
737380,20181117,    62,  1,  55,    47, -1,  21
737380,20181117,   224,  1,  56,    49, -1,  13
737380,20181117,    52, -1,  34,    97,  1,   7
737380,20181117,    55, -1,  43,   133,  1,   6
737380,20181117,   192,  1,  38,    58, -1,  32
737380,20181117,    59, -1,  37,   211,  1,   6
737380,20181117,   113,  1,  27,    63, -1,  26
737380,20181117,    66,  1,  63,    87, -1,  10
737380,20181117,    71,  1,  23,   188, -1,  14
737380,20181117,    72, -1,  35,   120,  1,  30
737380,20181117,   130, -1,  56,    74,  1,  42
737380,20181117,    76,  1,  66,   117, -1,  27
737380,20181117,    81,  1,  45,   254, -1,  27
737380,20181117,    82,  1,  35,   228, -1,  28
737380,20181117,   247, -1,  26,    88,  1,  13
737380,20181117,    94, -1,  63,    89,  1,   0
737380,20181117,    90,  1,  35,   255, -1,  28
737380,20181117,   123,  1,  31,    92, -1,  20
737380,20181117,    93, -1,  15,   241,  1,  13
737380,20181117,   212,  1,  24,    95, -1,  10
737380,20181117,   102,  0,  60,    98,  0,  52
737380,20181117,    99, -1,  38,   218,  1,  17
737380,20181117,   104,  1,  34,   136, -1,  23
737380,20181117,   106, -1,  21,   118,  1,  17
737380,20181117,   199,  1,  21,   110, -1,  20
737380,20181117,   144, -1,  52,   111,  1,  10
737380,20181117,   112,  1,  42,   177, -1,  10
737380,20181117,   187, -1,  31,   114,  1,  14
737380,20181117,   115,  1,  23,   230, -1,   0
737380,20181117,   145,  1,   9,   124, -1,   6
737380,20181117,   158, -1,  24,   125,  1,  14
737380,20181117,   235,  1,  36,   126, -1,  29
737380,20181117,   132, -1,  29,   131,  1,  25
737380,20181117,   134, -1,  44,   151,  1,  27
737380,20181117,   141,  1,  37,   221, -1,  29
737380,20181117,   139,  1,  65,   183, -1,  17
737380,20181117,   146, -1,  21,   189,  1,  12
737380,20181117,   176,  1,  24,   147, -1,  21
737380,20181117,   153,  1,  49,   240, -1,  26
737380,20181117,   156,  1,  31,   154, -1,  16
737380,20181117,   245,  1,  42,   167, -1,  23
737380,20181117,   169, -1,  20,   180,  1,   7
737380,20181117,   170, -1,  34,   244,  1,  13
737380,20181117,   252,  1,  45,   173, -1,  21
737380,20181117,   250, -1,  47,   175,  1,  44
737380,20181117,   178, -1,  10,   249,  1,   6
737380,20181117,   184,  1,  13,   202, -1,   7
737380,20181117,   181,  1,  21,   190, -1,  17
737380,20181117,   182,  1,  49,   197, -1,  27
737380,20181117,   109,  1,  48,   195, -1,  38
737380,20181117,   208,  1,  27,   198, -1,  17
737380,20181117,   213,  1,  41,   223, -1,  20
737380,20181117,   219,  1,  12,   214, -1,   7
737380,20181117,   226,  1,  34,   229, -1,  27
737380,20181117,   251,  1,  40,   233, -1,  16
737380,20181117,    14,  1,  31,   227, -1,  17
737380,20181117,    16,  1,  53,   108, -1,   0
737380,20181117,    29,  1,  45,   149, -1,  10
737380,20181117,    69,  1,  22,    22, -1,  21
737380,20181117,    78,  1,  30,   237, -1,  27
737380,20181117,   101,  1,  21,   215, -1,   6
737380,20181117,   162, -1,  52,   116,  1,  51
737380,20181117,   127,  1,  52,    13, -1,   6
737380,20181117,   160,  0,  36,   206,  0,   3
737380,20181117,   163,  1,  55,   100, -1,  40
737380,20181117,   164,  1,  45,   248, -1,  41
737380,20181117,   165,  1,  77,   239, -1,  14
737380,20181117,   128, -1,  50,   209,  1,  17
737380,20181117,   121, -1,  38,   238,  1,  14
737380,20181117,    25, -1,  56,    86,  1,  55
737380,20181117,   243, -1,  41,   179,  1,   7
737380,20181117,    50,  1,  49,    24, -1,   7
737380,20181117,   142, -1,  45,   143,  1,   0
737380,20181117,   174,  1,  42,   168, -1,  14
737380,20181117,    34, -1,  16,     1,  1,   7
737380,20181117,     5, -1,  42,   135,  1,  14
737380,20181117,     7,  1,  25,   205, -1,  23
737380,20181117,     8,  1,  24,    96, -1,   3
737380,20181117,    31,  1,  38,   201, -1,  24
737380,20181117,   236, -1,  42,    53,  1,  21
737380,20181117,   186, -1,  38,    64,  1,  27
737380,20181117,    83, -1,  32,    75,  1,  31
737380,20181117,   185, -1,  42,    85,  1,  20
737380,20181117,   107, -1,  34,   105,  1,   3
737380,20181117,   157,  1,  37,   129, -1,   0
737380,20181117,   204,  1,  45,   234, -1,  31
737380,20181117,    12, -1,  15,   222,  1,  10
737380,20181117,   210,  1,  31,   216, -1,  28
737383,20181120,   242,  1,  28,   140, -1,  21
737383,20181120,   122,  1,  42,    18, -1,  21
737385,20181122,     2,  1,  27,    45, -1,  19
737385,20181122,   127, -1,  35,   126,  1,   3
737385,20181122,     6,  1,  31,   135, -1,  24
737386,20181123,   161,  1,  49,     3, -1,  28
737386,20181123,    27, -1,  44,    23,  1,  14
737386,20181123,    39,  1,  56,    62, -1,   6
737386,20181123,   217,  1,  51,    30, -1,  13
737386,20181123,   195,  1,  31,    42, -1,  28
737386,20181123,    60, -1,  28,   103,  1,  20
737386,20181123,   119,  1,  52,    84, -1,  31
737386,20181123,    94,  1,  31,   145, -1,  28
737386,20181123,   212, -1,  24,   100,  1,  17
737386,20181123,   166, -1,  55,   167,  1,  15
737386,20181123,   225, -1,  38,   198,  1,  10
737386,20181123,   245, -1,  28,   246,  1,  15
737386,20181123,   238,  1,  34,   237, -1,  31
737386,20181123,   163, -1,  59,   248,  1,  56
737386,20181123,   128,  1,  38,    13, -1,   0
737387,20181124,     4,  1,  52,    16, -1,  21
737387,20181124,     9,  1,  21,   219, -1,  10
737387,20181124,    11, -1,  41,    10,  1,  40
737387,20181124,    14, -1,  33,   214,  1,   7
737387,20181124,    19,  0,  35,   215,  0,  24
737387,20181124,    21,  1,  33,   232, -1,  24
737387,20181124,   206, -1,  42,    22,  1,  21
737387,20181124,    32,  1,  33,    44, -1,  21
737387,20181124,    37, -1,  27,    65,  1,  24
737387,20181124,    41,  1,  56,   196, -1,  35
737387,20181124,   208, -1,  57,    47,  1,   7
737387,20181124,   244, -1,  59,    56,  1,   7
737387,20181124,   115, -1,  28,    68,  1,  25
737387,20181124,    71,  1,  31,   189, -1,  13
737387,20181124,    73, -1,  35,    77,  1,  14
737387,20181124,    76,  1,  45,    78, -1,  21
737387,20181124,    82, -1,  31,   188,  1,  30
737387,20181124,   158,  1,  24,    89, -1,  16
737387,20181124,   175, -1,  28,    92,  1,  21
737387,20181124,   104, -1,  56,   111,  1,  10
737387,20181124,   251, -1,  30,   110,  1,  15
737387,20181124,   213,  1,  74,   112, -1,  72
737387,20181124,   169,  1,  38,   116, -1,   3
737387,20181124,   121,  1,  24,   170, -1,   3
737387,20181124,   162,  1,  62,   123, -1,  39
737387,20181124,   124,  1,  14,   180, -1,  10
737387,20181124,   125, -1,  37,   250,  1,  15
737387,20181124,   136,  1,  27,   223, -1,   3
737387,20181124,   220,  1,  29,   141, -1,  28
737387,20181124,   144, -1,  34,   153,  1,  28
737387,20181124,   228,  1,  34,   146, -1,  29
737387,20181124,   253, -1,  31,   148,  1,   3
737387,20181124,   155, -1,  24,   230,  1,  21
737387,20181124,   207,  1,  31,   164, -1,  24
737387,20181124,   177,  1,  27,   165, -1,  13
737387,20181124,   221,  1,  27,   194, -1,  24
737387,20181124,   199, -1,  39,   233,  1,   7
737387,20181124,   203, -1,  49,   226,  1,  42
737387,20181124,    66, -1,  41,    69,  1,  14
737387,20181124,    95,  1,  42,   101, -1,  38
737387,20181124,   108,  1,  28,   149, -1,  21
737387,20181124,   109, -1,  31,   227,  1,  28
737387,20181124,   160, -1,  24,   229,  1,  17
737387,20181124,   231,  1,  35,    29, -1,  27
737387,20181124,   235,  1,  38,   209, -1,  13
737387,20181124,   172,  1,  60,   222, -1,  14
737387,20181124,   200,  0,  38,    79,  0,  28
737387,20181124,   143, -1,  21,   181,  1,  17
737387,20181124,    99,  1,  20,    53, -1,   6
737387,20181124,    57, -1,  31,   218,  1,  10
737387,20181124,   252,  1,  19,    63, -1,   7
737387,20181124,    98,  1,  34,    64, -1,  27
737387,20181124,   132,  1,  35,    91, -1,  14
737387,20181124,   157,  1,  16,   106, -1,  13
737387,20181124,   150,  1,  49,   187, -1,  30
737387,20181124,   192,  1,  28,   205, -1,  14
737392,20181129,    40,  1,  43,    36, -1,  14
737393,20181130,   140,  0,  30,    27,  0,  29
737393,20181130,   245,  0,  10,   231,  0,   3
737394,20181201,   203, -1,  23,    32,  1,  13
737394,20181201,   108,  1,  52,   151, -1,  17
737394,20181201,   144,  1,  58,    62, -1,   3
737394,20181201,   196,  1,  28,     3, -1,   3
737394,20181201,     4,  0,  35,    76,  0,  28
737394,20181201,    95,  1,  27,    55, -1,  24
737394,20181201,   238,  1,  41,   115, -1,  20
737394,20181201,    41,  0,  42,   170,  0,  10
737394,20181201,   224,  1,  23,   157, -1,  16
737394,20181201,   102,  1,  13,   252, -1,  10
737394,20181201,    43,  1,  23,    99, -1,  20
737394,20181201,    61,  1,  42,   150, -1,  21
737394,20181201,   113,  1,  55,    98, -1,  27
737394,20181201,   139,  1,  52,   132, -1,  10
737394,20181201,   247,  1,  48,   192, -1,  23
737394,20181201,     9,  1,  30,   109, -1,  19
737394,20181201,    71, -1,  19,    21,  1,  16
737394,20181201,   182,  1,  51,    57, -1,   6
737394,20181201,   225,  1,  56,   119, -1,  41
737394,20181201,   163,  0,  39,   212,  0,  27
737394,20181201,   223, -1,  27,   136,  1,  25
737394,20181201,   162,  0,  45,   158,  0,  24
737394,20181201,     8,  1,  37,   200, -1,  28
737400,20181207,   113, -1,  23,   247,  1,  18
737401,20181208,    15,  0,  17,   141,  0,  10
737401,20181208,    61,  1,  34,   224, -1,  29
737401,20181208,   182, -1,  27,   102,  1,  17
737401,20181208,   139,  1,  35,    43, -1,   0
737407,20181214,   139,  1,  44,   182, -1,  21
737408,20181215,   220,  0,  41,   109,  0,  24
737408,20181215,   232,  0,  52,   155,  0,  13
737408,20181215,    71,  0,  31,    11,  0,  20
737408,20181215,    73,  0,  23,    60,  0,  21
737408,20181215,     9,  0,  45,   136,  0,  13
737408,20181215,   142,  0,  24,     8,  0,  22
737408,20181215,    61,  1,  50,   113, -1,  19
737411,20181218,   223,  0,  37,   140,  0,  13
737412,20181219,   161,  0,  27,   188,  0,   0
737413,20181220,   115, -1,  38,   198,  1,  20
737414,20181221,    68,  0,  35,   217,  0,  32
737414,20181221,    29,  0,  49,   242,  0,  18
737415,20181222,   244,  0,  37,   119,  0,  34
737415,20181222,    15,  0,  70,    84,  0,  14
737415,20181222,   219,  0,  42,    27,  0,  32
737415,20181222,   110, -1,  31,    82,  1,  14
737419,20181226,   125,  0,  34,    78,  0,  10
737419,20181226,   207,  0,  10,    32,  0,   7
737420,20181227,    56,  0,  56,   208,  0,  27
737420,20181227,   250,  0,  35,   121,  0,   3
737420,20181227,    19,  0,  45,   235,  0,  38
737421,20181228,    16,  0,  63,   175,  0,  14
737421,20181228,   206,  0,  34,   248,  0,  18
737421,20181228,   246,  0,  28,    95,  0,  26
737422,20181229,   237,  0,  28,   196,  0,   0
737422,20181229,    66,  0,  41,   123,  0,  15
737422,20181229,   146,  0,  16,    14,  0,  13
737422,20181229,    41,  0,  30,   160,  0,   3
737422,20181229,     4,  0,  45,   163,  0,  34
737424,20181231,    39,  0,  35,   238,  0,  31
737424,20181231,   203,  0,  14,   170,  0,  13
737424,20181231,   166,  0,   7,   124,  0,   6
737424,20181231,   164,  0,  38,   128,  0,  33
737424,20181231,   158,  0,  31,   231,  0,  20
737424,20181231,   213,  0,  52,   144,  0,  13
737425,20190101,    94,  0,  27,   127,  0,  22
737425,20190101,   112,  0,  40,   225,  0,  32
737425,20190101,   104,  0,  27,   169,  0,  24
737425,20190101,   162,  0,  28,   245,  0,  23
737425,20190101,   212,  0,  28,    76,  0,  21
737429,20190105,   139,  0,  38,    61,  0,  24
737431,20190107,    41,  0,  44,     4,  0,  16
