737056,20171228,     5,  1,  86,     3, -1,  68
737056,20171228,     6,  1,  85,     4, -1,  62
737056,20171228,     7,  1,  77,     1, -1,  74
737056,20171228,     8,  1,  87,     9, -1,  46
737056,20171228,    11,  1,  73,    12, -1,  62
737056,20171228,     2,  1,  81,    13, -1,  69
737058,20171230,     1,  1,  75,    10, -1,  72
737058,20171230,     7, -1,  64,     3,  1,  57
737058,20171230,     6,  1,  72,     9, -1,  63
737058,20171230,     8,  1,  77,     4, -1,  60
737058,20171230,     5, -1,  77,    13,  1,  72
737059,20171231,    11, -1,  73,     2,  1,  69
737062,20180103,     1,  1,  79,     6, -1,  74
737062,20180103,     7,  1,  72,     5, -1,  62
737062,20180103,    12,  1,  81,     8, -1,  64
737062,20180103,    13,  1,  67,     9, -1,  65
737062,20180103,    10,  1,  82,     2, -1,  76
737065,20180106,    11, -1,  72,     1,  1,  70
737065,20180106,     8, -1,  72,     3,  1,  71
737065,20180106,     7, -1,  82,     6,  1,  75
737065,20180106,    12, -1,  64,     9,  1,  56
737065,20180106,     2, -1, 100,     5,  1,  91
737065,20180106,    10, -1,  85,     4,  1,  74
737069,20180110,     1, -1,  82,     3,  1,  74
737069,20180110,    11, -1,  63,     5,  1,  58
737069,20180110,     8,  1,  85,     6, -1,  80
737069,20180110,    12,  1,  78,     7, -1,  68
737069,20180110,    10, -1,  82,    13,  1,  50
737069,20180110,     2,  1,  92,     4, -1,  76
737072,20180113,     7,  1,  61,    13, -1,  55
737072,20180113,     8,  1,  86,     2, -1,  79
737072,20180113,     1, -1,  69,     9,  1,  58
737072,20180113,    10,  1,  81,     3, -1,  68
737072,20180113,     6, -1,  71,    11,  1,  62
737072,20180113,    12,  1,  83,     4, -1,  63
737075,20180116,     8,  1,  91,    13, -1,  61
737076,20180117,    12, -1,  76,     1,  1,  66
737076,20180117,     2, -1,  81,     7,  1,  57
737076,20180117,    10,  1,  75,     9, -1,  52
737076,20180117,    11,  1,  85,     3, -1,  69
737076,20180117,     5, -1,  90,     4,  1,  69
737079,20180120,     6, -1,  86,     3,  1,  81
737079,20180120,     5,  1,  84,    10, -1,  77
737079,20180120,     7,  1,  74,     4, -1,  70
737079,20180120,    11,  1,  85,     9, -1,  58
737079,20180120,     1, -1,  80,     2,  1,  63
737083,20180124,     3,  1, 102,     4, -1,  86
737083,20180124,     8, -1,  79,     5,  1,  74
737083,20180124,     7, -1,  73,     9,  1,  67
737083,20180124,    10,  1,  75,    11, -1,  65
737083,20180124,    13,  1,  80,     1, -1,  66
737083,20180124,     2,  1, 100,    12, -1,  92
737086,20180127,     5,  1,  86,     6, -1,  80
737086,20180127,    11, -1,  67,     8,  1,  63
737086,20180127,     2, -1,  95,     9,  1,  78
737086,20180127,    12,  1,  82,    10, -1,  66
737086,20180127,    13,  1,  79,     3, -1,  69
737086,20180127,     7, -1,  68,     4,  1,  58
737089,20180130,    10, -1,  67,     6,  1,  57
737090,20180131,     1,  1,  74,     5, -1,  69
737090,20180131,     7,  1,  82,     9, -1,  64
737090,20180131,    13, -1,  67,    11,  1,  54
737090,20180131,    12,  1, 102,     3, -1,  82
737093,20180203,     5,  1,  76,    12, -1,  54
737093,20180203,     8, -1,  81,     7,  1,  64
737093,20180203,     6, -1,  75,     9,  1,  62
737093,20180203,    10,  1,  84,     1, -1,  77
737093,20180203,    11,  1,  89,     2, -1,  84
737093,20180203,    13, -1,  56,     4,  1,  51
737097,20180207,     8, -1,  69,     1,  1,  65
737097,20180207,     2, -1, 100,     3,  1,  80
737097,20180207,     5, -1,  79,     9,  1,  75
737097,20180207,    10,  1,  66,    13, -1,  64
737097,20180207,    11, -1,  86,     4,  1,  68
737098,20180208,    12, -1,  99,     6,  1,  95
737100,20180210,     1,  1,  80,     4, -1,  69
737100,20180210,    11, -1,  74,     6,  1,  67
737100,20180210,     8,  1,  94,     3, -1,  67
737100,20180210,    10,  1,  71,     5, -1,  69
737100,20180210,    12,  1,  97,     9, -1,  50
737100,20180210,     7, -1,  62,    13,  1,  53
737104,20180214,     5,  1,  85,     4, -1,  62
737104,20180214,     8,  1,  73,    10, -1,  72
737104,20180214,     3, -1,  77,     9,  1,  70
737104,20180214,    11,  1,  71,     7, -1,  64
737104,20180214,    12, -1,  87,    13,  1,  68
737104,20180214,     6, -1,  76,     2,  1,  72
737107,20180217,    10, -1,  86,     3,  1,  78
737107,20180217,     5,  1,  79,    13, -1,  76
737107,20180217,     7,  1,  90,     6, -1,  74
737107,20180217,    11,  1,  68,     1, -1,  54
737107,20180217,     8, -1,  87,     2,  1,  83
737107,20180217,    12, -1,  81,     4,  1,  70
737111,20180221,     5, -1,  87,     3,  1,  73
737111,20180221,     8, -1,  96,     6,  1,  79
737111,20180221,    10,  1,  57,     7, -1,  54
737111,20180221,    12,  1,  97,     2, -1,  62
737111,20180221,     9, -1,  66,     4,  1,  54
737112,20180222,    13, -1,  76,     1,  1,  67
737114,20180224,     2, -1,  74,     1,  1,  72
737114,20180224,     6,  1,  88,     3, -1,  79
737114,20180224,     8,  1,  78,     7, -1,  64
737114,20180224,    11, -1,  86,     9,  1,  62
737114,20180224,     5, -1,  71,    12,  1,  66
737114,20180224,     4, -1,  69,    13,  1,  62
737118,20180228,    11, -1,  68,     7,  1,  64
737118,20180228,     8, -1,  73,     9,  1,  70
737118,20180228,    12,  1,  76,     1, -1,  56
737118,20180228,    13,  1,  82,     6, -1,  70
737118,20180228,     2,  1,  88,    10, -1,  70
737118,20180228,     4,  1,  83,     3, -1,  71
737121,20180303,    13, -1,  92,     3,  1,  87
737121,20180303,     6,  1,  69,     5, -1,  60
737121,20180303,    12, -1,  65,    10,  1,  53
737121,20180303,    11,  1,  69,     8, -1,  57
737121,20180303,     2,  1,  61,     9, -1,  58
737121,20180303,     1, -1,  69,     4,  1,  59
737125,20180307,     7,  0,  83,    13,  0,  76
737125,20180307,     2,  0,  67,     5,  0,  57
737126,20180308,    10,  0,  85,     7,  0,  63
737126,20180308,    12,  0,  86,     2,  0,  64
737127,20180309,    11,  0,  89,    10,  0,  79
737127,20180309,    12,  0,  78,     8,  0,  66
737128,20180310,    12,  0,  59,    11,  0,  55
